53 0.53125 0.7421875 0.1484375 0.084375
54 0.24296875 0.590625 0.06015625 0.03828125
53 0.81796875 0.2328125 0.1484375 0.084375
44 0.4703125 0.6671875 0.06015625 0.0625
54 0.4703125 0.10234375 0.06015625 0.03515625
53 0.2125 0.65234375 0.2015625 0.09765625
53 0.87890625 0.428125 0.20390625 0.09296875
53 0.4765625 0.16640625 0.1484375 0.0875
51 0.54765625 0.26953125 0.0296875 0.0328125
54 0.84921875 0.36640625 0.06015625 0.03671875
54 0.53359375 0.10390625 0.05859375 0.03828125
53 0.81953125 0.653125 0.14375 0.084375
54 0.15625 0.36640625 0.06015625 0.03671875
54 0.76015625 0.590625 0.0609375 0.03828125
54 0.76015625 0.1703125 0.05859375 0.03828125
54 0.09140625 0.36640625 0.05859375 0.03671875
54 0.9125 0.36640625 0.05859375 0.03671875
54 0.825 0.1703125 0.06015625 0.03828125
54 0.825 0.58984375 0.06015625 0.03671875
54 0.17890625 0.58984375 0.06015625 0.03671875
53 0.115625 0.42890625 0.18515625 0.0890625
5 0.53359375 0.665625 0.05859375 0.059375