53 0.875 0.42734375 0.2015625 0.09453125
2 0.53203125 0.6625 0.06015625 0.059375
53 0.2109375 0.23515625 0.2015625 0.09453125
54 0.82109375 0.58828125 0.0578125 0.03671875
53 0.0984375 0.428125 0.15 0.084375
53 0.8125 0.2328125 0.15 0.084375
54 0.75703125 0.5890625 0.06015625 0.03828125
54 0.17890625 0.5875 0.06015625 0.03515625
53 0.52890625 0.73828125 0.14609375 0.0859375
54 0.24296875 0.58828125 0.05859375 0.03671875
53 0.18828125 0.65078125 0.1515625 0.0859375
51 0.68203125 0.58828125 0.028125 0.034375
53 0.5 0.1671875 0.19921875 0.09453125
53 0.81171875 0.65 0.1515625 0.0875
5 0.4671875 0.66328125 0.0578125 0.0609375
52 0.7875 0.7046875 0.13828125 0.01015625