54 0.81875 0.58984375 0.06015625 0.03671875
54 0.17421875 0.17109375 0.06015625 0.03671875
53 0.8140625 0.2328125 0.146875 0.084375
54 0.23828125 0.171875 0.05859375 0.03828125
53 0.525 0.74140625 0.1484375 0.0859375
51 0.5421875 0.2703125 0.0296875 0.034375
54 0.465625 0.103125 0.05859375 0.03671875
53 0.090625 0.42890625 0.1453125 0.0859375
54 0.84453125 0.3671875 0.0609375 0.03828125
54 0.75546875 0.590625 0.06015625 0.03828125
53 0.1796875 0.234375 0.14921875 0.084375
54 0.52890625 0.1046875 0.0578125 0.04140625
54 0.9078125 0.36640625 0.05859375 0.03671875
54 0.08515625 0.36640625 0.05859375 0.03671875
54 0.23828125 0.590625 0.05859375 0.03828125
54 0.81875 0.16953125 0.06015625 0.03671875
53 0.46953125 0.16640625 0.1453125 0.0875
54 0.75546875 0.17109375 0.06015625 0.03984375
54 0.15 0.36640625 0.0578125 0.03671875
54 0.17421875 0.58984375 0.0578125 0.03671875
53 0.2078125 0.65234375 0.20234375 0.09765625
53 0.8109375 0.653125 0.1515625 0.0875
53 0.9015625 0.42890625 0.146875 0.0859375
29 0.465625 0.66796875 0.0609375 0.0609375
52 0.7765625 0.70703125 0.11484375 0.01171875
21 0.52890625 0.66640625 0.0578125 0.0578125