53 0.11484375 0.4328125 0.20390625 0.09296875
23 0.46328125 0.67265625 0.0609375 0.06328125
53 0.525 0.746875 0.1484375 0.0859375
54 0.234375 0.1734375 0.05859375 0.03828125
51 0.75078125 0.33046875 0.028125 0.034375
53 0.8140625 0.23515625 0.14921875 0.0859375
53 0.175 0.65703125 0.15 0.0859375
53 0.9046875 0.4328125 0.15 0.084375
54 0.46328125 0.103125 0.05859375 0.03671875
53 0.81484375 0.6578125 0.1484375 0.0875
53 0.178125 0.23671875 0.15234375 0.0859375
54 0.16953125 0.17265625 0.06015625 0.03671875
53 0.471875 0.16640625 0.1515625 0.0875
54 0.234375 0.59296875 0.0609375 0.03828125
54 0.75625 0.59296875 0.0609375 0.03828125
54 0.0796875 0.36796875 0.0609375 0.03515625
52 0.20078125 0.71484375 0.13359375 0.01484375
54 0.16875 0.5921875 0.06015625 0.03671875
54 0.75703125 0.171875 0.06015625 0.03828125
54 0.528125 0.10390625 0.06015625 0.03828125
54 0.81953125 0.17109375 0.06015625 0.03671875
54 0.8453125 0.36796875 0.06015625 0.03828125
54 0.909375 0.36796875 0.0609375 0.03828125
54 0.14453125 0.36875 0.06015625 0.03671875
54 0.82109375 0.5921875 0.06015625 0.03671875
20 0.528125 0.67265625 0.06015625 0.0609375