53 0.521875 0.74140625 0.14609375 0.0859375
54 0.23515625 0.171875 0.05859375 0.03828125
53 0.2046875 0.65234375 0.20390625 0.09765625
54 0.171875 0.17109375 0.06015625 0.03671875
53 0.17734375 0.23515625 0.14609375 0.0859375
51 0.53828125 0.2703125 0.028125 0.034375
53 0.4671875 0.165625 0.14375 0.0859375
53 0.8953125 0.42890625 0.1546875 0.0859375
53 0.81171875 0.65390625 0.1484375 0.0859375
53 0.09140625 0.42890625 0.1515625 0.0859375
43 0.36015625 0.409375 0.0609375 0.1171875
53 0.78515625 0.23125 0.20234375 0.09296875
52 0.203125 0.290625 0.13515625 0.01328125
26 0.49453125 0.409375 0.06015625 0.11796875
29 0.5265625 0.66484375 0.06015625 0.0578125
40 0.46328125 0.6671875 0.0609375 0.06328125
21 0.428125 0.41171875 0.0609375 0.1171875