51 0.74140625 0.590625 0.0296875 0.03515625
53 0.014705882812500001 0.5902366859375 0.0220588234375 0.6050295859375 0.0315126046875 0.6124260359375 0.1586134453125 0.6124260359375 0.1470588234375 0.57988165625 0.152310925 0.547337278125 0.16071428593749998 0.532544378125 0.157563025 0.5281065093749999 0.0378151265625 0.5281065093749999 0.0220588234375 0.5384615390625 0.013655462500000002 0.5562130171875 0.014705882812500001 0.5902366859375
53 0.0451680671875 0.25147929062499996 0.0472689078125 0.2855029578125 0.06722689062500001 0.3076923078125 0.10924369687499999 0.3136094671875 0.1953781515625 0.3106508875 0.186974790625 0.2855029578125 0.1890756296875 0.2647929 0.1859243703125 0.25147929062499996 0.1859243703125 0.236686390625 0.19432773125 0.22337278125 0.06932773125 0.221893490625 0.0567226890625 0.22928994062500002 0.0451680671875 0.25147929062499996
53 0.40126050468749996 0.195266271875 0.41701680625000004 0.2115384609375 0.544117646875 0.210059171875 0.534663865625 0.1937869828125 0.532563025 0.168639053125 0.5462184875 0.12573964531249998 0.4201680671875 0.12573964531249998 0.4086134453125 0.13313609531249998 0.3970588234375 0.153846153125 0.396008403125 0.1775147921875 0.40126050468749996 0.195266271875
53 0.777310925 0.21597633125 0.777310925 0.23076923124999998 0.7468487390625 0.255917159375 0.7468487390625 0.2736686390625 0.7531512609375 0.2928994078125 0.75945378125 0.30325443750000003 0.775210084375 0.312130178125 0.9285714281249999 0.3076923078125 0.9443277312499999 0.2943786984375 0.9527310921875 0.270710059375 0.9464285718750001 0.236686390625 0.932773109375 0.22337278125 0.9107142859374999 0.2204142015625 0.8161764703125 0.221893490625 0.777310925 0.21597633125
53 0.83823529375 0.5281065093749999 0.8487394953124999 0.5532544374999999 0.8529411765624999 0.57988165625 0.842436975 0.6124260359375 0.9527310921875 0.615384615625 0.9737394953124999 0.6065088750000001 0.9852941171875 0.5754437875 0.984243696875 0.5576923078125 0.9768907562500001 0.539940828125 0.9611344531249999 0.5281065093749999 0.9243697484375 0.5266272187500001 0.83823529375 0.5281065093749999
53 0.455882353125 0.7130177515625 0.4663865546875 0.7470414203125 0.45693277343750005 0.7855029578125 0.4621848734375 0.7943786984375001 0.5724789921875 0.7943786984375001 0.5871848734375 0.7869822484375 0.6029411765625 0.7647929 0.6008403359375001 0.73816568125 0.58823529375 0.71597633125 0.5787815125 0.710059171875 0.5220588234375 0.7056213015624999 0.46323529375000005 0.7071005921875 0.455882353125 0.7130177515625
54 0.08508403437499999 0.1819526625 0.0840336140625 0.2189349109375 0.1449579828125 0.21597633125 0.1428571421875 0.1819526625 0.08508403437499999 0.1819526625
54 0.0525210078125 0.4896449703125 0.0525210078125 0.5251479296875 0.1123949578125 0.5251479296875 0.1102941171875 0.48816568125000004 0.0525210078125 0.4896449703125
54 0.164915965625 0.5266272187500001 0.178571428125 0.5177514796875 0.1743697484375 0.48816568125000004 0.117647059375 0.4896449703125 0.117647059375 0.5251479296875 0.164915965625 0.5266272187500001
54 0.1890756296875 0.2204142015625 0.21008403437499998 0.21301775156249997 0.2069327734375 0.1819526625 0.150210084375 0.1819526625 0.150210084375 0.2189349109375 0.1890756296875 0.2204142015625
54 0.43907562968749997 0.0857988171875 0.43592437031250003 0.0902366859375 0.436974790625 0.12278106562499999 0.49684873906250004 0.12278106562499999 0.497899159375 0.0917159765625 0.4936974796875 0.0857988171875 0.43907562968749997 0.0857988171875
54 0.5462184875 0.12573964531249998 0.5609243703125 0.1168639046875 0.5588235296875 0.0857988171875 0.5010504203124999 0.08727810625 0.5010504203124999 0.12278106562499999 0.5462184875 0.12573964531249998
54 0.8203781515624999 0.4896449703125 0.8193277312499999 0.51923076875 0.8235294124999999 0.5221893484375 0.8371848734375 0.5281065093749999 0.8802521015625 0.5251479296875 0.8781512609375 0.48816568125000004 0.8203781515624999 0.4896449703125
54 0.8855042015624999 0.4911242609375 0.886554621875 0.5251479296875 0.9401260499999999 0.5266272187500001 0.9464285718750001 0.5221893484375 0.9453781515624999 0.4911242609375 0.942226890625 0.48816568125000004 0.8855042015624999 0.4911242609375
3 0.3886554625 0.47633136093750006 0.3918067234375 0.471893490625 0.39390756250000003 0.411242603125 0.3918067234375 0.35946745625 0.3813025203125 0.3550295859375 0.3340336140625 0.3550295859375 0.3319327734375 0.35946745625 0.3319327734375 0.471893490625 0.3413865546875 0.47781065156249997 0.3886554625 0.47633136093750006
44 0.460084034375 0.4704142015625 0.46323529375000005 0.40532544374999996 0.45798319374999996 0.357988165625 0.4044117640625 0.3550295859375 0.400210084375 0.3624260359375 0.400210084375 0.471893490625 0.42436974843749997 0.47781065156249997 0.46323529375000005 0.47337278125 0.460084034375 0.4704142015625
41 0.5 0.471893490625 0.5262605046875 0.4748520703125 0.527310925 0.35946745625 0.5199579828124999 0.3550295859375 0.472689075 0.3550295859375 0.4684873953125 0.36094674531250004 0.4684873953125 0.46005917187499995 0.474789915625 0.48668639062499996 0.5 0.471893490625