51 0.209375 0.37265625 0.028125 0.03515625
52 0.86875 0.49296875 0.11484375 0.01328125
0 0.53046875 0.6765625 0.06015625 0.0625
52 0.87421875 0.49375 0.12265625 0.01796875
54 0.140756303125 0.5828402359375 0.140756303125 0.615384615625 0.19957983125 0.615384615625 0.20063025156249997 0.5843195265625 0.1974789921875 0.57988165625 0.1439075625 0.5784023671875 0.140756303125 0.5828402359375
54 0.2531512609375 0.6168639046875 0.2647058828125 0.6109467453125 0.2626050421875 0.57988165625 0.20588235312499997 0.57988165625 0.20483193281249998 0.615384615625 0.2531512609375 0.6168639046875
54 0.7373949578125 0.615384615625 0.789915965625 0.613905325 0.788865546875 0.57988165625 0.7310924375 0.5813609468750001 0.7300420171875001 0.60946745625 0.7373949578125 0.615384615625
54 0.8550420171875001 0.615384615625 0.8550420171875001 0.5828402359375 0.8518907562500001 0.5784023671875 0.7972689078124999 0.57988165625 0.7962184875 0.615384615625 0.8550420171875001 0.615384615625
54 0.8771008406249999 0.3535502953125 0.8214285718750001 0.3535502953125 0.8182773109375001 0.35946745625 0.8182773109375001 0.384615384375 0.8340336140625 0.393491125 0.8802521015625 0.38905325468749996 0.8802521015625 0.356508875 0.8771008406249999 0.3535502953125
54 0.9443277312499999 0.38905325468749996 0.9443277312499999 0.357988165625 0.9411764703125 0.3535502953125 0.8855042015624999 0.3550295859375 0.8876050421875 0.39053254375 0.9443277312499999 0.38905325468749996
54 0.43592437031250003 0.088757396875 0.43592437031250003 0.12278106562499999 0.49579831875 0.12278106562499999 0.4936974796875 0.08727810625 0.43592437031250003 0.088757396875
54 0.5010504203124999 0.08727810625 0.5 0.12278106562499999 0.5472689078124999 0.1242603546875 0.5609243703125 0.11538461562499999 0.55987395 0.0902366859375 0.55567226875 0.0857988171875 0.5010504203124999 0.08727810625
54 0.140756303125 0.156804734375 0.140756303125 0.1923076921875 0.20063025156249997 0.190828403125 0.1985294125 0.15532544375 0.140756303125 0.156804734375
54 0.20798319375 0.153846153125 0.20483193281249998 0.1582840234375 0.20798319375 0.1923076921875 0.252100840625 0.1937869828125 0.2647058828125 0.1863905328125 0.261554621875 0.153846153125 0.20798319375 0.153846153125
54 0.0525210078125 0.356508875 0.0525210078125 0.39053254375 0.1113445375 0.38905325468749996 0.1081932765625 0.3535502953125 0.0525210078125 0.356508875
53 0.1953781515625 0.4349112421875 0.21638655468749998 0.44230769218750005 0.21323529375 0.411242603125 0.196428571875 0.392011834375 0.18487395 0.38905325468749996 0.196428571875 0.399408284375 0.20483193281249998 0.41715976406250005 0.192226890625 0.4275147921875 0.1953781515625 0.4349112421875
53 0.011554621875 0.42159763281249996 0.0105042015625 0.44378698281249995 0.015756303125000003 0.4615384609375 0.034663865625 0.479289940625 0.13970588281250002 0.479289940625 0.1449579828125 0.47781065156249997 0.152310925 0.4615384609375 0.14600840312500002 0.44378698281249995 0.1491596640625 0.41420118281249996 0.1701680671875 0.3964497046875 0.04201680625 0.392011834375 0.02310924375 0.399408284375 0.011554621875 0.42159763281249996
54 0.157563025 0.393491125 0.17542016875 0.384615384375 0.173319328125 0.3550295859375 0.1165966390625 0.3550295859375 0.1186974796875 0.39053254375 0.157563025 0.393491125
53 0.30357142812500004 0.6819526625 0.3067226890625 0.656804734375 0.2962184875 0.6257396453124999 0.2815126046875 0.615384615625 0.271008403125 0.615384615625 0.2678571421875 0.6316568046875 0.257352940625 0.636094675 0.2563025203125 0.6849112421875 0.30042016875 0.6863905328125 0.30357142812500004 0.6819526625
53 0.247899159375 0.6183431953125 0.132352940625 0.6168639046875 0.1123949578125 0.6257396453124999 0.10189075624999999 0.64792899375 0.1008403359375 0.67011834375 0.10504201718749999 0.6849112421875 0.1239495796875 0.7041420125 0.234243696875 0.7071005921875 0.2510504203125 0.6849112421875 0.247899159375 0.6745562125 0.238445378125 0.6671597640625 0.2415966390625 0.6375739640625 0.2447478984375 0.6316568046875 0.2563025203125 0.6301775140625 0.2563025203125 0.6242603546875001 0.247899159375 0.6183431953125
53 0.45903361406250004 0.7781065093749999 0.46323529375000005 0.7958579875 0.5714285718750001 0.7958579875 0.5913865546875 0.782544378125 0.6008403359375001 0.763313609375 0.60189075625 0.74260355 0.5871848734375 0.71597633125 0.5766806718749999 0.710059171875 0.4548319328125 0.7115384609375 0.46533613437500004 0.7470414203125 0.45903361406250004 0.7781065093749999
53 0.8823529406249999 0.6257396453124999 0.87079831875 0.6183431953125 0.7510504203124999 0.6183431953125 0.7426470593750001 0.622781065625 0.7489495796875001 0.627218934375 0.7510504203124999 0.6434911249999999 0.7563025203125 0.6464497046875 0.7573529406249999 0.67011834375 0.752100840625 0.6849112421875 0.7584033609375 0.7056213015624999 0.8676470593750001 0.7056213015624999 0.8802521015625 0.6982248515625 0.8928571421875 0.6760355031249999 0.890756303125 0.64053254375 0.8823529406249999 0.6257396453124999
53 0.8487394953124999 0.44230769218750005 0.842436975 0.4615384609375 0.8466386546875 0.47781065156249997 0.9611344531249999 0.479289940625 0.9768907562500001 0.46597633125 0.984243696875 0.445266271875 0.978991596875 0.4097633140625 0.95798319375 0.392011834375 0.840336134375 0.3949704140625 0.8487394953124999 0.42455621250000003 0.8487394953124999 0.44230769218750005
53 0.87079831875 0.1937869828125 0.7510504203124999 0.1923076921875 0.7436974796875 0.195266271875 0.7510504203124999 0.2189349109375 0.7563025203125 0.22337278125 0.7573529406249999 0.23816568125 0.7436974796875 0.2603550296875 0.752100840625 0.26183431874999996 0.7584033609375 0.2795857984375 0.8697478984375 0.27810650937500003 0.8823529406249999 0.26923076875 0.8928571421875 0.24704142031249998 0.890756303125 0.21597633125 0.87079831875 0.1937869828125
53 0.400210084375 0.1937869828125 0.413865546875 0.20857988125000002 0.5052521015625 0.21301775156249997 0.5336134453125 0.1982248515625 0.5304621843749999 0.1656804734375 0.5462184875 0.128698225 0.4212184875 0.12573964531249998 0.4086134453125 0.13313609531249998 0.396008403125 0.1597633140625 0.3949579828125 0.176035503125 0.400210084375 0.1937869828125
53 0.2531512609375 0.2751479296875 0.25 0.195266271875 0.127100840625 0.1937869828125 0.113445378125 0.20118343125 0.10189075624999999 0.2248520703125 0.1008403359375 0.2396449703125 0.1060924375 0.26183431874999996 0.1218487390625 0.2795857984375 0.2531512609375 0.2751479296875
18 0.49474789843750006 0.64792899375 0.4453781515625 0.6434911249999999 0.43487394999999995 0.6508875734374999 0.43382352968750004 0.6923076921875 0.44012605000000005 0.702662721875 0.44957983125 0.70857988125 0.49684873906250004 0.7056213015624999 0.49474789843750006 0.64792899375