53 0.5296875 0.753125 0.14609375 0.0859375
54 0.85 0.50703125 0.06171875 0.03828125
53 0.08828125 0.57109375 0.1515625 0.0859375
54 0.53046875 0.10546875 0.0609375 0.03984375
54 0.0828125 0.50703125 0.06015625 0.03671875
53 0.1234375 0.26328125 0.15625 0.0859375
45 0.4671875 0.67578125 0.06328125 0.0625
54 0.11328125 0.2 0.0609375 0.03828125
54 0.915625 0.50703125 0.05859375 0.03515625
53 0.4703125 0.16875 0.14609375 0.0859375
54 0.17890625 0.20078125 0.06015625 0.03984375
53 0.9109375 0.571875 0.14921875 0.0875
54 0.146875 0.50703125 0.0578125 0.03828125
54 0.4671875 0.10390625 0.0609375 0.03671875
52 0.49921875 0.80703125 0.13984375 0.01328125
51 0.2171875 0.36328125 0.0296875 0.034375
20 0.53046875 0.6765625 0.05859375 0.0609375