16 0.53046875 0.67578125 0.0609375 0.059375
53 0.5296875 0.75234375 0.14609375 0.0875
53 0.115625 0.57109375 0.20625 0.09765625
51 0.7921875 0.3546875 0.0296875 0.03515625
53 0.4703125 0.16953125 0.14609375 0.0875
54 0.53046875 0.10546875 0.0609375 0.03984375
53 0.91015625 0.571875 0.15 0.0875
22 0.4671875 0.67578125 0.0609375 0.0625
54 0.4671875 0.10390625 0.0609375 0.03671875
53 0.12734375 0.2625 0.16484375 0.0875
53 0.8703125 0.2640625 0.16484375 0.0875
52 0.49921875 0.80703125 0.13984375 0.01328125
53 0.76015625 0.28046875 0.02421875 0.0609375