51 0.4078125 0.63359375 0.028125 0.034375
54 0.24296875 0.58984375 0.06015625 0.03671875
54 0.4703125 0.103125 0.05859375 0.03671875
53 0.53125 0.74140625 0.14609375 0.0859375
53 0.81640625 0.2328125 0.15 0.0875
54 0.17890625 0.17109375 0.05859375 0.03671875
54 0.84921875 0.3671875 0.06015625 0.03828125
54 0.76015625 0.1703125 0.05859375 0.03828125
53 0.79375 0.42890625 0.03125 0.0765625
54 0.24375 0.171875 0.05859375 0.03828125
54 0.9125 0.36640625 0.05859375 0.03671875
54 0.15625 0.36640625 0.06015625 0.03671875
54 0.09140625 0.36640625 0.05859375 0.03671875
54 0.76015625 0.58984375 0.05859375 0.03671875
54 0.82421875 0.16953125 0.0578125 0.03671875
54 0.534375 0.10390625 0.05859375 0.03828125
54 0.825 0.58984375 0.06015625 0.03671875
53 0.47578125 0.16484375 0.14921875 0.0875
53 0.59375 0.17890625 0.02109375 0.04765625
53 0.81953125 0.6546875 0.146875 0.0875
54 0.17890625 0.58984375 0.05859375 0.03671875
53 0.1859375 0.65390625 0.14921875 0.0859375
53 0.0984375 0.4296875 0.1515625 0.084375
53 0.89375 0.42734375 0.17578125 0.09140625
3 0.53359375 0.665625 0.05859375 0.059375
53 0.18671875 0.234375 0.14921875 0.084375
6 0.4703125 0.66796875 0.05859375 0.06328125