51 0.30546875 0.603125 0.028125 0.034375
52 0.2015625 0.71484375 0.1375 0.01484375
24 0.528125 0.67265625 0.06015625 0.0625
28 0.56328125 0.4140625 0.06171875 0.11953125
41 0.42890625 0.41484375 0.06171875 0.12109375
53 0.4527310921875 0.79142011875 0.5724789921875 0.789940828125 0.585084034375 0.782544378125 0.597689075 0.75739645 0.597689075 0.7396449703125 0.592436975 0.7233727812499999 0.5756302515625 0.7056213015624999 0.451680671875 0.70857988125 0.4621848734375 0.736686390625 0.4621848734375 0.7544378703125 0.45063025156250003 0.7855029578125 0.4527310921875 0.79142011875
53 0.8644957984375001 0.70118343125 0.8844537812500001 0.683431953125 0.8897058828125 0.6642011828125 0.8886554625 0.6449704140625 0.8813025203124999 0.627218934375 0.8623949578125 0.615384615625 0.7668067234375 0.6168639046875 0.7121848734375 0.60946745625 0.6985294125 0.6183431953125 0.6859243703125 0.6434911249999999 0.68487395 0.66272189375 0.69012605 0.6849112421875 0.7090336140625 0.7056213015624999 0.8644957984375001 0.70118343125
53 0.9537815125 0.47633136093750006 0.969537815625 0.46597633125 0.9779411765624999 0.44822485156249997 0.9758403359375001 0.41272189375 0.9569327734374999 0.392011834375 0.83298319375 0.39053254375 0.844537815625 0.43343195312500005 0.8434873953125 0.44822485156249997 0.83298319375 0.47633136093750006 0.9537815125 0.47633136093750006
53 0.74054621875 0.27662721874999996 0.8665966390625 0.27662721874999996 0.8802521015625 0.2662721890625 0.8897058828125 0.2411242609375 0.8855042015624999 0.210059171875 0.8655462187499999 0.1923076921875 0.7489495796875001 0.1923076921875 0.7121848734375 0.1863905328125 0.6985294125 0.195266271875 0.686974790625 0.2189349109375 0.6890756296875 0.2588757390625 0.7037815125 0.2795857984375 0.7163865546875 0.28402366875 0.74054621875 0.27662721874999996
53 0.5714285718750001 0.21597633125 0.5945378156250001 0.1967455625 0.599789915625 0.1775147921875 0.60189075625 0.13313609531249998 0.5987394953125 0.12130177499999999 0.58823529375 0.1183431953125 0.57457983125 0.1242603546875 0.5682773109375 0.1183431953125 0.538865546875 0.1242603546875 0.4275210078125 0.1242603546875 0.40966386562499996 0.1301775140625 0.396008403125 0.1523668640625 0.396008403125 0.1819526625 0.400210084375 0.1937869828125 0.414915965625 0.20857988125000002 0.5714285718750001 0.21597633125
53 0.2373949578125 0.2795857984375 0.25 0.2751479296875 0.242647059375 0.2662721890625 0.2415966390625 0.24260354999999997 0.2363445375 0.236686390625 0.2373949578125 0.2189349109375 0.2510504203125 0.1997041421875 0.2489495796875 0.195266271875 0.1260504203125 0.1937869828125 0.1123949578125 0.20266272187499998 0.10294117656249999 0.2204142015625 0.1008403359375 0.236686390625 0.10504201718749999 0.2588757390625 0.122899159375 0.27810650937500003 0.2373949578125 0.2795857984375
53 0.2783613453125 0.2810650890625 0.288865546875 0.27810650937500003 0.2993697484375 0.2647929 0.298319328125 0.2529585796875 0.3067226890625 0.22781065156250002 0.28046218437500003 0.22928994062500002 0.282563025 0.2352071 0.2762605046875 0.25147929062499996 0.282563025 0.27662721874999996 0.2783613453125 0.2810650890625
53 0.0472689078125 0.47781065156249997 0.1890756296875 0.48076923125000004 0.21113445312499998 0.4630177515625 0.21743697499999998 0.437869821875 0.21008403437499998 0.40384615312500005 0.1974789921875 0.38905325468749996 0.188025209375 0.386094675 0.1712184875 0.386094675 0.16176470625 0.392011834375 0.034663865625 0.392011834375 0.0220588234375 0.4008875734375 0.014705882812500001 0.41568047343750003 0.012605042187500002 0.440828403125 0.0189075625 0.4615384609375 0.0294117640625 0.47337278125 0.0472689078125 0.47781065156249997
53 0.252100840625 0.7056213015624999 0.24054621874999998 0.6849112421875 0.2373949578125 0.6597633140625 0.2447478984375 0.6434911249999999 0.2436974796875 0.628698225 0.2510504203125 0.6257396453124999 0.25 0.6168639046875 0.1260504203125 0.615384615625 0.1102941171875 0.6257396453124999 0.10294117656249999 0.642011834375 0.10294117656249999 0.6745562125 0.1102941171875 0.690828403125 0.1239495796875 0.70118343125 0.252100840625 0.7056213015624999
54 0.2626050421875 0.153846153125 0.20588235312499997 0.153846153125 0.20588235312499997 0.190828403125 0.252100840625 0.1923076921875 0.265756303125 0.1849112421875 0.2626050421875 0.153846153125
54 0.1418067234375 0.153846153125 0.13970588281250002 0.190828403125 0.19957983125 0.1893491125 0.19957983125 0.153846153125 0.1418067234375 0.153846153125
54 0.0514705875 0.3535502953125 0.05042016875000001 0.3875739640625 0.1113445375 0.3875739640625 0.10924369687499999 0.35207100625 0.0514705875 0.3535502953125
54 0.1764705875 0.3801775140625 0.17542016875 0.3550295859375 0.1712184875 0.350591715625 0.1165966390625 0.35207100625 0.11554621875 0.3816568046875 0.1197478984375 0.38905325468749996 0.163865546875 0.38905325468749996 0.1764705875 0.3801775140625
54 0.1418067234375 0.5754437875 0.13970588281250002 0.6124260359375 0.19957983125 0.6124260359375 0.1985294125 0.5754437875 0.1418067234375 0.5754437875
54 0.2626050421875 0.5754437875 0.20588235312499997 0.5754437875 0.20588235312499997 0.6124260359375 0.25 0.613905325 0.265756303125 0.6065088750000001 0.2626050421875 0.5754437875
30 0.390756303125 0.3949704140625 0.3876050421875 0.3550295859375 0.3319327734375 0.3550295859375 0.3298319328125 0.4704142015625 0.386554621875 0.47337278125 0.3897058828125 0.46597633125 0.390756303125 0.3949704140625
47 0.5241596640624999 0.357988165625 0.469537815625 0.3535502953125 0.46533613437500004 0.35946745625 0.4663865546875 0.47337278125 0.5220588234375 0.471893490625 0.5283613453125 0.40828402343750003 0.5241596640624999 0.357988165625
36 0.49579831875 0.656804734375 0.4915966390625 0.6434911249999999 0.4485294125 0.6390532546875 0.43382352968750004 0.6464497046875 0.43382352968750004 0.6982248515625 0.451680671875 0.7056213015624999 0.4936974796875 0.70118343125 0.49579831875 0.656804734375