53 0.528125 0.753125 0.15 0.0859375
53 0.79140625 0.234375 0.2046875 0.09609375
54 0.23515625 0.17421875 0.0609375 0.04140625
54 0.23671875 0.59609375 0.0609375 0.03828125
53 0.1140625 0.43671875 0.2046875 0.09453125
54 0.1703125 0.5953125 0.06015625 0.03671875
54 0.1703125 0.1734375 0.06015625 0.03828125
54 0.915625 0.3703125 0.0609375 0.03671875
54 0.85 0.37109375 0.06015625 0.03828125
53 0.4734375 0.16875 0.15234375 0.0859375
54 0.1453125 0.37109375 0.06015625 0.03828125
53 0.9109375 0.4359375 0.146875 0.0875
54 0.0828125 0.3703125 0.06015625 0.03671875
49 0.53046875 0.675 0.0609375 0.0609375
53 0.79140625 0.66015625 0.2046875 0.09609375
53 0.17578125 0.23671875 0.1484375 0.0859375
53 0.2015625 0.65859375 0.19921875 0.09140625
52 0.11328125 0.49140625 0.14296875 0.01484375
53 0.590625 0.178125 0.025 0.06953125
37 0.4671875 0.675 0.0609375 0.0609375