36 0.4640625 0.6765625 0.0609375 0.06328125
14 0.52890625 0.67578125 0.06015625 0.0625
53 0.525 0.7546875 0.15 0.0859375
54 0.82265625 0.596875 0.06015625 0.03671875
54 0.1703125 0.596875 0.0578125 0.03671875
54 0.23515625 0.17578125 0.05859375 0.03828125
54 0.146875 0.37421875 0.06015625 0.03828125
54 0.5296875 0.1078125 0.06015625 0.03828125
54 0.75859375 0.17421875 0.05859375 0.03828125
54 0.75859375 0.5984375 0.0609375 0.03671875
54 0.9125 0.37265625 0.05859375 0.03515625
54 0.23515625 0.59765625 0.0609375 0.03828125
53 0.81640625 0.66171875 0.1484375 0.0875
53 0.90625 0.43671875 0.1515625 0.0890625
53 0.475 0.17265625 0.15625 0.0875
51 0.54140625 0.2765625 0.03046875 0.03515625
54 0.846875 0.3734375 0.06015625 0.03671875
54 0.1703125 0.175 0.06015625 0.03671875
53 0.81640625 0.23828125 0.1484375 0.0859375
54 0.82265625 0.17421875 0.06015625 0.03828125
54 0.4640625 0.10703125 0.0609375 0.03671875
54 0.08125 0.37265625 0.06015625 0.03515625
53 0.18125 0.6609375 0.15859375 0.0859375
53 0.08828125 0.43671875 0.1515625 0.0890625
53 0.17734375 0.23828125 0.15 0.0859375
52 0.77578125 0.7171875 0.10625 0.01171875