35 0.46875 0.66796875 0.06015625 0.0609375
54 0.24296875 0.590625 0.06015625 0.03828125
54 0.825 0.58984375 0.0578125 0.03671875
54 0.4703125 0.103125 0.05859375 0.03671875
53 0.81640625 0.2328125 0.15 0.0875
54 0.17890625 0.17109375 0.05859375 0.03671875
54 0.09140625 0.36640625 0.05859375 0.03671875
53 0.79296875 0.43046875 0.0296875 0.07421875
54 0.76015625 0.1703125 0.05859375 0.03828125
54 0.15625 0.36640625 0.06015625 0.03671875
53 0.18828125 0.23515625 0.153125 0.0859375
53 0.53046875 0.74140625 0.146875 0.0859375
54 0.76015625 0.590625 0.05859375 0.03828125
54 0.18046875 0.58984375 0.06015625 0.03671875
54 0.24375 0.171875 0.05859375 0.03828125
51 0.4078125 0.6328125 0.0296875 0.0328125
54 0.84921875 0.3671875 0.06015625 0.03828125
54 0.9125 0.36640625 0.05859375 0.03671875
54 0.53359375 0.10390625 0.05859375 0.03828125
53 0.47578125 0.165625 0.14921875 0.0890625
54 0.825 0.16953125 0.06015625 0.03671875
53 0.09609375 0.42890625 0.1484375 0.0859375
53 0.19140625 0.653125 0.159375 0.0875
53 0.59375 0.17890625 0.02109375 0.04765625
52 0.20546875 0.290625 0.125 0.01328125
53 0.81953125 0.65390625 0.146875 0.0859375
53 0.89375 0.42734375 0.1765625 0.09140625
53 0.296875 0.2328125 0.0328125 0.084375
5 0.53359375 0.66484375 0.05859375 0.0578125