51 0.21328125 0.37265625 0.0296875 0.03515625
15 0.365625 0.41875 0.0609375 0.12421875
53 0.20703125 0.66484375 0.2078125 0.09609375
53 0.0890625 0.4375 0.15234375 0.0875
53 0.88828125 0.4375 0.20625 0.09609375
29 0.50234375 0.41953125 0.06171875 0.12265625
53 0.53203125 0.7578125 0.15 0.0875
53 0.82109375 0.665625 0.15859375 0.0890625
54 0.4703125 0.10390625 0.06015625 0.03671875
48 0.53359375 0.67734375 0.0609375 0.0625
53 0.478125 0.16953125 0.1546875 0.0875
54 0.17421875 0.1734375 0.06015625 0.03671875
54 0.23984375 0.17578125 0.05859375 0.04140625
53 0.17890625 0.2390625 0.15234375 0.0875
54 0.534375 0.10390625 0.0609375 0.03671875
53 0.79765625 0.23671875 0.209375 0.09765625
10 0.4328125 0.4203125 0.0609375 0.12421875
44 0.46875 0.67890625 0.06171875 0.059375