51 0.79140625 0.35546875 0.0296875 0.03671875
28 0.43125 0.41796875 0.06328125 0.12109375
52 0.49921875 0.80859375 0.13984375 0.01171875
16 0.53125 0.6765625 0.06015625 0.0625
53 0.0220588234375 0.539940828125 0.013655462500000002 0.559171596875 0.0168067234375 0.59467455625 0.0357142859375 0.613905325 0.14810924375 0.613905325 0.188025209375 0.6198224859375 0.21008403437499998 0.6050295859375 0.2184873953125 0.5769230765625 0.21323529375 0.5443786984375001 0.20063025156249997 0.5281065093749999 0.186974790625 0.5221893484375 0.1659663859375 0.5281065093749999 0.039915965625 0.5281065093749999 0.0220588234375 0.539940828125
53 0.06932773125 0.3076923078125 0.1932773109375 0.3076923078125 0.1985294125 0.3062130171875 0.2069327734375 0.282544378125 0.201680671875 0.22337278125 0.188025209375 0.2204142015625 0.0682773109375 0.221893490625 0.0567226890625 0.22928994062500002 0.0451680671875 0.2529585796875 0.048319328125 0.28698224843750003 0.06932773125 0.3076923078125
53 0.41596638593749996 0.210059171875 0.5357142859375 0.2115384609375 0.5409663859375 0.2056213015625 0.534663865625 0.195266271875 0.5315126046875001 0.1642011828125 0.5472689078124999 0.1242603546875 0.42542016875 0.12573964531249998 0.41071428593750003 0.13165680468750002 0.39810924375 0.153846153125 0.400210084375 0.1893491125 0.41596638593749996 0.210059171875
53 0.77310924375 0.21597633125 0.7584033609375 0.2263313609375 0.75 0.24260354999999997 0.7468487390625 0.25147929062499996 0.747899159375 0.2795857984375 0.7605042015625 0.304733728125 0.7762605046875 0.3136094671875 0.8644957984375001 0.3062130171875 0.9275210078124999 0.3076923078125 0.9474789921875001 0.289940828125 0.9537815125 0.2662721890625 0.9464285718750001 0.236686390625 0.9285714281249999 0.221893490625 0.825930671875 0.221893490625 0.77310924375 0.21597633125
53 0.96323529375 0.5295857984375 0.8287815125 0.5295857984375 0.8277310921875 0.5369822484375 0.840336134375 0.54142011875 0.8476890750000001 0.559171596875 0.8466386546875 0.59467455625 0.840336134375 0.5976331359375 0.8340336140625 0.6124260359375 0.9621848734375 0.613905325 0.9758403359375001 0.6035502953125 0.984243696875 0.5857988171875 0.9852941171875 0.5636094671875 0.9810924375000001 0.547337278125 0.96323529375 0.5295857984375
53 0.7993697484375 0.5384615390625 0.79201680625 0.53402366875 0.7857142859375 0.54142011875 0.7804621843749999 0.5606508875 0.7836134453125 0.5976331359375 0.79201680625 0.6065088750000001 0.7909663859375 0.566568046875 0.7993697484375 0.5384615390625
53 0.4663865546875 0.744082840625 0.46533613437500004 0.7677514796875 0.4548319328125 0.7943786984375001 0.57457983125 0.7958579875 0.58823529375 0.7884615390625 0.6029411765625 0.7662721890624999 0.6029411765625 0.73816568125 0.592436975 0.7204142015625 0.5798319328125 0.710059171875 0.4758403359375 0.70857988125 0.4548319328125 0.7130177515625 0.4663865546875 0.744082840625
54 0.436974790625 0.088757396875 0.43592437031250003 0.12130177499999999 0.43907562968749997 0.1242603546875 0.497899159375 0.12278106562499999 0.497899159375 0.0902366859375 0.49474789843750006 0.0857988171875 0.436974790625 0.088757396875
54 0.5483193281250001 0.12573964531249998 0.5609243703125 0.1168639046875 0.55987395 0.0857988171875 0.5010504203124999 0.088757396875 0.5010504203124999 0.12278106562499999 0.5483193281250001 0.12573964531249998
34 0.3918067234375 0.36094674531250004 0.3876050421875 0.356508875 0.3340336140625 0.356508875 0.3319327734375 0.471893490625 0.336134453125 0.47633136093750006 0.3886554625 0.47633136093750006 0.3918067234375 0.4704142015625 0.3918067234375 0.36094674531250004
42 0.4684873953125 0.36094674531250004 0.4684873953125 0.471893490625 0.497899159375 0.4837278109375 0.527310925 0.4748520703125 0.5283613453125 0.35946745625 0.5063025203125 0.3535502953125 0.4684873953125 0.36094674531250004
47 0.497899159375 0.7056213015624999 0.49894957968750003 0.6597633140625 0.49474789843750006 0.6464497046875 0.44432773125 0.6449704140625 0.43592437031250003 0.653846153125 0.43487394999999995 0.6982248515625 0.438025209375 0.702662721875 0.4474789921875 0.7071005921875 0.497899159375 0.7056213015624999