35 0.4703125 0.6671875 0.05859375 0.0625
53 0.79140625 0.23203125 0.20234375 0.09453125
53 0.21328125 0.65234375 0.20390625 0.09765625
54 0.24375 0.590625 0.05859375 0.03828125
53 0.5296875 0.74140625 0.146875 0.0859375
53 0.47578125 0.165625 0.146875 0.0859375
51 0.4078125 0.6328125 0.028125 0.0328125
53 0.87890625 0.428125 0.20390625 0.09609375
54 0.09140625 0.36640625 0.05859375 0.03671875
53 0.8203125 0.653125 0.1453125 0.084375
54 0.15625 0.3671875 0.06015625 0.03828125
46 0.534375 0.66484375 0.05859375 0.0578125
54 0.76015625 0.590625 0.05859375 0.03828125
54 0.18046875 0.58984375 0.06015625 0.03671875
54 0.825 0.58984375 0.06015625 0.03671875
53 0.11953125 0.4296875 0.19296875 0.090625