53 0.11484375 0.434375 0.20390625 0.09296875
54 0.23515625 0.1734375 0.05859375 0.03984375
53 0.175 0.23671875 0.1484375 0.0859375
54 0.1703125 0.17265625 0.06015625 0.03671875
53 0.4703125 0.16796875 0.146875 0.084375
54 0.75703125 0.59453125 0.0609375 0.03828125
1 0.52890625 0.6734375 0.06171875 0.059375
53 0.52578125 0.74921875 0.1484375 0.0875
54 0.5296875 0.10546875 0.06015625 0.03984375
54 0.821875 0.59453125 0.06015625 0.03828125
54 0.23515625 0.59453125 0.05859375 0.03828125
51 0.4015625 0.6390625 0.02734375 0.03515625
54 0.821875 0.171875 0.06015625 0.03828125
54 0.75859375 0.171875 0.05859375 0.03828125
54 0.4640625 0.10390625 0.05859375 0.03671875
54 0.16953125 0.59375 0.06015625 0.03671875
54 0.1453125 0.36953125 0.06015625 0.03828125
54 0.08125 0.36875 0.06171875 0.03671875
52 0.2046875 0.29375 0.1375 0.01328125
53 0.8171875 0.659375 0.14921875 0.0875
53 0.81640625 0.23515625 0.1484375 0.0859375
53 0.1765625 0.6578125 0.1515625 0.0875
2 0.4640625 0.6734375 0.0609375 0.0609375