51 0.7921875 0.35390625 0.0296875 0.034375
53 0.8515625 0.2625 0.20703125 0.09609375
53 0.52890625 0.75078125 0.15 0.090625
53 0.11484375 0.57109375 0.20703125 0.09765625
54 0.85 0.50703125 0.06015625 0.03828125
53 0.91171875 0.571875 0.14921875 0.0875
13 0.4671875 0.67578125 0.06015625 0.0625
6 0.53046875 0.67578125 0.05859375 0.059375
53 0.4734375 0.16875 0.14921875 0.0859375
54 0.915625 0.50703125 0.05859375 0.03671875
53 0.1328125 0.26171875 0.1734375 0.0890625
52 0.48515625 0.80625 0.109375 0.01171875