43 0.4640625 0.6734375 0.06484375 0.0625
11 0.528125 0.67265625 0.06015625 0.0609375
53 0.7875 0.23515625 0.2015625 0.09765625
53 0.525 0.746875 0.1484375 0.0859375
53 0.11484375 0.4328125 0.20390625 0.09296875
54 0.528125 0.10390625 0.06015625 0.03828125
54 0.234375 0.17265625 0.05859375 0.03984375
53 0.90625 0.4328125 0.1484375 0.0875
53 0.17578125 0.65703125 0.1484375 0.0859375
53 0.81328125 0.65703125 0.1515625 0.0859375
52 0.87734375 0.48984375 0.13515625 0.01484375
54 0.16953125 0.171875 0.06015625 0.03828125
54 0.46328125 0.103125 0.05859375 0.03671875
54 0.75625 0.59375 0.0609375 0.03984375
53 0.175 0.2359375 0.1484375 0.084375
51 0.209375 0.36796875 0.028125 0.034375
54 0.909375 0.36875 0.05859375 0.03671875
54 0.82109375 0.5921875 0.06015625 0.03671875
54 0.8453125 0.3703125 0.06171875 0.04296875
54 0.1453125 0.36875 0.06015625 0.03671875
54 0.0796875 0.36796875 0.0609375 0.03515625
53 0.46875 0.16875 0.1453125 0.0859375
54 0.16953125 0.5921875 0.06015625 0.03671875
54 0.234375 0.59296875 0.05859375 0.03828125
53 0.29375 0.25 0.025 0.05