53 0.4765625 0.165625 0.1484375 0.0796875
51 0.4078125 0.63359375 0.028125 0.034375
53 0.53203125 0.74140625 0.14609375 0.0828125
53 0.90625 0.428125 0.15 0.0875
37 0.56953125 0.409375 0.0609375 0.11796875
53 0.81875 0.653125 0.1484375 0.0875
53 0.18515625 0.65234375 0.14609375 0.0828125
54 0.15625 0.36640625 0.06015625 0.03671875
54 0.09140625 0.36640625 0.05859375 0.03671875
53 0.81328125 0.23203125 0.159375 0.0890625
11 0.36875 0.409375 0.0609375 0.11953125
53 0.1078125 0.42734375 0.16875 0.0890625
6 0.5015625 0.4109375 0.06015625 0.12421875
15 0.43515625 0.41015625 0.05859375 0.12265625