53 0.5234375 0.74765625 0.1484375 0.084375
53 0.7875 0.234375 0.20390625 0.09609375
53 0.9046875 0.43203125 0.146875 0.0859375
23 0.359375 0.41171875 0.05859375 0.11953125
53 0.49609375 0.165625 0.2046875 0.09453125
53 0.81328125 0.65703125 0.1515625 0.0859375
54 0.234375 0.1734375 0.05859375 0.03828125
53 0.178125 0.65703125 0.15234375 0.0859375
53 0.17734375 0.2359375 0.15 0.084375
42 0.4953125 0.4125 0.0640625 0.12109375
51 0.40078125 0.63671875 0.028125 0.034375
54 0.75703125 0.59375 0.06015625 0.03984375
36 0.528125 0.67265625 0.06015625 0.0609375
54 0.16953125 0.17265625 0.06015625 0.03671875
54 0.08125 0.36875 0.06015625 0.03671875
54 0.82109375 0.5921875 0.06015625 0.03671875
53 0.08671875 0.4328125 0.15 0.0875
54 0.1453125 0.36953125 0.06015625 0.03828125
52 0.11171875 0.490625 0.13828125 0.01328125
49 0.5625 0.41328125 0.05859375 0.1171875
53 0.70625 0.63984375 0.0421875 0.0578125
33 0.4640625 0.6671875 0.0609375 0.0625
12 0.428125 0.41484375 0.05859375 0.11953125