53 0.79140625 0.23203125 0.20234375 0.09453125
2 0.36640625 0.409375 0.0578125 0.11953125
51 0.4078125 0.63359375 0.028125 0.034375
53 0.87890625 0.428125 0.20390625 0.09609375
54 0.24375 0.590625 0.05859375 0.03828125
53 0.2125 0.234375 0.2015625 0.09609375
54 0.17890625 0.17109375 0.06015625 0.03671875
54 0.24296875 0.171875 0.06015625 0.03828125
54 0.76015625 0.590625 0.05859375 0.03828125
54 0.825 0.58984375 0.06015625 0.03671875
53 0.53046875 0.74140625 0.1453125 0.0828125
53 0.4765625 0.165625 0.14609375 0.0796875
53 0.81875 0.65390625 0.14609375 0.0859375
54 0.17890625 0.58984375 0.06015625 0.03671875
53 0.21328125 0.65078125 0.20390625 0.10078125
18 0.5015625 0.41015625 0.06015625 0.12265625
52 0.209375 0.7078125 0.14296875 0.01328125
21 0.43359375 0.41171875 0.0578125 0.11953125