53 0.2125 0.234375 0.2015625 0.09609375
53 0.90546875 0.42890625 0.1515625 0.0859375
53 0.58828125 0.18125 0.0296875 0.0578125
53 0.53203125 0.74140625 0.14609375 0.0859375
53 0.4765625 0.16640625 0.14921875 0.0875
54 0.15625 0.36640625 0.06015625 0.03671875
53 0.8203125 0.65390625 0.146875 0.0859375
12 0.53359375 0.66640625 0.05859375 0.0578125
52 0.50390625 0.79765625 0.1375 0.01171875
51 0.54765625 0.2703125 0.0296875 0.034375
54 0.09140625 0.365625 0.05859375 0.03515625
53 0.0953125 0.4296875 0.14609375 0.084375
53 0.8140625 0.2328125 0.15546875 0.0875
26 0.3671875 0.4078125 0.06015625 0.1140625
21 0.5015625 0.41171875 0.06015625 0.12265625
34 0.46875 0.66796875 0.06015625 0.0609375
27 0.434375 0.409375 0.06015625 0.1140625