55 0.5328125 0.67578125 0.0578125 0.059375
51 0.20234375 0.48828125 0.028125 0.03515625
53 0.5296875 0.753125 0.1484375 0.0859375
53 0.84921875 0.2640625 0.20703125 0.090625
54 0.53046875 0.10546875 0.0609375 0.03984375
54 0.146875 0.2 0.12578125 0.03828125
54 0.0828125 0.50703125 0.06015625 0.03671875
54 0.146875 0.50703125 0.0578125 0.03828125
54 0.85 0.50703125 0.06171875 0.03828125
53 0.11796875 0.2625 0.15 0.0875
35 0.4671875 0.675 0.06484375 0.06328125
53 0.115625 0.57265625 0.20625 0.09765625
53 0.4703125 0.16953125 0.14609375 0.0875
54 0.915625 0.50703125 0.05859375 0.03515625
53 0.9109375 0.571875 0.14921875 0.0875
54 0.4671875 0.10390625 0.0609375 0.03671875
52 0.115625 0.62734375 0.140625 0.01171875