4 0.36484375 0.41796875 0.0609375 0.12265625
44 0.50234375 0.41875 0.0640625 0.12109375
51 0.21328125 0.37265625 0.0296875 0.03515625
53 0.20859375 0.66484375 0.20703125 0.09609375
46 0.17265625 0.1609375 0.06171875 0.0625
53 0.503125 0.16953125 0.2078125 0.09921875
53 0.0875 0.4375 0.15 0.0875
53 0.88828125 0.4375 0.20625 0.09609375
53 0.53125 0.7578125 0.14921875 0.084375
53 0.828125 0.23671875 0.1484375 0.0859375
53 0.82109375 0.66640625 0.15859375 0.090625
49 0.571875 0.41953125 0.06015625 0.11953125
32 0.46875 0.67890625 0.06015625 0.0625
53 0.18125 0.23828125 0.1546875 0.0859375
34 0.23828125 0.16171875 0.05859375 0.06328125
38 0.53203125 0.68203125 0.0640625 0.0609375
40 0.43203125 0.42109375 0.0609375 0.12265625