10 0.53046875 0.6734375 0.0609375 0.059375
53 0.5265625 0.74921875 0.146875 0.0875
54 0.171875 0.1734375 0.06015625 0.03828125
54 0.23671875 0.5953125 0.05859375 0.03671875
54 0.23671875 0.1734375 0.0609375 0.03984375
53 0.11484375 0.434375 0.2046875 0.09296875
53 0.82109375 0.2359375 0.1453125 0.0875
53 0.17734375 0.23671875 0.1484375 0.0859375
54 0.171875 0.59453125 0.06015625 0.03515625
53 0.4734375 0.1671875 0.15234375 0.0890625
54 0.759375 0.171875 0.0609375 0.03828125
25 0.465625 0.67421875 0.0609375 0.0625
54 0.825 0.59453125 0.06015625 0.03828125
54 0.75859375 0.59609375 0.0609375 0.03828125
53 0.90859375 0.43359375 0.14921875 0.0859375
54 0.146875 0.36953125 0.06015625 0.03828125
54 0.0828125 0.36953125 0.06015625 0.03828125
51 0.30703125 0.60390625 0.028125 0.0328125
53 0.81328125 0.659375 0.159375 0.0890625
54 0.82421875 0.171875 0.06015625 0.03828125
52 0.79375 0.2921875 0.13828125 0.01328125
54 0.8484375 0.36953125 0.06171875 0.03828125
54 0.9140625 0.36953125 0.0609375 0.03828125
53 0.20546875 0.65859375 0.2046875 0.09765625