53 0.20625 0.653125 0.20234375 0.09609375
53 0.20625 0.23515625 0.20078125 0.09453125
14 0.36171875 0.409375 0.05703125 0.1171875
53 0.5234375 0.740625 0.14609375 0.0875
53 0.7859375 0.653125 0.20234375 0.09609375
54 0.7546875 0.1703125 0.06015625 0.03828125
53 0.8140625 0.2328125 0.146875 0.084375
53 0.0921875 0.428125 0.1515625 0.084375
15 0.428125 0.409375 0.0578125 0.12109375
51 0.79375 0.503125 0.0296875 0.0328125
54 0.81796875 0.16953125 0.0609375 0.03671875
53 0.4796875 0.16484375 0.1671875 0.090625
53 0.89453125 0.42734375 0.1609375 0.0890625
32 0.49453125 0.409375 0.06015625 0.11953125
53 0.584375 0.17890625 0.02734375 0.05625
52 0.7859375 0.2890625 0.13828125 0.01328125
27 0.46484375 0.6671875 0.06015625 0.0625
3 0.5265625 0.66484375 0.06015625 0.0625