43 0.46875 0.665625 0.06171875 0.059375
53 0.87890625 0.4296875 0.20390625 0.09296875
53 0.53125 0.74140625 0.1484375 0.0859375
54 0.53359375 0.103125 0.05859375 0.03671875
53 0.81796875 0.23359375 0.1484375 0.0859375
51 0.54765625 0.26953125 0.0296875 0.0328125
54 0.76015625 0.590625 0.0609375 0.03828125
53 0.4796875 0.16640625 0.1546875 0.0875
54 0.4703125 0.10234375 0.06015625 0.03515625
54 0.24375 0.58984375 0.05859375 0.03671875
53 0.18515625 0.234375 0.14921875 0.084375
54 0.84921875 0.36640625 0.06015625 0.03671875
53 0.2125 0.65234375 0.2015625 0.09765625
53 0.81875 0.653125 0.14609375 0.084375
54 0.18046875 0.17109375 0.06015625 0.03671875
54 0.24375 0.171875 0.05859375 0.03828125
54 0.825 0.58984375 0.06015625 0.03671875
54 0.76015625 0.1703125 0.05859375 0.03828125
54 0.9125 0.36640625 0.05859375 0.03671875
54 0.825 0.1703125 0.06015625 0.03828125
54 0.17890625 0.58984375 0.06015625 0.03671875
2 0.53359375 0.66484375 0.05859375 0.0578125
52 0.78984375 0.70703125 0.13671875 0.01171875