53 0.79140625 0.23203125 0.20234375 0.09453125
54 0.53359375 0.103125 0.05859375 0.03671875
53 0.53203125 0.74140625 0.14609375 0.0859375
54 0.4703125 0.10234375 0.06015625 0.03515625
53 0.2125 0.65234375 0.2015625 0.09765625
53 0.12265625 0.428125 0.20234375 0.09296875
54 0.84921875 0.36640625 0.06015625 0.03671875
53 0.184375 0.234375 0.14609375 0.084375
54 0.76015625 0.58984375 0.05859375 0.03671875
54 0.24375 0.17265625 0.05859375 0.03984375
53 0.81640625 0.65390625 0.15 0.0859375
54 0.2421875 0.58984375 0.06015625 0.03671875
54 0.17890625 0.17109375 0.05859375 0.03671875
53 0.88203125 0.4296875 0.20703125 0.09609375
54 0.825 0.58984375 0.0578125 0.03671875
51 0.31328125 0.596875 0.02734375 0.034375
54 0.09140625 0.36640625 0.0609375 0.03671875
54 0.15625 0.36640625 0.06015625 0.03671875
53 0.475 0.16640625 0.14609375 0.0875
54 0.9125 0.36640625 0.05859375 0.03671875
54 0.17890625 0.58984375 0.06015625 0.03671875
52 0.88125 0.48671875 0.13671875 0.01484375
5 0.53359375 0.665625 0.05859375 0.059375
27 0.4703125 0.66640625 0.06015625 0.0578125