54 0.825 0.58984375 0.06015625 0.03671875
54 0.24296875 0.590625 0.06015625 0.03828125
53 0.5296875 0.7421875 0.146875 0.084375
53 0.81796875 0.2328125 0.14921875 0.0875
53 0.2125 0.234375 0.2015625 0.09609375
54 0.15625 0.36640625 0.06015625 0.03671875
54 0.9125 0.36640625 0.05859375 0.03671875
53 0.81796875 0.65390625 0.1484375 0.0859375
54 0.84921875 0.3671875 0.06015625 0.03828125
54 0.17890625 0.17109375 0.06015625 0.03671875
54 0.76015625 0.1703125 0.05859375 0.03828125
54 0.76015625 0.590625 0.05859375 0.03828125
51 0.54765625 0.26953125 0.0296875 0.0328125
54 0.4703125 0.103125 0.05859375 0.03671875
53 0.47578125 0.165625 0.14921875 0.0890625
54 0.09140625 0.365625 0.05859375 0.03515625
54 0.24375 0.171875 0.05859375 0.03828125
54 0.825 0.16953125 0.06015625 0.03671875
54 0.534375 0.10390625 0.05859375 0.03828125
54 0.17890625 0.58984375 0.05859375 0.03671875
53 0.1921875 0.653125 0.1640625 0.0875
53 0.59375 0.1796875 0.02109375 0.0515625
53 0.89375 0.42734375 0.17421875 0.09140625
45 0.53359375 0.665625 0.05859375 0.059375
53 0.096875 0.4296875 0.15 0.0875
40 0.46875 0.66796875 0.0578125 0.0609375