53 0.88046875 0.42890625 0.20234375 0.09453125
53 0.53046875 0.7421875 0.146875 0.084375
51 0.54765625 0.26953125 0.0296875 0.0328125
54 0.53359375 0.103125 0.05859375 0.03671875
53 0.184375 0.234375 0.14609375 0.084375
53 0.81875 0.23359375 0.14609375 0.0859375
54 0.24296875 0.590625 0.0578125 0.03828125
53 0.48046875 0.16640625 0.15625 0.0875
54 0.4703125 0.10234375 0.06015625 0.03515625
53 0.2125 0.6515625 0.2015625 0.09921875
53 0.12421875 0.42890625 0.20234375 0.09453125
54 0.24375 0.17265625 0.05859375 0.03984375
54 0.17890625 0.17109375 0.05859375 0.03671875
54 0.17890625 0.58984375 0.06015625 0.03671875
54 0.825 0.1703125 0.06015625 0.03828125
54 0.76015625 0.1703125 0.05859375 0.03828125
52 0.50234375 0.7953125 0.13984375 0.01015625
17 0.53359375 0.665625 0.0609375 0.059375
54 0.15625 0.36640625 0.06015625 0.03671875
53 0.81484375 0.65390625 0.15546875 0.0859375
54 0.09140625 0.36640625 0.0609375 0.03671875
54 0.9125 0.36640625 0.05859375 0.03671875
54 0.84921875 0.36640625 0.06015625 0.03671875
42 0.4703125 0.665625 0.06015625 0.059375