24 0.534375 0.66796875 0.0609375 0.0609375
51 0.31328125 0.596875 0.0296875 0.034375
52 0.2109375 0.29140625 0.13671875 0.01484375
53 0.2563025203125 0.1923076921875 0.1334033609375 0.1923076921875 0.1239495796875 0.1982248515625 0.1113445375 0.2204142015625 0.1123949578125 0.25147929062499996 0.132352940625 0.27662721874999996 0.22689075625 0.27810650937500003 0.2531512609375 0.2721893484375 0.25420168125 0.2647929 0.2436974796875 0.236686390625 0.2489495796875 0.2204142015625 0.2552521015625 0.21301775156249997 0.261554621875 0.2189349109375 0.2626050421875 0.21301775156249997 0.25420168125 0.20266272187499998 0.2563025203125 0.1923076921875
53 0.0294117640625 0.4023668640625 0.02310924375 0.42011834375 0.026260504687500002 0.45118343125000004 0.032563025 0.4630177515625 0.0472689078125 0.47337278125 0.1712184875 0.4704142015625 0.20063025156249997 0.47781065156249997 0.2205882359375 0.45857988125000004 0.2258403359375 0.43934911249999997 0.2205882359375 0.40532544374999996 0.21008403437499998 0.38905325468749996 0.19957983125 0.3831360953125 0.05042016875000001 0.3875739640625 0.0294117640625 0.4023668640625
53 0.1355042015625 0.6109467453125 0.122899159375 0.6183431953125 0.1123949578125 0.64053254375 0.1113445375 0.6597633140625 0.1165966390625 0.6775147921875 0.125 0.6893491125 0.1386554625 0.695266271875 0.2605042015625 0.695266271875 0.28676470625 0.70118343125 0.307773109375 0.683431953125 0.31407562968749997 0.6582840234375 0.311974790625 0.6316568046875 0.3046218484375 0.6183431953125 0.282563025 0.6035502953125 0.1355042015625 0.6109467453125
53 0.4705882359375 0.7455621296875 0.45798319374999996 0.7855029578125 0.57457983125 0.7855029578125 0.592436975 0.7751479296875 0.603991596875 0.75739645 0.60189075625 0.7248520703125 0.592436975 0.70857988125 0.5787815125 0.6997041421875 0.4831932765625 0.6997041421875 0.46428571406249997 0.70118343125 0.4621848734375 0.70857988125 0.4705882359375 0.7455621296875
53 0.7489495796875001 0.695266271875 0.8655462187499999 0.6967455625000001 0.8781512609375 0.690828403125 0.8918067234375 0.6686390531249999 0.8918067234375 0.634615384375 0.8771008406249999 0.613905325 0.8613445375 0.60946745625 0.7489495796875001 0.6109467453125 0.7584033609375 0.6434911249999999 0.7489495796875001 0.695266271875
53 0.7794117640625 0.41715976406250005 0.7783613453125 0.43934911249999997 0.7857142859375 0.4615384609375 0.8035714281249999 0.47781065156249997 0.95798319375 0.471893490625 0.9737394953124999 0.46005917187499995 0.9821428578125 0.4363905328125 0.9768907562500001 0.40532544374999996 0.9548319328125 0.3875739640625 0.8319327734374999 0.3875739640625 0.807773109375 0.3816568046875 0.789915965625 0.393491125 0.7794117640625 0.41715976406250005
53 0.6911764703125 0.21597633125 0.69012605 0.2396449703125 0.6985294125 0.2662721890625 0.7216386546875 0.282544378125 0.7447478984375 0.2751479296875 0.8697478984375 0.2751479296875 0.8876050421875 0.2588757390625 0.8939075624999999 0.236686390625 0.886554621875 0.2056213015625 0.8686974796875001 0.190828403125 0.7163865546875 0.1849112421875 0.7027310921875001 0.1937869828125 0.6911764703125 0.21597633125
53 0.4044117640625 0.1849112421875 0.4212184875 0.2071005921875 0.5493697484375 0.2071005921875 0.5483193281250001 0.1997041421875 0.539915965625 0.1923076921875 0.534663865625 0.1671597640625 0.5472689078124999 0.1301775140625 0.5451680671875 0.1242603546875 0.4275210078125 0.1242603546875 0.4128151265625 0.13313609531249998 0.40336134531249995 0.1508875734375 0.4044117640625 0.1849112421875
18 0.39810924375 0.45857988125000004 0.3970588234375 0.3550295859375 0.35084033593749997 0.34911242656249997 0.33928571406249997 0.3535502953125 0.336134453125 0.3624260359375 0.33823529375 0.467455621875 0.363445378125 0.47337278125 0.390756303125 0.4704142015625 0.39810924375 0.45857988125000004
26 0.49579831875 0.6982248515625 0.5 0.6937869828125 0.497899159375 0.6375739640625 0.4453781515625 0.636094675 0.44117647031249996 0.64053254375 0.44012605000000005 0.6849112421875 0.44432773125 0.6923076921875 0.461134453125 0.6982248515625 0.49579831875 0.6982248515625
23 0.4432773109375 0.45857988125000004 0.45798319374999996 0.4704142015625 0.46323529375000005 0.46893491093749995 0.4663865546875 0.40828402343750003 0.46323529375000005 0.3550295859375 0.45693277343750005 0.350591715625 0.405462184375 0.3550295859375 0.4065126046875 0.452662721875 0.4296218484375 0.4644970421875 0.4432773109375 0.45857988125000004
15 0.472689075 0.3550295859375 0.472689075 0.4644970421875 0.48109243749999997 0.47337278125 0.5304621843749999 0.46893491093749995 0.5315126046875001 0.3550295859375 0.5262605046875 0.350591715625 0.472689075 0.3550295859375
54 0.734243696875 0.5710059171874999 0.7310924375 0.5739644968750001 0.7331932765625 0.6035502953125 0.7436974796875 0.60946745625 0.79201680625 0.6065088750000001 0.788865546875 0.5710059171874999 0.734243696875 0.5710059171874999
54 0.7972689078124999 0.5724852078125 0.7962184875 0.6050295859375 0.7993697484375 0.60946745625 0.8550420171875001 0.6065088750000001 0.8550420171875001 0.5754437875 0.8518907562500001 0.5710059171874999 0.7972689078124999 0.5724852078125
54 0.0609243703125 0.35207100625 0.059873949999999995 0.3831360953125 0.063025209375 0.386094675 0.122899159375 0.384615384375 0.1218487390625 0.3550295859375 0.117647059375 0.34911242656249997 0.0609243703125 0.35207100625
54 0.1743697484375 0.386094675 0.1859243703125 0.378698225 0.182773109375 0.34911242656249997 0.1260504203125 0.350591715625 0.127100840625 0.386094675 0.1743697484375 0.386094675
54 0.150210084375 0.153846153125 0.150210084375 0.1893491125 0.20903361406249998 0.1893491125 0.2069327734375 0.1523668640625 0.150210084375 0.153846153125
54 0.2584033609375 0.1923076921875 0.27415966406250003 0.183431953125 0.2720588234375 0.1523668640625 0.2142857140625 0.153846153125 0.215336134375 0.1893491125 0.2584033609375 0.1923076921875