53 0.53203125 0.74140625 0.14609375 0.0859375
53 0.4765625 0.16640625 0.1484375 0.0875
53 0.81953125 0.23359375 0.146875 0.0859375
54 0.4703125 0.103125 0.06015625 0.03671875
54 0.84921875 0.3671875 0.06015625 0.03828125
53 0.815625 0.65390625 0.15234375 0.0859375
53 0.1234375 0.42890625 0.20234375 0.09453125
51 0.5453125 0.2703125 0.03046875 0.034375
53 0.18515625 0.234375 0.14921875 0.084375
54 0.53359375 0.10390625 0.05859375 0.03828125
54 0.9125 0.36640625 0.05859375 0.03671875
52 0.50234375 0.796875 0.13984375 0.01328125
54 0.825 0.1703125 0.06015625 0.03828125
53 0.909375 0.4296875 0.14296875 0.084375
54 0.76015625 0.1703125 0.05859375 0.03828125
53 0.2125 0.65234375 0.2015625 0.10078125
54 0.17890625 0.58984375 0.05859375 0.03671875
54 0.24375 0.590625 0.05859375 0.03828125
55 0.36875 0.409375 0.0609375 0.11796875
19 0.50234375 0.40703125 0.06015625 0.115625
41 0.46875 0.6671875 0.06015625 0.0625
40 0.43515625 0.409375 0.0609375 0.12109375
29 0.561974790625 0.6375739640625 0.5126050421875 0.636094675 0.5052521015625 0.64053254375 0.5052521015625 0.6967455625000001 0.56512605 0.695266271875 0.5661764703125 0.6597633140625 0.561974790625 0.6375739640625