19 0.365625 0.41796875 0.05859375 0.12265625
53 0.4796875 0.16953125 0.15625 0.0875
53 0.11640625 0.4375 0.20703125 0.09453125
51 0.278125 0.3265625 0.03046875 0.03515625
53 0.2078125 0.2390625 0.20703125 0.09296875
53 0.20625 0.665625 0.2078125 0.09453125
31 0.83125 0.159375 0.0609375 0.059375
48 0.17421875 0.58984375 0.06171875 0.0609375
53 0.5328125 0.75703125 0.1484375 0.0859375
53 0.91640625 0.4375 0.15 0.0890625
53 0.82265625 0.2375 0.15625 0.0875
53 0.82265625 0.66640625 0.1546875 0.090625
55 0.23984375 0.590625 0.0609375 0.0625
40 0.50234375 0.41953125 0.0578125 0.12265625
36 0.43359375 0.41875 0.0578125 0.12109375
1 0.63984375 0.41953125 0.0609375 0.12265625
30 0.76796875 0.159375 0.0609375 0.0625
21 0.571875 0.415625 0.0578125 0.12265625