54 0.4734375 0.103125 0.0578125 0.03671875
51 0.4109375 0.63359375 0.02734375 0.034375
8 0.5375 0.66484375 0.05859375 0.0578125
54 0.5375 0.1046875 0.05859375 0.04140625
54 0.24609375 0.590625 0.06015625 0.03828125
53 0.88359375 0.428125 0.20234375 0.09296875
22 0.4734375 0.6671875 0.0578125 0.0625
53 0.7953125 0.23203125 0.2046875 0.09453125
53 0.81953125 0.65390625 0.15 0.0859375
53 0.1875 0.234375 0.1484375 0.084375
54 0.828125 0.58984375 0.06015625 0.03671875
54 0.24609375 0.171875 0.06015625 0.03828125
53 0.4765625 0.16640625 0.1453125 0.0875
54 0.76328125 0.1703125 0.05859375 0.03828125
54 0.18203125 0.58984375 0.06015625 0.03671875
54 0.828125 0.16953125 0.06015625 0.03671875
53 0.534375 0.74140625 0.1453125 0.0859375
53 0.19296875 0.653125 0.1578125 0.084375
54 0.18203125 0.17109375 0.06015625 0.03671875
54 0.76484375 0.590625 0.0609375 0.03828125
54 0.85234375 0.36640625 0.06015625 0.03671875
54 0.915625 0.36640625 0.05859375 0.03671875
53 0.303125 0.23984375 0.028125 0.03515625