4 0.534375 0.678125 0.0609375 0.0609375
53 0.8296875 0.2375 0.1484375 0.0875
54 0.0828125 0.37265625 0.0609375 0.03515625
53 0.2078125 0.23828125 0.20703125 0.09765625
53 0.47421875 0.16953125 0.1484375 0.0875
54 0.4703125 0.10390625 0.06015625 0.03515625
53 0.08828125 0.4375 0.14921875 0.0890625
11 0.46875 0.67890625 0.06171875 0.0625
54 0.17421875 0.6 0.06015625 0.03671875
54 0.1484375 0.3734375 0.06015625 0.03671875
54 0.8328125 0.6 0.06015625 0.03671875
53 0.18046875 0.66484375 0.15234375 0.090625
54 0.534375 0.10546875 0.0609375 0.03984375
54 0.7671875 0.60078125 0.05859375 0.03828125
53 0.91796875 0.4375 0.14921875 0.0890625
54 0.85703125 0.37421875 0.0609375 0.03828125
53 0.53125 0.7578125 0.14921875 0.0875
51 0.40546875 0.64609375 0.0296875 0.034375
54 0.23984375 0.60078125 0.0609375 0.03828125
54 0.7671875 0.1734375 0.0609375 0.03828125
54 0.8328125 0.17265625 0.06015625 0.03671875
53 0.825 0.665625 0.15234375 0.0890625
54 0.921875 0.3734375 0.06015625 0.03671875
52 0.80078125 0.29609375 0.13515625 0.01484375