53 0.12421875 0.428125 0.2015625 0.090625
44 0.4703125 0.66953125 0.06015625 0.0609375
53 0.5046875 0.1640625 0.20234375 0.09453125
53 0.909375 0.43046875 0.146875 0.0859375
53 0.53046875 0.74375 0.146875 0.0859375
53 0.7921875 0.2296875 0.20390625 0.09296875
53 0.8203125 0.65625 0.146875 0.0875
53 0.1890625 0.234375 0.15546875 0.0875
51 0.546875 0.27109375 0.028125 0.034375
32 0.17890625 0.1578125 0.0640625 0.0609375
27 0.24375 0.578125 0.05859375 0.059375
34 0.24375 0.159375 0.0609375 0.0609375
23 0.17890625 0.57734375 0.06015625 0.0609375
53 0.2953125 0.2265625 0.034375 0.07109375
53 0.80234375 0.44296875 0.04609375 0.028125
45 0.5661764703125 0.695266271875 0.561974790625 0.6390532546875 0.5063025203125 0.642011834375 0.5073529406249999 0.6789940828125001 0.515756303125 0.6982248515625 0.5525210078125 0.70118343125 0.5661764703125 0.695266271875