28 0.4703125 0.66953125 0.06171875 0.0609375
53 0.82265625 0.23359375 0.146875 0.0859375
53 0.53125 0.74375 0.146875 0.0859375
54 0.534375 0.10390625 0.05859375 0.03671875
54 0.76328125 0.171875 0.05859375 0.03828125
53 0.9125 0.43046875 0.1453125 0.0859375
54 0.47109375 0.103125 0.0578125 0.034375
53 0.096875 0.43046875 0.15234375 0.0859375
53 0.47421875 0.16640625 0.1484375 0.0875
54 0.82734375 0.59140625 0.0578125 0.03515625
53 0.82265625 0.65546875 0.1421875 0.0859375
53 0.18515625 0.65625 0.1484375 0.0875
54 0.24296875 0.5921875 0.06015625 0.03984375
54 0.1546875 0.36796875 0.0578125 0.03984375
54 0.915625 0.36640625 0.05703125 0.03671875
54 0.76328125 0.59296875 0.05859375 0.03828125
54 0.8515625 0.36796875 0.06015625 0.03828125
54 0.17890625 0.590625 0.05859375 0.03671875
54 0.82734375 0.17109375 0.0578125 0.03671875
54 0.090625 0.36640625 0.05859375 0.03671875
52 0.87109375 0.4890625 0.11015625 0.01328125
51 0.2171875 0.36796875 0.028125 0.03515625
53 0.2078125 0.41953125 0.0328125 0.06640625
9 0.534375 0.66953125 0.05859375 0.0609375