28 0.4640625 0.6734375 0.0609375 0.0609375
53 0.52578125 0.74921875 0.14609375 0.0875
54 0.23515625 0.1734375 0.05859375 0.03828125
54 0.23515625 0.59453125 0.05859375 0.03828125
54 0.75703125 0.59453125 0.0609375 0.03828125
54 0.1703125 0.17265625 0.06015625 0.03671875
54 0.846875 0.36953125 0.06015625 0.03828125
54 0.821875 0.59375 0.06015625 0.03671875
53 0.4703125 0.16875 0.146875 0.0859375
51 0.209375 0.36875 0.0296875 0.034375
54 0.821875 0.171875 0.06015625 0.03828125
54 0.4640625 0.10390625 0.05859375 0.03671875
54 0.5296875 0.10546875 0.06015625 0.03984375
53 0.18203125 0.6578125 0.159375 0.0875
54 0.1703125 0.59375 0.0578125 0.03671875
53 0.88046875 0.43515625 0.20234375 0.09453125
54 0.75703125 0.171875 0.0609375 0.03828125
53 0.175 0.23671875 0.1484375 0.0859375
53 0.1140625 0.4328125 0.20234375 0.09296875
54 0.1453125 0.3703125 0.06015625 0.03984375
54 0.0796875 0.36875 0.0609375 0.03671875
54 0.91171875 0.36875 0.05859375 0.03671875
53 0.81640625 0.2375 0.1484375 0.090625
53 0.81484375 0.659375 0.1515625 0.0875
0 0.52890625 0.6734375 0.0578125 0.0625