11 0.53203125 0.675 0.06015625 0.0609375
53 0.52890625 0.75234375 0.15 0.0875
54 0.81875 0.2 0.06015625 0.03828125
54 0.88359375 0.2 0.0609375 0.03828125
54 0.0828125 0.50703125 0.05859375 0.03671875
54 0.85 0.50703125 0.06015625 0.03828125
54 0.14765625 0.50703125 0.06015625 0.03828125
53 0.11640625 0.57109375 0.20703125 0.09453125
53 0.91171875 0.571875 0.14921875 0.0875
54 0.11484375 0.19921875 0.0609375 0.03671875
53 0.471875 0.16875 0.1453125 0.0859375
54 0.915625 0.50703125 0.05859375 0.03671875
54 0.4671875 0.10390625 0.06015625 0.03671875
54 0.53203125 0.10703125 0.06015625 0.04296875
54 0.1796875 0.20078125 0.0609375 0.03984375
51 0.74140625 0.58984375 0.028125 0.03671875
53 0.1234375 0.2625 0.15625 0.0875
39 0.46875 0.67578125 0.06328125 0.0625