53 0.87578125 0.4265625 0.20078125 0.09296875
53 0.2109375 0.23515625 0.2015625 0.09453125
53 0.5265625 0.73828125 0.1484375 0.0859375
53 0.7875 0.65078125 0.20078125 0.09453125
53 0.0984375 0.428125 0.15 0.084375
51 0.68203125 0.58828125 0.028125 0.034375
54 0.17890625 0.5875 0.06015625 0.03515625
54 0.24296875 0.58828125 0.05859375 0.03671875
53 0.5 0.16640625 0.19921875 0.09296875
53 0.18828125 0.65078125 0.1515625 0.0859375
53 0.8109375 0.2328125 0.153125 0.0875
54 0.84375 0.365625 0.06015625 0.03828125
54 0.9078125 0.36484375 0.0609375 0.03671875
52 0.50078125 0.7921875 0.13515625 0.01015625
47 0.46875 0.6625 0.0609375 0.059375
18 0.53203125 0.66171875 0.06015625 0.0609375