53 0.2109375 0.234375 0.2015625 0.09609375
54 0.825 0.590625 0.0578125 0.03828125
53 0.87890625 0.428125 0.20390625 0.09609375
53 0.1234375 0.428125 0.20234375 0.09609375
53 0.47734375 0.165625 0.15 0.0859375
54 0.76015625 0.590625 0.05859375 0.03828125
53 0.5296875 0.740625 0.146875 0.0875
51 0.68515625 0.590625 0.0296875 0.034375
53 0.58515625 0.1828125 0.0359375 0.0609375
53 0.20625 0.653125 0.1890625 0.09296875
44 0.50234375 0.409375 0.06015625 0.12109375
41 0.43359375 0.409375 0.05859375 0.1171875
53 0.81640625 0.65390625 0.15 0.0859375
26 0.36796875 0.409375 0.0609375 0.1171875
32 0.56953125 0.409375 0.05859375 0.12109375
53 0.7953125 0.2296875 0.19453125 0.09296875
13 0.46875 0.665625 0.06015625 0.059375
9 0.5328125 0.66875 0.06015625 0.059375