51 0.7921875 0.35546875 0.0296875 0.03671875
46 0.4671875 0.67578125 0.06328125 0.0625
38 0.36328125 0.41640625 0.06328125 0.11953125
52 0.5 0.80859375 0.13984375 0.01328125
22 0.43046875 0.4171875 0.06328125 0.11953125
25 0.4984375 0.415625 0.0609375 0.11796875
53 0.039915965625 0.5281065093749999 0.025210084375000004 0.5355029578125 0.012605042187500002 0.562130178125 0.012605042187500002 0.57988165625 0.0220588234375 0.6050295859375 0.0430672265625 0.615384615625 0.1628151265625 0.613905325 0.1890756296875 0.6198224859375 0.21008403437499998 0.6050295859375 0.2184873953125 0.5739644968750001 0.21218487343749998 0.5428994078125 0.20063025156249997 0.5281065093749999 0.186974790625 0.5221893484375 0.15966386562499998 0.5281065093749999 0.039915965625 0.5281065093749999
53 0.45693277343750005 0.7943786984375001 0.5724789921875 0.7958579875 0.5892857140625 0.7869822484375 0.60189075625 0.7677514796875 0.60189075625 0.73816568125 0.5798319328125 0.710059171875 0.455882353125 0.7130177515625 0.4663865546875 0.7470414203125 0.46533613437500004 0.7677514796875 0.45693277343750005 0.7943786984375001
53 0.849789915625 0.5650887578125 0.842436975 0.6035502953125 0.8361344531249999 0.6124260359375 0.8413865546875 0.615384615625 0.9621848734375 0.613905325 0.9768907562500001 0.60207100625 0.984243696875 0.5843195265625 0.9852941171875 0.5650887578125 0.9810924375000001 0.547337278125 0.96323529375 0.5295857984375 0.8392857140625001 0.5295857984375 0.849789915625 0.5650887578125
53 0.8109243703125 0.23224852031249998 0.8161764703125 0.2544378703125 0.79201680625 0.3106508875 0.8014705875000001 0.3062130171875 0.9275210078124999 0.3076923078125 0.9411764703125 0.29881656875 0.9527310921875 0.2751479296875 0.94957983125 0.24260354999999997 0.942226890625 0.23076923124999998 0.9285714281249999 0.221893490625 0.8046218484375001 0.22337278125 0.8109243703125 0.23224852031249998
53 0.39810924375 0.153846153125 0.39915966406250003 0.1863905328125 0.414915965625 0.210059171875 0.5472689078124999 0.210059171875 0.5357142859375 0.1923076921875 0.532563025 0.1775147921875 0.53676470625 0.14644970468750002 0.5472689078124999 0.143491125 0.54201680625 0.13905325468750002 0.5462184875 0.12573964531249998 0.4222689078125 0.12573964531249998 0.41071428593750003 0.13165680468750002 0.39810924375 0.153846153125
53 0.0451680671875 0.2529585796875 0.048319328125 0.28698224843750003 0.06932773125 0.3076923078125 0.1985294125 0.3062130171875 0.192226890625 0.30325443750000003 0.18067226875 0.2544378703125 0.188025209375 0.2455621296875 0.1890756296875 0.2337278109375 0.19957983125 0.23076923124999998 0.201680671875 0.22337278125 0.0682773109375 0.221893490625 0.0567226890625 0.22928994062500002 0.0451680671875 0.2529585796875
54 0.0525210078125 0.4911242609375 0.0525210078125 0.5251479296875 0.1123949578125 0.5236686390624999 0.10924369687499999 0.48816568125000004 0.0525210078125 0.4911242609375
54 0.164915965625 0.5266272187500001 0.1775210078125 0.51923076875 0.1743697484375 0.48816568125000004 0.117647059375 0.4896449703125 0.1186974796875 0.5266272187500001 0.164915965625 0.5266272187500001
54 0.497899159375 0.12278106562499999 0.497899159375 0.0902366859375 0.49474789843750006 0.0857988171875 0.436974790625 0.088757396875 0.438025209375 0.1242603546875 0.497899159375 0.12278106562499999
54 0.5462184875 0.12573964531249998 0.5609243703125 0.1168639046875 0.5588235296875 0.0857988171875 0.5010504203124999 0.088757396875 0.5031512609375 0.1242603546875 0.5462184875 0.12573964531249998
21 0.5 0.65532544375 0.5010504203124999 0.7071005921875 0.5609243703125 0.7056213015624999 0.561974790625 0.653846153125 0.5588235296875 0.6464497046875 0.50420168125 0.6464497046875 0.5 0.65532544375