53 0.525 0.74921875 0.15 0.0875
53 0.2046875 0.23671875 0.2046875 0.09765625
54 0.23515625 0.1734375 0.05859375 0.03828125
53 0.81796875 0.23515625 0.146875 0.0859375
51 0.75234375 0.33203125 0.0296875 0.034375
54 0.23515625 0.59453125 0.05859375 0.03828125
54 0.1703125 0.59375 0.0578125 0.03671875
54 0.1703125 0.17265625 0.06015625 0.03671875
53 0.18203125 0.6578125 0.159375 0.0875
54 0.91171875 0.36953125 0.05859375 0.03828125
54 0.821875 0.59375 0.06015625 0.03671875
54 0.1453125 0.36953125 0.0578125 0.03828125
54 0.75703125 0.59453125 0.0609375 0.03828125
53 0.47109375 0.16640625 0.15 0.0875
54 0.846875 0.3703125 0.06015625 0.03984375
53 0.9078125 0.4328125 0.146875 0.0875
54 0.08125 0.36875 0.06171875 0.03671875
54 0.821875 0.171875 0.06015625 0.03828125
54 0.75859375 0.171875 0.05859375 0.03828125
54 0.5296875 0.10390625 0.06015625 0.03671875
53 0.7890625 0.6578125 0.20390625 0.09609375
54 0.4640625 0.10390625 0.05859375 0.03671875
52 0.48671875 0.803125 0.115625 0.01171875
12 0.4640625 0.6734375 0.05859375 0.0625
53 0.0875 0.43359375 0.15234375 0.0859375
0 0.52890625 0.67265625 0.0578125 0.0609375