43 0.4640625 0.67421875 0.0609375 0.0625
53 0.525 0.74921875 0.1484375 0.0875
53 0.20390625 0.2375 0.20390625 0.09609375
48 0.5296875 0.6734375 0.06015625 0.0609375
54 0.23515625 0.5953125 0.05859375 0.03671875
53 0.81953125 0.2359375 0.14375 0.0875
53 0.4984375 0.16484375 0.20234375 0.09296875
54 0.1703125 0.59453125 0.06015625 0.03515625
54 0.82265625 0.59375 0.0578125 0.03671875
51 0.68203125 0.5953125 0.02734375 0.034375
53 0.90859375 0.43359375 0.146875 0.0859375
53 0.81640625 0.659375 0.1484375 0.0875
54 0.75859375 0.171875 0.0609375 0.03828125
54 0.75859375 0.59453125 0.05859375 0.03828125
53 0.178125 0.659375 0.15 0.0875
54 0.08125 0.36875 0.0609375 0.03671875
54 0.1453125 0.36953125 0.06015625 0.03828125
54 0.846875 0.36953125 0.06171875 0.03828125
54 0.82265625 0.17109375 0.06015625 0.03671875
54 0.9125 0.36875 0.05859375 0.03671875
52 0.78984375 0.2921875 0.134375 0.01328125
53 0.1140625 0.4328125 0.20234375 0.09296875