5 0.365625 0.40703125 0.05703125 0.11796875
1 0.43359375 0.409375 0.0578125 0.11953125
46 0.53203125 0.6625 0.06015625 0.059375
53 0.2125 0.6515625 0.19921875 0.09921875
41 0.46875 0.66328125 0.05859375 0.0609375
53 0.90390625 0.428125 0.14375 0.084375
53 0.5 0.16640625 0.2015625 0.09296875
53 0.12421875 0.42578125 0.20078125 0.0890625
53 0.81484375 0.2328125 0.14609375 0.084375
53 0.52734375 0.7390625 0.1453125 0.084375
54 0.46875 0.10390625 0.0609375 0.034375
53 0.81484375 0.65078125 0.146875 0.0859375
54 0.90859375 0.36484375 0.05859375 0.03671875
54 0.82109375 0.1703125 0.06015625 0.03515625
54 0.75625 0.17109375 0.0609375 0.03671875
54 0.84375 0.365625 0.06015625 0.03828125
34 0.4984375 0.4171875 0.06015625 0.1359375
54 0.53203125 0.10390625 0.06015625 0.03671875
51 0.21796875 0.36484375 0.028125 0.034375