53 0.52890625 0.73828125 0.14609375 0.0859375
53 0.81484375 0.2328125 0.14609375 0.084375
54 0.82109375 0.5875 0.0578125 0.03515625
53 0.12421875 0.428125 0.20078125 0.09296875
53 0.184375 0.234375 0.14375 0.084375
54 0.9078125 0.36484375 0.05859375 0.03671875
54 0.15625 0.365625 0.06015625 0.03515625
54 0.84375 0.365625 0.06015625 0.03828125
54 0.17890625 0.171875 0.05859375 0.03515625
53 0.81640625 0.65078125 0.1453125 0.0859375
54 0.75625 0.58828125 0.0609375 0.03671875
54 0.46875 0.10390625 0.0609375 0.034375
54 0.24296875 0.58828125 0.05859375 0.03671875
54 0.17890625 0.58828125 0.05859375 0.03671875
51 0.7515625 0.32734375 0.028125 0.034375
54 0.24296875 0.1734375 0.05859375 0.03828125
54 0.0921875 0.365625 0.05859375 0.03515625
53 0.87734375 0.4265625 0.1984375 0.090625
54 0.53125 0.10390625 0.05859375 0.03671875
54 0.81953125 0.17109375 0.06015625 0.03671875
54 0.75625 0.17109375 0.0609375 0.03671875
53 0.184375 0.65078125 0.14609375 0.0859375
27 0.53125 0.6625 0.05859375 0.059375
53 0.4765625 0.16796875 0.15 0.084375
52 0.2109375 0.7046875 0.140625 0.01328125
34 0.49579831875 0.636094675 0.4432773109375 0.634615384375 0.43907562968749997 0.6390532546875 0.43907562968749997 0.6893491125 0.451680671875 0.695266271875 0.5 0.6923076921875 0.49579831875 0.636094675