53 0.81953125 0.65859375 0.146875 0.0859375
53 0.52578125 0.7515625 0.1484375 0.0859375
53 0.1140625 0.43203125 0.2046875 0.09453125
51 0.75234375 0.33203125 0.0296875 0.034375
53 0.49765625 0.16484375 0.2046875 0.09296875
53 0.8796875 0.43203125 0.20703125 0.09453125
54 0.82265625 0.59375 0.06015625 0.03671875
53 0.17890625 0.23671875 0.15234375 0.0859375
54 0.75859375 0.5953125 0.0609375 0.03671875
53 0.20546875 0.65625 0.2046875 0.09296875
53 0.81640625 0.23515625 0.15 0.0859375
33 0.42890625 0.41328125 0.06171875 0.12265625
47 0.49765625 0.41484375 0.06015625 0.11953125
36 0.5296875 0.6734375 0.06015625 0.0609375
52 0.765625 0.715625 0.0859375 0.01171875
39 0.36015625 0.41484375 0.0609375 0.11953125
7 0.56484375 0.4140625 0.05859375 0.12421875
35 0.4640625 0.67421875 0.0609375 0.0625