53 0.08984375 0.4375 0.1546875 0.0890625
53 0.48046875 0.16953125 0.15859375 0.0875
54 0.85703125 0.371875 0.0609375 0.03984375
54 0.921875 0.3734375 0.06015625 0.03671875
54 0.17421875 0.6 0.06015625 0.03671875
53 0.17890625 0.2390625 0.15 0.0875
53 0.53046875 0.7578125 0.14921875 0.0875
54 0.23984375 0.17421875 0.0609375 0.03828125
53 0.91875 0.4375 0.146875 0.0890625
54 0.17421875 0.1734375 0.06015625 0.03671875
54 0.23984375 0.60078125 0.0609375 0.03828125
53 0.82734375 0.23671875 0.15 0.0859375
54 0.7671875 0.1734375 0.0609375 0.03828125
54 0.8328125 0.17265625 0.06015625 0.03671875
53 0.2078125 0.66484375 0.20703125 0.09609375
51 0.68984375 0.60234375 0.0296875 0.0328125
53 0.82265625 0.665625 0.1546875 0.0890625
49 0.5359375 0.678125 0.05703125 0.0609375
37 0.46875 0.67734375 0.06015625 0.0625
52 0.5015625 0.8125 0.13515625 0.01171875