52 0.20234375 0.29375 0.13828125 0.01484375
51 0.540625 0.27265625 0.0296875 0.03515625
45 0.36015625 0.4140625 0.06328125 0.11953125
27 0.528125 0.67265625 0.06015625 0.0625
35 0.4640625 0.67265625 0.0640625 0.0625
53 0.10504201718749999 0.2588757390625 0.1239495796875 0.2795857984375 0.25 0.2751479296875 0.242647059375 0.2647929 0.2363445375 0.2352071 0.2373949578125 0.2189349109375 0.25 0.1997041421875 0.2489495796875 0.195266271875 0.125 0.1937869828125 0.113445378125 0.20118343125 0.10189075624999999 0.22337278125 0.10504201718749999 0.2588757390625
53 0.1439075625 0.392011834375 0.034663865625 0.392011834375 0.02310924375 0.399408284375 0.013655462500000002 0.42011834375 0.012605042187500002 0.43934911249999997 0.0189075625 0.4615384609375 0.032563025 0.4748520703125 0.0472689078125 0.47781065156249997 0.164915965625 0.47633136093750006 0.1911764703125 0.48076923125000004 0.21218487343749998 0.4615384609375 0.21743697499999998 0.437869821875 0.21113445312499998 0.40532544374999996 0.19957983125 0.39053254375 0.18487395 0.384615384375 0.1439075625 0.392011834375
53 0.1081932765625 0.6863905328125 0.1302521015625 0.70118343125 0.2510504203125 0.7041420125 0.24054621874999998 0.6775147921875 0.257352940625 0.656804734375 0.25 0.615384615625 0.1260504203125 0.615384615625 0.1123949578125 0.6242603546875001 0.10189075624999999 0.64792899375 0.10189075624999999 0.6686390531249999 0.1081932765625 0.6863905328125
53 0.49894957968750003 0.702662721875 0.446428571875 0.7056213015624999 0.4537815125 0.7130177515625 0.46323529375000005 0.74260355 0.461134453125 0.7662721890624999 0.451680671875 0.789940828125 0.5682773109375 0.79142011875 0.5840336140625 0.78402366875 0.5966386546875 0.7603550296875 0.5966386546875 0.7352071 0.58823529375 0.71597633125 0.5777310921875001 0.7071005921875 0.49894957968750003 0.702662721875
53 0.69957983125 0.6183431953125 0.6859243703125 0.6449704140625 0.68487395 0.661242603125 0.692226890625 0.6893491125 0.7027310921875001 0.70118343125 0.715336134375 0.7056213015624999 0.863445378125 0.70118343125 0.8781512609375 0.6923076921875 0.8897058828125 0.6656804734375 0.8834033609375 0.6301775140625 0.863445378125 0.615384615625 0.734243696875 0.615384615625 0.7163865546875 0.60946745625 0.69957983125 0.6183431953125
53 0.844537815625 0.42455621250000003 0.844537815625 0.44378698281249995 0.83298319375 0.47633136093750006 0.9537815125 0.47633136093750006 0.969537815625 0.46597633125 0.9779411765624999 0.44822485156249997 0.9758403359375001 0.41272189375 0.9569327734374999 0.392011834375 0.83298319375 0.39053254375 0.8319327734374999 0.3964497046875 0.844537815625 0.42455621250000003
53 0.715336134375 0.1863905328125 0.6964285718750001 0.1982248515625 0.686974790625 0.2204142015625 0.6859243703125 0.24408284062500002 0.6911764703125 0.26331360937500004 0.7048319328125 0.2795857984375 0.7195378156250001 0.28402366875 0.74054621875 0.27662721874999996 0.8655462187499999 0.27662721874999996 0.8834033609375 0.26183431874999996 0.8897058828125 0.2411242609375 0.8855042015624999 0.210059171875 0.8655462187499999 0.1923076921875 0.74917121875 0.1923076921875 0.715336134375 0.1863905328125
53 0.5766806718749999 0.1656804734375 0.5640756296875 0.136094675 0.5714285718750001 0.1183431953125 0.544117646875 0.1242603546875 0.452100840625 0.1242603546875 0.438025209375 0.1198224859375 0.40966386562499996 0.1301775140625 0.396008403125 0.1508875734375 0.3949579828125 0.1745562125 0.400210084375 0.1937869828125 0.40756302499999997 0.20414201250000003 0.423319328125 0.2115384609375 0.52310924375 0.210059171875 0.567226890625 0.21597633125 0.5840336140625 0.20857988125000002 0.5945378156250001 0.195266271875 0.599789915625 0.1789940828125 0.5966386546875 0.1508875734375 0.58298319375 0.168639053125 0.5766806718749999 0.1656804734375
54 0.13970588281250002 0.156804734375 0.13970588281250002 0.190828403125 0.19957983125 0.1893491125 0.19957983125 0.153846153125 0.13970588281250002 0.156804734375
54 0.252100840625 0.1923076921875 0.265756303125 0.1849112421875 0.2626050421875 0.153846153125 0.20588235312499997 0.153846153125 0.20588235312499997 0.190828403125 0.252100840625 0.1923076921875
54 0.43592437031250003 0.0843195265625 0.43277310937499996 0.088757396875 0.43277310937499996 0.12278106562499999 0.4936974796875 0.12278106562499999 0.49474789843750006 0.093195265625 0.49054621875000004 0.0843195265625 0.43592437031250003 0.0843195265625
54 0.544117646875 0.1242603546875 0.557773109375 0.11538461562499999 0.5567226890625 0.0857988171875 0.49894957968750003 0.08727810625 0.49894957968750003 0.12278106562499999 0.544117646875 0.1242603546875
54 0.72689075625 0.153846153125 0.7258403359375001 0.1819526625 0.7300420171875001 0.1863905328125 0.74054621875 0.190828403125 0.78676470625 0.187869821875 0.7857142859375 0.1523668640625 0.72689075625 0.153846153125
54 0.79201680625 0.1523668640625 0.79201680625 0.1893491125 0.8518907562500001 0.187869821875 0.849789915625 0.1523668640625 0.79201680625 0.1523668640625
30 0.44957983125 0.3535502953125 0.402310925 0.3535502953125 0.39810924375 0.3624260359375 0.39915966406250003 0.4704142015625 0.438025209375 0.47633136093750006 0.455882353125 0.471893490625 0.45693277343750005 0.357988165625 0.44957983125 0.3535502953125
37 0.46533613437500004 0.35946745625 0.4663865546875 0.47337278125 0.52310924375 0.4704142015625 0.527310925 0.3801775140625 0.52310924375 0.3550295859375 0.4705882359375 0.3535502953125 0.46533613437500004 0.35946745625