51 0.5421875 0.2703125 0.0296875 0.034375
53 0.52578125 0.7421875 0.14609375 0.084375
54 0.17421875 0.17109375 0.06015625 0.03671875
53 0.81328125 0.23359375 0.1515625 0.0859375
54 0.23828125 0.171875 0.05859375 0.03828125
54 0.465625 0.103125 0.05859375 0.03671875
53 0.1796875 0.65390625 0.146875 0.0859375
54 0.81875 0.5890625 0.06015625 0.03515625
54 0.23828125 0.590625 0.05859375 0.03828125
54 0.75546875 0.58984375 0.06015625 0.03671875
54 0.52890625 0.10390625 0.0578125 0.03828125
54 0.08515625 0.36640625 0.05859375 0.03671875
53 0.178125 0.234375 0.14375 0.084375
54 0.17421875 0.58984375 0.0578125 0.03671875
49 0.52890625 0.66640625 0.06015625 0.0578125
53 0.090625 0.42890625 0.1453125 0.0859375
53 0.46875 0.16640625 0.14609375 0.0875
53 0.7859375 0.653125 0.20390625 0.09609375
54 0.84453125 0.3671875 0.0609375 0.03828125
53 0.903125 0.42890625 0.14296875 0.0859375
54 0.15 0.36640625 0.0578125 0.03671875
54 0.75546875 0.1703125 0.0609375 0.03828125
54 0.81875 0.16953125 0.06015625 0.03671875
54 0.9078125 0.36640625 0.05859375 0.03671875
52 0.77578125 0.7078125 0.11484375 0.01015625
38 0.465625 0.66640625 0.0609375 0.0578125