53 0.1140625 0.43203125 0.2046875 0.09453125
53 0.49765625 0.16484375 0.2046875 0.09296875
54 0.23515625 0.1734375 0.0609375 0.03984375
53 0.175 0.23671875 0.1484375 0.0859375
54 0.1703125 0.17265625 0.06015625 0.03671875
10 0.36015625 0.41328125 0.05859375 0.12265625
51 0.209375 0.36875 0.0296875 0.034375
54 0.82265625 0.59375 0.0578125 0.03671875
53 0.5265625 0.74921875 0.14609375 0.0875
53 0.87890625 0.43203125 0.20625 0.09453125
53 0.815625 0.234375 0.15234375 0.0875
53 0.20546875 0.65625 0.2046875 0.09296875
54 0.75859375 0.59453125 0.0609375 0.03828125
53 0.81953125 0.65859375 0.146875 0.0859375
43 0.49765625 0.4140625 0.0578125 0.11796875
52 0.20234375 0.29453125 0.13515625 0.01171875
17 0.56484375 0.4140625 0.05859375 0.11796875
35 0.45903361406250004 0.4630177515625 0.45798319374999996 0.357988165625 0.400210084375 0.357988165625 0.400210084375 0.47337278125 0.43382352968750004 0.47633136093750006 0.4485294125 0.4644970421875 0.45903361406250004 0.4630177515625