53 0.81796875 0.23359375 0.14921875 0.0859375
54 0.4703125 0.103125 0.05859375 0.03671875
51 0.54765625 0.26953125 0.0296875 0.0328125
54 0.24375 0.590625 0.05859375 0.03828125
54 0.84921875 0.3671875 0.06015625 0.03828125
53 0.53125 0.74140625 0.14609375 0.0859375
53 0.4765625 0.165625 0.1515625 0.0859375
54 0.17890625 0.17109375 0.05859375 0.03671875
54 0.15625 0.36640625 0.06015625 0.03671875
53 0.12421875 0.42890625 0.20234375 0.09453125
54 0.24375 0.171875 0.05859375 0.03828125
54 0.825 0.58984375 0.0578125 0.03671875
53 0.18671875 0.234375 0.15 0.084375
54 0.18046875 0.58984375 0.06015625 0.03671875
54 0.9125 0.36640625 0.05859375 0.03671875
54 0.53359375 0.10390625 0.05859375 0.03828125
54 0.09140625 0.365625 0.05859375 0.03515625
53 0.81640625 0.65390625 0.15 0.0890625
54 0.825 0.1703125 0.06015625 0.03828125
53 0.18359375 0.653125 0.146875 0.0875
54 0.76015625 0.1703125 0.05859375 0.03828125
54 0.76015625 0.590625 0.05859375 0.03828125
53 0.90625 0.42890625 0.14921875 0.0859375
52 0.2109375 0.70703125 0.140625 0.01171875
50 0.53359375 0.665625 0.0609375 0.059375
53 0.303125 0.65 0.02421875 0.06640625
42 0.44117647031249996 0.6390532546875 0.44117647031249996 0.690828403125 0.45063025156250003 0.6967455625000001 0.5 0.695266271875 0.5010504203124999 0.6434911249999999 0.497899159375 0.6375739640625 0.44117647031249996 0.6390532546875