42 0.365625 0.42109375 0.06484375 0.12265625
47 0.50234375 0.4203125 0.0640625 0.12109375
51 0.21328125 0.37265625 0.0296875 0.03515625
53 0.20703125 0.6640625 0.2078125 0.09765625
53 0.17734375 0.23828125 0.1515625 0.0890625
53 0.0890625 0.4375 0.15234375 0.0875
53 0.4765625 0.16953125 0.15 0.0875
53 0.534375 0.7578125 0.1484375 0.0875
5 0.4328125 0.4203125 0.05859375 0.12734375
49 0.5359375 0.678125 0.05859375 0.0609375
54 0.17421875 0.1734375 0.06015625 0.03671875
53 0.79765625 0.23671875 0.2046875 0.09765625
53 0.91796875 0.4375 0.14921875 0.0890625
54 0.4703125 0.10390625 0.06015625 0.03671875
54 0.23984375 0.17578125 0.05859375 0.04140625
54 0.5359375 0.1046875 0.0609375 0.04140625
52 0.20625 0.29765625 0.13984375 0.01484375
41 0.4703125 0.67890625 0.06015625 0.0625