53 0.11484375 0.43359375 0.20390625 0.09453125
54 0.846875 0.36953125 0.06171875 0.03828125
53 0.52578125 0.75078125 0.1484375 0.084375
54 0.821875 0.59375 0.06015625 0.03671875
54 0.75703125 0.59453125 0.0609375 0.03828125
54 0.23515625 0.59453125 0.05859375 0.03828125
53 0.81796875 0.659375 0.146875 0.0875
54 0.91171875 0.36875 0.05859375 0.03671875
53 0.471875 0.16640625 0.14921875 0.0875
53 0.7890625 0.23515625 0.20625 0.09765625
54 0.08125 0.36875 0.06015625 0.03671875
54 0.1453125 0.36953125 0.06015625 0.03828125
53 0.909375 0.4328125 0.14296875 0.0875
54 0.1703125 0.59375 0.06015625 0.03671875
51 0.4015625 0.6390625 0.028125 0.03515625
53 0.1765625 0.65859375 0.14921875 0.0859375
50 0.52890625 0.6734375 0.06015625 0.0625
53 0.18203125 0.2359375 0.15859375 0.0875
37 0.4640625 0.6734375 0.0609375 0.0609375
53 0.2921875 0.2453125 0.0265625 0.06484375
52 0.79375 0.715625 0.13359375 0.01171875