46 0.36328125 0.415625 0.06328125 0.11796875
53 0.115625 0.57109375 0.20625 0.09765625
53 0.8515625 0.2625 0.20703125 0.09609375
53 0.1203125 0.26328125 0.1546875 0.0859375
53 0.528125 0.753125 0.146875 0.0859375
54 0.11328125 0.2 0.0609375 0.03828125
54 0.17890625 0.20078125 0.06171875 0.03984375
53 0.4734375 0.16875 0.15234375 0.0859375
53 0.91015625 0.571875 0.15 0.0875
52 0.49921875 0.80703125 0.13984375 0.01328125
51 0.40390625 0.640625 0.028125 0.03515625
40 0.49765625 0.415625 0.06015625 0.12109375
41 0.4296875 0.41796875 0.0609375 0.12265625
29 0.53046875 0.67578125 0.0609375 0.0625
38 0.49684873906250004 0.7056213015624999 0.497899159375 0.6523668640625 0.49474789843750006 0.6464497046875 0.44432773125 0.6449704140625 0.43592437031250003 0.653846153125 0.43487394999999995 0.6923076921875 0.43907562968749997 0.702662721875 0.4474789921875 0.7071005921875 0.49684873906250004 0.7056213015624999