51 0.690625 0.60234375 0.0296875 0.03671875
28 0.4703125 0.68046875 0.06328125 0.059375
53 0.1281512609375 0.70857988125 0.2489495796875 0.710059171875 0.257352940625 0.6760355031249999 0.2563025203125 0.65532544375 0.25 0.656804734375 0.2468487390625 0.64792899375 0.2552521015625 0.621301775 0.1281512609375 0.622781065625 0.113445378125 0.6331360953125 0.1060924375 0.6464497046875 0.103991596875 0.6760355031249999 0.10714285781249999 0.6893491125 0.1165966390625 0.702662721875 0.1281512609375 0.70857988125
53 0.45693277343750005 0.7958579875 0.45903361406250004 0.8002958578125 0.5819327734375 0.8002958578125 0.5945378156250001 0.79142011875 0.6060924375 0.7677514796875 0.6060924375 0.7470414203125 0.58823529375 0.71597633125 0.45903361406250004 0.7144970421875 0.469537815625 0.744082840625 0.4684873953125 0.76923076875 0.46323529375000005 0.7884615390625 0.45693277343750005 0.7958579875
53 0.74579831875 0.710059171875 0.8760504203125 0.710059171875 0.8897058828125 0.702662721875 0.9012605046875001 0.6819526625 0.9012605046875001 0.6508875734374999 0.8918067234375 0.6316568046875 0.8802521015625 0.622781065625 0.75 0.6198224859375 0.7647058828125 0.649408284375 0.765756303125 0.6730769234375 0.7584033609375 0.6982248515625 0.74579831875 0.710059171875
53 0.7310924375 0.6923076921875 0.7426470593750001 0.6715976328125 0.7352941171875 0.6508875734374999 0.7394957984375 0.636094675 0.7489495796875001 0.6257396453124999 0.7373949578125 0.6168639046875 0.7163865546875 0.621301775 0.7300420171875001 0.66272189375 0.728991596875 0.6730769234375 0.715336134375 0.690828403125 0.7310924375 0.6923076921875
53 0.969537815625 0.4822485203125 0.9831932765625 0.471893490625 0.9926470593750001 0.4497041421875 0.9915966390625 0.418639053125 0.974789915625 0.39792899375 0.842436975 0.393491125 0.8508403359375001 0.42011834375 0.844537815625 0.4630177515625 0.8487394953124999 0.4822485203125 0.969537815625 0.4822485203125
53 0.7584033609375 0.2810650890625 0.8760504203125 0.2810650890625 0.890756303125 0.2736686390625 0.9023109249999999 0.248520709375 0.9023109249999999 0.22928994062500002 0.8970588234375001 0.2115384609375 0.8802521015625 0.195266271875 0.7563025203125 0.195266271875 0.7668067234375 0.2337278109375 0.7647058828125 0.255917159375 0.75420168125 0.2647929 0.7584033609375 0.2810650890625
53 0.5472689078124999 0.195266271875 0.5409663859375 0.1937869828125 0.5357142859375 0.1789940828125 0.53676470625 0.156804734375 0.5483193281250001 0.13165680468750002 0.5451680671875 0.12573964531249998 0.42542016875 0.127218934375 0.41071428593750003 0.136094675 0.40126050468749996 0.156804734375 0.405462184375 0.1967455625 0.42542016875 0.21301775156249997 0.5451680671875 0.210059171875 0.5472689078124999 0.195266271875
53 0.22689075625 0.2810650890625 0.2836134453125 0.28698224843750003 0.2951680671875 0.2810650890625 0.3046218484375 0.2677514796875 0.31092437031250003 0.24408284062500002 0.30882352968750004 0.2189349109375 0.29726890781250004 0.1982248515625 0.282563025 0.1893491125 0.2668067234375 0.187869821875 0.261554621875 0.1937869828125 0.2447478984375 0.195266271875 0.12920168125 0.195266271875 0.1113445375 0.20857988125000002 0.10504201718749999 0.2248520703125 0.103991596875 0.24704142031249998 0.1081932765625 0.26331360937500004 0.12920168125 0.282544378125 0.22689075625 0.2810650890625
53 0.196428571875 0.48668639062499996 0.21218487343749998 0.47337278125 0.2205882359375 0.4467455625 0.219537815625 0.4304733734375 0.2027310921875 0.4304733734375 0.1659663859375 0.40384615312500005 0.16701680624999998 0.3964497046875 0.15966386562499998 0.3949704140625 0.039915965625 0.3949704140625 0.02310924375 0.40384615312500005 0.013655462500000002 0.4230769234375 0.011554621875 0.440828403125 0.0178571421875 0.46597633125 0.039915965625 0.4837278109375 0.196428571875 0.48668639062499996
54 0.7962184875 0.5828402359375 0.7373949578125 0.5843195265625 0.7373949578125 0.615384615625 0.7605042015625 0.621301775 0.7972689078124999 0.6183431953125 0.7962184875 0.5828402359375
54 0.859243696875 0.5828402359375 0.8046218484375001 0.5828402359375 0.8035714281249999 0.6198224859375 0.8623949578125 0.6198224859375 0.8623949578125 0.5857988171875 0.859243696875 0.5828402359375
54 0.8876050421875 0.3550295859375 0.8340336140625 0.3535502953125 0.8277310921875 0.357988165625 0.8287815125 0.38905325468749996 0.8413865546875 0.3949704140625 0.8886554625 0.392011834375 0.8876050421875 0.3550295859375
54 0.8939075624999999 0.3550295859375 0.8949579828124999 0.393491125 0.9527310921875 0.392011834375 0.951680671875 0.3550295859375 0.8939075624999999 0.3550295859375
54 0.8602941171875 0.153846153125 0.8035714281249999 0.153846153125 0.8025210078124999 0.1893491125 0.8056722687500001 0.1923076921875 0.863445378125 0.1893491125 0.8602941171875 0.153846153125
54 0.7962184875 0.153846153125 0.7373949578125 0.15532544375 0.7373949578125 0.1863905328125 0.7531512609375 0.1937869828125 0.7972689078124999 0.187869821875 0.7962184875 0.153846153125
54 0.5661764703125 0.0902366859375 0.561974790625 0.0843195265625 0.5063025203125 0.08727810625 0.5073529406249999 0.1242603546875 0.5514705875 0.12573964531249998 0.567226890625 0.11538461562499999 0.5661764703125 0.0902366859375
54 0.44012605000000005 0.088757396875 0.43907562968749997 0.12278106562499999 0.5010504203124999 0.12278106562499999 0.49894957968750003 0.0857988171875 0.44012605000000005 0.088757396875
54 0.26890756250000003 0.15532544375 0.20903361406249998 0.156804734375 0.20903361406249998 0.1923076921875 0.257352940625 0.1937869828125 0.2699579828125 0.1863905328125 0.26890756250000003 0.15532544375
54 0.1439075625 0.156804734375 0.1428571421875 0.1923076921875 0.20483193281249998 0.190828403125 0.2027310921875 0.15532544375 0.1439075625 0.156804734375
54 0.2678571421875 0.5828402359375 0.20903361406249998 0.5843195265625 0.21008403437499998 0.6198224859375 0.2563025203125 0.621301775 0.2699579828125 0.615384615625 0.2678571421875 0.5828402359375
54 0.1428571421875 0.5843195265625 0.1428571421875 0.6198224859375 0.20483193281249998 0.6183431953125 0.2027310921875 0.5828402359375 0.1428571421875 0.5843195265625
0 0.567226890625 0.6671597640625 0.563025209375 0.649408284375 0.5105042015625 0.649408284375 0.5052521015625 0.653846153125 0.5063025203125 0.7130177515625 0.557773109375 0.7130177515625 0.5661764703125 0.70857988125 0.567226890625 0.6671597640625