51 0.30078125 0.32265625 0.03046875 0.03515625
54 0.789915965625 0.6124260359375 0.789915965625 0.5784023671875 0.7300420171875001 0.57988165625 0.728991596875 0.6050295859375 0.7321428578125 0.6109467453125 0.7415966390625 0.615384615625 0.789915965625 0.6124260359375
54 0.8518907562500001 0.5769230765625 0.7983193281250001 0.5769230765625 0.794117646875 0.5813609468750001 0.7962184875 0.615384615625 0.8550420171875001 0.6124260359375 0.8550420171875001 0.57988165625 0.8518907562500001 0.5769230765625
54 0.789915965625 0.153846153125 0.7300420171875001 0.15532544375 0.7300420171875001 0.1849112421875 0.7436974796875 0.1923076921875 0.7909663859375 0.1893491125 0.789915965625 0.153846153125
54 0.8518907562500001 0.1523668640625 0.7962184875 0.153846153125 0.7930672265625 0.1715976328125 0.7972689078124999 0.190828403125 0.8550420171875001 0.187869821875 0.8518907562500001 0.1523668640625
53 0.16701680624999998 0.710059171875 0.2563025203125 0.710059171875 0.247899159375 0.695266271875 0.25 0.6183431953125 0.1302521015625 0.6168639046875 0.11554621875 0.6242603546875001 0.10504201718749999 0.64053254375 0.10294117656249999 0.6730769234375 0.1081932765625 0.687869821875 0.122899159375 0.702662721875 0.16701680624999998 0.710059171875
53 0.0472689078125 0.479289940625 0.188025209375 0.4837278109375 0.20378151249999998 0.47633136093750006 0.21323529375 0.4630177515625 0.2184873953125 0.44378698281249995 0.21323529375 0.40828402343750003 0.20588235312499997 0.3964497046875 0.192226890625 0.3875739640625 0.150210084375 0.393491125 0.0409663859375 0.392011834375 0.0241596640625 0.4008875734375 0.014705882812500001 0.42011834375 0.013655462500000002 0.445266271875 0.0189075625 0.4615384609375 0.030462184375 0.4748520703125 0.0472689078125 0.479289940625
53 0.2489495796875 0.2795857984375 0.2531512609375 0.2721893484375 0.252100840625 0.26331360937500004 0.24579831875 0.26183431874999996 0.238445378125 0.24704142031249998 0.2373949578125 0.236686390625 0.2394957984375 0.2189349109375 0.25 0.1982248515625 0.24579831875 0.1937869828125 0.1281512609375 0.1937869828125 0.113445378125 0.20266272187499998 0.103991596875 0.221893490625 0.10504201718749999 0.25739645 0.11449579843749999 0.2721893484375 0.127100840625 0.2795857984375 0.2489495796875 0.2795857984375
53 0.5525210078125 0.210059171875 0.5451680671875 0.20857988125000002 0.53676470625 0.195266271875 0.5315126046875001 0.168639053125 0.5336134453125 0.149408284375 0.5462184875 0.12573964531249998 0.4201680671875 0.12573964531249998 0.40756302499999997 0.134615384375 0.39810924375 0.1523668640625 0.39915966406250003 0.187869821875 0.40336134531249995 0.1982248515625 0.41701680625000004 0.210059171875 0.5525210078125 0.210059171875
53 0.7510504203124999 0.27662721874999996 0.8686974796875001 0.27810650937500003 0.8802521015625 0.2721893484375 0.8918067234375 0.2529585796875 0.8928571421875 0.221893490625 0.886554621875 0.2056213015625 0.8760504203125 0.195266271875 0.7857142859375 0.190828403125 0.7489495796875001 0.1923076921875 0.7489495796875001 0.20266272187499998 0.75945378125 0.23076923124999998 0.7510504203124999 0.27662721874999996
53 0.8109243703125 0.4837278109375 0.83298319375 0.47781065156249997 0.9590336140625 0.47781065156249997 0.9768907562500001 0.4630177515625 0.984243696875 0.440828403125 0.9768907562500001 0.406804734375 0.955882353125 0.392011834375 0.8298319328125 0.392011834375 0.807773109375 0.386094675 0.7909663859375 0.3964497046875 0.7804621843749999 0.41568047343750003 0.7783613453125 0.44378698281249995 0.7836134453125 0.4630177515625 0.7930672265625 0.47633136093750006 0.8109243703125 0.4837278109375
53 0.761554621875 0.702662721875 0.8728991593750001 0.702662721875 0.8876050421875 0.687869821875 0.8939075624999999 0.6671597640625 0.8897058828125 0.6375739640625 0.87920168125 0.622781065625 0.8644957984375001 0.6168639046875 0.717436975 0.6124260359375 0.6985294125 0.6257396453124999 0.6890756296875 0.649408284375 0.692226890625 0.6849112421875 0.7027310921875001 0.70118343125 0.717436975 0.710059171875 0.761554621875 0.702662721875
53 0.455882353125 0.78402366875 0.45903361406250004 0.7943786984375001 0.5777310921875001 0.7928994078125 0.5871848734375 0.7869822484375 0.6008403359375001 0.7647929 0.6008403359375001 0.73816568125 0.5871848734375 0.7144970421875 0.5787815125 0.70857988125 0.45903361406250004 0.7071005921875 0.4548319328125 0.7130177515625 0.4663865546875 0.75 0.46428571406249997 0.7677514796875 0.455882353125 0.78402366875
31 0.49684873906250004 0.6508875734374999 0.4936974796875 0.6449704140625 0.43907562968749997 0.6434911249999999 0.43487394999999995 0.6523668640625 0.43382352968750004 0.6937869828125 0.436974790625 0.70118343125 0.49474789843750006 0.7056213015624999 0.49684873906250004 0.6508875734374999
20 0.561974790625 0.702662721875 0.55987395 0.6449704140625 0.502100840625 0.6464497046875 0.502100840625 0.6997041421875 0.5052521015625 0.7041420125 0.53676470625 0.7071005921875 0.561974790625 0.702662721875