51 0.20234375 0.48828125 0.0296875 0.03515625
53 0.5296875 0.75234375 0.1484375 0.0875
53 0.1203125 0.2625 0.15 0.0875
54 0.14765625 0.50703125 0.0578125 0.03828125
53 0.11640625 0.571875 0.20625 0.09609375
54 0.146875 0.2 0.12734375 0.03828125
54 0.08203125 0.50703125 0.0609375 0.03671875
23 0.53203125 0.675 0.06015625 0.0609375
53 0.8515625 0.2625 0.20703125 0.09609375
53 0.471875 0.16875 0.1453125 0.0859375
53 0.9109375 0.57109375 0.15 0.0859375
54 0.53203125 0.10625 0.06015625 0.04140625
54 0.46875 0.10390625 0.0609375 0.03671875
52 0.50078125 0.80625 0.13984375 0.01171875
39 0.46875 0.67578125 0.06328125 0.0625