54 0.88203125 0.2 0.0609375 0.03828125
53 0.528125 0.75234375 0.146875 0.0875
53 0.47265625 0.16796875 0.146875 0.084375
54 0.81796875 0.20078125 0.06171875 0.03984375
53 0.88046875 0.26328125 0.14609375 0.0859375
53 0.1140625 0.57109375 0.2046875 0.09765625
53 0.91015625 0.571875 0.15 0.0875
53 0.12578125 0.2625 0.1609375 0.0875
50 0.4984375 0.41875 0.0640625 0.12421875
52 0.853125 0.321875 0.1421875 0.01328125
6 0.565625 0.415625 0.0578125 0.11796875
33 0.3609375 0.41484375 0.05859375 0.1171875
3 0.4296875 0.41640625 0.05859375 0.11953125
17 0.561974790625 0.653846153125 0.5588235296875 0.6464497046875 0.5052521015625 0.6464497046875 0.5010504203124999 0.6508875734374999 0.5 0.695266271875 0.5031512609375 0.7056213015624999 0.5609243703125 0.7056213015624999 0.561974790625 0.653846153125
21 0.451680671875 0.70857988125 0.49894957968750003 0.7056213015624999 0.497899159375 0.6508875734374999 0.49474789843750006 0.6464497046875 0.44222689062500004 0.6464497046875 0.438025209375 0.6523668640625 0.44117647031249996 0.6686390531249999 0.438025209375 0.6923076921875 0.44222689062500004 0.702662721875 0.451680671875 0.70857988125