36 0.50234375 0.41875 0.06015625 0.12421875
43 0.365625 0.41953125 0.06484375 0.12265625
41 0.571875 0.41953125 0.06015625 0.12265625
53 0.17890625 0.665625 0.1515625 0.0890625
48 0.46875 0.6796875 0.06484375 0.0609375
53 0.5328125 0.75703125 0.1484375 0.0890625
53 0.5046875 0.16875 0.20703125 0.09453125
53 0.88828125 0.4375 0.20625 0.09609375
53 0.0890625 0.4375 0.1515625 0.0875
51 0.68984375 0.60234375 0.0296875 0.0328125
52 0.20625 0.72109375 0.14375 0.01640625
53 0.828125 0.23671875 0.1484375 0.0859375
53 0.81953125 0.6640625 0.1640625 0.09140625
54 0.17421875 0.6 0.06015625 0.03671875
54 0.23828125 0.60078125 0.05859375 0.03828125
16 0.43359375 0.41875 0.0609375 0.12421875
26 0.5359375 0.6796875 0.05859375 0.0609375