53 0.5296875 0.74140625 0.146875 0.0859375
54 0.24453125 0.58984375 0.06015625 0.03671875
54 0.825 0.590625 0.06015625 0.03828125
53 0.81796875 0.23203125 0.1484375 0.0859375
54 0.4703125 0.103125 0.05859375 0.03671875
54 0.17890625 0.17109375 0.05859375 0.03671875
54 0.76015625 0.1703125 0.05859375 0.03828125
54 0.24375 0.171875 0.05859375 0.03828125
54 0.534375 0.10390625 0.05859375 0.03828125
54 0.76015625 0.590625 0.05859375 0.03828125
51 0.4078125 0.63359375 0.028125 0.034375
54 0.15625 0.36640625 0.06015625 0.03671875
54 0.825 0.1703125 0.06015625 0.03828125
53 0.12421875 0.428125 0.2015625 0.09296875
53 0.18984375 0.653125 0.1578125 0.0875
54 0.09140625 0.36640625 0.0609375 0.03671875
53 0.47734375 0.16484375 0.1484375 0.0875
54 0.17890625 0.58984375 0.06015625 0.03671875
53 0.59296875 0.178125 0.0203125 0.04609375
53 0.81796875 0.65390625 0.1484375 0.0859375
52 0.19453125 0.29140625 0.103125 0.01171875
53 0.21328125 0.23359375 0.20390625 0.09765625
46 0.46953125 0.665625 0.06015625 0.059375
29 0.53359375 0.665625 0.05859375 0.059375