53 0.5265625 0.753125 0.1484375 0.0859375
53 0.91015625 0.4359375 0.1484375 0.0875
53 0.11328125 0.43359375 0.20625 0.09453125
53 0.17890625 0.23671875 0.1546875 0.0859375
54 0.16953125 0.5953125 0.06015625 0.03671875
12 0.42890625 0.41640625 0.06015625 0.11953125
53 0.46953125 0.16875 0.14921875 0.0859375
53 0.81953125 0.2359375 0.146875 0.0875
54 0.14453125 0.37265625 0.06015625 0.03515625
54 0.08125 0.3703125 0.06015625 0.03671875
54 0.465625 0.10390625 0.0609375 0.034375
53 0.82109375 0.659375 0.14375 0.0859375
54 0.2328125 0.59609375 0.0609375 0.03828125
54 0.5296875 0.10390625 0.06015625 0.03671875
0 0.36015625 0.4140625 0.05859375 0.11796875
53 0.203125 0.659375 0.20234375 0.09296875
23 0.56484375 0.415625 0.05859375 0.11796875
37 0.5296875 0.675 0.06015625 0.0609375
45 0.465625 0.6765625 0.0609375 0.0609375
25 0.496875 0.415625 0.06015625 0.11953125