9 0.49609375 0.409375 0.0640625 0.12421875
47 0.465625 0.6640625 0.06484375 0.0625
37 0.3625 0.409375 0.05703125 0.11953125
55 0.52890625 0.665625 0.06015625 0.059375
11 0.5640625 0.409375 0.05859375 0.11953125
53 0.4703125 0.165625 0.1453125 0.0859375
53 0.8125 0.2328125 0.15 0.084375
53 0.09453125 0.42890625 0.153125 0.0859375
53 0.52265625 0.74140625 0.1546875 0.0859375
31 0.43046875 0.409375 0.0578125 0.11953125
53 0.9046875 0.42890625 0.14375 0.0859375
53 0.18515625 0.234375 0.15546875 0.0875
54 0.84453125 0.3671875 0.0609375 0.03828125
54 0.90625 0.36640625 0.05859375 0.03671875
53 0.80234375 0.653125 0.17109375 0.09296875
52 0.87578125 0.4859375 0.13984375 0.01328125
53 0.20859375 0.65390625 0.20234375 0.09765625