46 0.571875 0.41796875 0.0640625 0.1171875
53 0.4796875 0.16953125 0.15625 0.0875
53 0.20703125 0.66640625 0.2078125 0.09609375
53 0.090625 0.4375 0.153125 0.0875
51 0.76015625 0.33515625 0.0296875 0.034375
36 0.365625 0.41875 0.0609375 0.12109375
53 0.825 0.2375 0.15234375 0.0875
53 0.91640625 0.4390625 0.15 0.0859375
54 0.23984375 0.175 0.0609375 0.03984375
53 0.53203125 0.7578125 0.15 0.0875
54 0.17421875 0.1734375 0.06015625 0.03671875
53 0.17890625 0.2390625 0.15 0.0875
53 0.79921875 0.66640625 0.2046875 0.09296875
34 0.4328125 0.41953125 0.05859375 0.12265625
26 0.503125 0.4203125 0.06171875 0.12109375
52 0.50390625 0.8125 0.1421875 0.01015625
33 0.46875 0.67890625 0.06015625 0.0625
13 0.5359375 0.67890625 0.06015625 0.0625