54 0.4703125 0.103125 0.05859375 0.03671875
7 0.53359375 0.66484375 0.05859375 0.0578125
53 0.81796875 0.23359375 0.1484375 0.0859375
53 0.53125 0.74140625 0.14609375 0.0859375
54 0.24375 0.590625 0.05859375 0.03828125
53 0.1234375 0.42890625 0.20234375 0.09453125
54 0.825 0.58984375 0.0578125 0.03671875
54 0.53359375 0.10390625 0.05859375 0.03828125
54 0.84921875 0.36640625 0.0578125 0.03671875
54 0.17890625 0.17109375 0.05859375 0.03671875
54 0.15625 0.36640625 0.06015625 0.03671875
53 0.47578125 0.165625 0.14921875 0.0859375
54 0.24375 0.171875 0.05859375 0.03828125
54 0.9125 0.36640625 0.05859375 0.03671875
53 0.18671875 0.234375 0.15 0.084375
53 0.81640625 0.65390625 0.1484375 0.0859375
51 0.75390625 0.328125 0.0296875 0.03515625
53 0.909375 0.4296875 0.14609375 0.084375
54 0.09140625 0.365625 0.05859375 0.03515625
54 0.76015625 0.590625 0.05859375 0.03828125
54 0.76015625 0.1703125 0.05859375 0.03828125
54 0.17890625 0.58984375 0.06015625 0.03671875
54 0.825 0.1703125 0.06015625 0.03828125
52 0.49609375 0.7953125 0.12734375 0.01015625
53 0.2125 0.65234375 0.2015625 0.10078125
53 0.9140625 0.95078125 0.15546875 0.090625
41 0.4703125 0.6671875 0.06015625 0.0625