53 0.5265625 0.75 0.1484375 0.0890625
54 0.23515625 0.59453125 0.0609375 0.03828125
54 0.23515625 0.1734375 0.05859375 0.03828125
53 0.78984375 0.659375 0.20625 0.09921875
53 0.9078125 0.43359375 0.14921875 0.0859375
54 0.1703125 0.17265625 0.06015625 0.03671875
54 0.1703125 0.59375 0.0578125 0.03671875
54 0.82265625 0.59375 0.06015625 0.03671875
54 0.75859375 0.59453125 0.0609375 0.03828125
54 0.5296875 0.10546875 0.06015625 0.03984375
53 0.8171875 0.23515625 0.1515625 0.0859375
54 0.1453125 0.3703125 0.06015625 0.03984375
53 0.4703125 0.16875 0.146875 0.0859375
53 0.1828125 0.65859375 0.16171875 0.0890625
54 0.08125 0.36875 0.06015625 0.03671875
53 0.08671875 0.43515625 0.15 0.0890625
53 0.17578125 0.23671875 0.1484375 0.0859375
52 0.790625 0.71640625 0.14296875 0.01328125
54 0.4640625 0.10390625 0.05859375 0.03515625
55 0.465625 0.6734375 0.06328125 0.0609375
51 0.209375 0.3671875 0.0296875 0.0328125
15 0.5296875 0.6734375 0.06015625 0.0609375