53 0.5265625 0.7515625 0.14609375 0.0859375
51 0.54140625 0.271875 0.03046875 0.0328125
53 0.115625 0.43359375 0.20625 0.09453125
54 0.23515625 0.1734375 0.05859375 0.03828125
54 0.23515625 0.5953125 0.05859375 0.03671875
53 0.81640625 0.23515625 0.1484375 0.0859375
54 0.5296875 0.10390625 0.06015625 0.03671875
54 0.82265625 0.171875 0.06015625 0.03828125
54 0.75859375 0.59453125 0.0609375 0.03828125
53 0.81796875 0.659375 0.1484375 0.0875
54 0.1703125 0.17265625 0.06015625 0.03671875
54 0.82265625 0.59375 0.06015625 0.03671875
53 0.4765625 0.16875 0.15859375 0.0859375
54 0.846875 0.3703125 0.06171875 0.03984375
24 0.5296875 0.6734375 0.06171875 0.0609375
53 0.17734375 0.23671875 0.15 0.0859375
54 0.465625 0.10390625 0.0609375 0.03515625
54 0.75859375 0.171875 0.05859375 0.03828125
54 0.1703125 0.59453125 0.06015625 0.03515625
54 0.9125 0.36953125 0.0609375 0.03828125
53 0.20390625 0.659375 0.20390625 0.09921875
53 0.88046875 0.4328125 0.20234375 0.09296875
52 0.790625 0.71640625 0.140625 0.01328125
40 0.4640625 0.67421875 0.0609375 0.0625