53 0.11328125 0.434375 0.20234375 0.09296875
34 0.4640625 0.67421875 0.05859375 0.0625
54 0.23515625 0.59453125 0.05859375 0.03828125
54 0.23671875 0.1734375 0.05859375 0.03984375
53 0.49765625 0.16484375 0.2046875 0.09296875
53 0.81953125 0.2359375 0.14375 0.0875
53 0.17578125 0.23671875 0.1484375 0.0859375
53 0.52578125 0.75078125 0.1484375 0.084375
54 0.82265625 0.59375 0.06015625 0.03671875
54 0.75859375 0.59453125 0.0609375 0.03828125
54 0.1703125 0.17265625 0.06015625 0.03671875
2 0.52890625 0.6734375 0.06015625 0.059375
54 0.1703125 0.59375 0.0578125 0.03671875
54 0.75859375 0.171875 0.0609375 0.03828125
53 0.88046875 0.4328125 0.2046875 0.09296875
53 0.178125 0.65859375 0.15 0.0859375
53 0.81875 0.659375 0.14609375 0.0875
54 0.08125 0.36875 0.0609375 0.03671875
54 0.82265625 0.17109375 0.06015625 0.03671875
51 0.4015625 0.6390625 0.028125 0.03515625
54 0.1453125 0.36953125 0.06015625 0.03828125
54 0.88046875 0.36953125 0.125 0.03828125
52 0.7921875 0.2921875 0.1421875 0.01328125