46 0.3625 0.415625 0.0609375 0.11796875
53 0.115625 0.57109375 0.20625 0.09765625
54 0.81953125 0.2 0.0609375 0.03828125
53 0.528125 0.753125 0.146875 0.0859375
54 0.88203125 0.2 0.0609375 0.03828125
39 0.4671875 0.67578125 0.0609375 0.0625
53 0.87734375 0.26328125 0.15 0.0859375
53 0.909375 0.571875 0.14921875 0.0875
51 0.74140625 0.58984375 0.0296875 0.03671875
53 0.128125 0.26328125 0.16796875 0.0859375
52 0.49921875 0.80703125 0.13984375 0.01328125
53 0.48515625 0.1671875 0.1734375 0.09140625
40 0.4984375 0.4171875 0.06015625 0.12421875
20 0.53046875 0.6765625 0.05859375 0.0609375
11 0.43046875 0.41875 0.06015625 0.12734375