51 0.2125 0.36484375 0.03046875 0.03125
53 0.44957983125 0.702662721875 0.46323529375000005 0.7322485203125 0.46323529375000005 0.7544378703125 0.4537815125 0.78402366875 0.5703781515624999 0.78402366875 0.585084034375 0.7751479296875 0.5966386546875 0.7514792906250001 0.597689075 0.7337278109375001 0.592436975 0.7189349109375 0.5766806718749999 0.70118343125 0.451680671875 0.6982248515625 0.44957983125 0.702662721875
53 0.11554621875 0.6183431953125 0.10714285781249999 0.6316568046875 0.10504201718749999 0.6597633140625 0.1081932765625 0.6745562125 0.1197478984375 0.690828403125 0.1334033609375 0.695266271875 0.282563025 0.6997041421875 0.30357142812500004 0.6804733734374999 0.30882352968750004 0.653846153125 0.298319328125 0.6183431953125 0.2762605046875 0.6050295859375 0.24222689062499997 0.6109467453125 0.1302521015625 0.60946745625 0.11554621875 0.6183431953125
53 0.0178571421875 0.41420118281249996 0.0178571421875 0.4467455625 0.0241596640625 0.46005917187499995 0.0378151265625 0.471893490625 0.163865546875 0.4704142015625 0.150210084375 0.437869821875 0.15126050468750002 0.42011834375 0.164915965625 0.38905325468749996 0.15966386562499998 0.3964497046875 0.15441176406249998 0.3875739640625 0.04201680625 0.3875739640625 0.025210084375000004 0.39792899375 0.0178571421875 0.41420118281249996
53 0.2584033609375 0.1923076921875 0.1302521015625 0.1923076921875 0.11449579843749999 0.20266272187499998 0.10714285781249999 0.21745562187499998 0.10504201718749999 0.24408284062500002 0.1081932765625 0.255917159375 0.12920168125 0.27662721874999996 0.2563025203125 0.27662721874999996 0.2647058828125 0.282544378125 0.282563025 0.282544378125 0.30042016875 0.2662721890625 0.307773109375 0.24408284062500002 0.30567226875000003 0.2189349109375 0.2794117640625 0.2115384609375 0.2783613453125 0.1863905328125 0.2584033609375 0.1923076921875
53 0.5714285718750001 0.1198224859375 0.55987395 0.1183431953125 0.544117646875 0.12573964531249998 0.42436974843749997 0.1242603546875 0.4065126046875 0.13313609531249998 0.3970588234375 0.1508875734375 0.3970588234375 0.1804733734375 0.40126050468749996 0.1923076921875 0.41596638593749996 0.2071005921875 0.5546218484375001 0.210059171875 0.5493697484375 0.1937869828125 0.55567226875 0.1849112421875 0.5472689078124999 0.1789940828125 0.5430672265625 0.1508875734375 0.557773109375 0.136094675 0.55987395 0.127218934375 0.567226890625 0.127218934375 0.5714285718750001 0.1198224859375
53 0.585084034375 0.2056213015625 0.5987394953125 0.1789940828125 0.5955882359375 0.14644970468750002 0.5840336140625 0.156804734375 0.5766806718749999 0.1745562125 0.5724789921875 0.1849112421875 0.580882353125 0.1997041421875 0.5798319328125 0.2056213015625 0.585084034375 0.2056213015625
53 0.7373949578125 0.190828403125 0.75420168125 0.2352071 0.7489495796875001 0.25739645 0.7510504203124999 0.2751479296875 0.859243696875 0.2751479296875 0.8760504203125 0.2662721890625 0.8855042015624999 0.24704142031249998 0.8855042015624999 0.2189349109375 0.87920168125 0.20266272187499998 0.8676470593750001 0.1923076921875 0.7741596640624999 0.1893491125 0.7373949578125 0.190828403125
53 0.794117646875 0.38905325468749996 0.811974790625 0.3875739640625 0.826680671875 0.393491125 0.8193277312499999 0.47337278125 0.9485294124999999 0.47337278125 0.965336134375 0.4630177515625 0.974789915625 0.44230769218750005 0.9758403359375001 0.42159763281249996 0.9705882359375 0.40532544374999996 0.9548319328125 0.38905325468749996 0.7972689078124999 0.384615384375 0.794117646875 0.38905325468749996
53 0.775210084375 0.452662721875 0.782563025 0.4630177515625 0.79201680625 0.46597633125 0.7951680671875 0.445266271875 0.789915965625 0.399408284375 0.794117646875 0.392011834375 0.7857142859375 0.393491125 0.7857142859375 0.4008875734375 0.775210084375 0.4097633140625 0.7720588234375 0.42159763281249996 0.775210084375 0.452662721875
53 0.68487395 0.6449704140625 0.688025209375 0.6775147921875 0.7027310921875001 0.6967455625000001 0.7142857140625 0.70118343125 0.738445378125 0.695266271875 0.8613445375 0.695266271875 0.8813025203124999 0.6789940828125001 0.8876050421875 0.653846153125 0.8802521015625 0.6242603546875001 0.8644957984375001 0.6109467453125 0.71323529375 0.6050295859375 0.6985294125 0.613905325 0.68487395 0.6449704140625
54 0.8487394953124999 0.6065088750000001 0.8487394953124999 0.57988165625 0.844537815625 0.5710059171874999 0.789915965625 0.5739644968750001 0.7909663859375 0.607988165625 0.8487394953124999 0.6065088750000001
54 0.7836134453125 0.6065088750000001 0.7857142859375 0.57988165625 0.782563025 0.5710059171874999 0.7310924375 0.5710059171874999 0.724789915625 0.5784023671875 0.7237394953125 0.600591715625 0.728991596875 0.6050295859375 0.74054621875 0.60946745625 0.7836134453125 0.6065088750000001
36 0.3697478984375 0.350591715625 0.335084034375 0.35207100625 0.3319327734375 0.356508875 0.3319327734375 0.46597633125 0.336134453125 0.4704142015625 0.3897058828125 0.467455621875 0.390756303125 0.356508875 0.3697478984375 0.350591715625
30 0.45903361406250004 0.45562130156249997 0.45693277343750005 0.3550295859375 0.4527310921875 0.350591715625 0.40336134531249995 0.35207100625 0.39915966406250003 0.35946745625 0.39915966406250003 0.46597633125 0.4044117640625 0.4704142015625 0.4527310921875 0.4704142015625 0.45903361406250004 0.45562130156249997
14 0.5084033609375 0.467455621875 0.5084033609375 0.4630177515625 0.525210084375 0.452662721875 0.5262605046875 0.3624260359375 0.52310924375 0.35207100625 0.4758403359375 0.34911242656249997 0.4663865546875 0.357988165625 0.46533613437500004 0.452662721875 0.48634453750000006 0.467455621875 0.5084033609375 0.467455621875