36 0.46875 0.67890625 0.06015625 0.0625
53 0.4765625 0.1703125 0.153125 0.0890625
53 0.17734375 0.2390625 0.1515625 0.0875
54 0.85703125 0.3734375 0.0609375 0.03671875
53 0.53125 0.7578125 0.15234375 0.0875
54 0.8328125 0.6 0.06015625 0.03671875
54 0.4703125 0.10390625 0.06015625 0.03671875
51 0.68984375 0.60234375 0.0296875 0.0328125
54 0.921875 0.3734375 0.06015625 0.03671875
53 0.090625 0.4375 0.153125 0.0890625
54 0.17265625 0.6 0.06171875 0.03671875
54 0.83125 0.1734375 0.0609375 0.03828125
54 0.17421875 0.1734375 0.06015625 0.03671875
54 0.23984375 0.17578125 0.05859375 0.04140625
53 0.91875 0.4375 0.146875 0.0890625
54 0.7671875 0.1734375 0.0609375 0.03828125
53 0.82734375 0.23671875 0.15 0.0859375
53 0.18125 0.665625 0.1546875 0.0890625
54 0.23984375 0.60078125 0.0609375 0.03828125
54 0.7671875 0.60078125 0.05859375 0.03828125
54 0.534375 0.10546875 0.05859375 0.03984375
53 0.82265625 0.665625 0.15625 0.0890625
52 0.20703125 0.29765625 0.13828125 0.01484375
30 0.534375 0.678125 0.05859375 0.0609375