54 0.23671875 0.171875 0.05859375 0.03828125
53 0.5234375 0.74140625 0.1484375 0.0859375
54 0.81796875 0.58984375 0.06015625 0.03671875
54 0.75390625 0.590625 0.05859375 0.03828125
53 0.7859375 0.65234375 0.20234375 0.09453125
54 0.4640625 0.103125 0.05859375 0.03671875
53 0.2046875 0.653125 0.2015625 0.09921875
53 0.8140625 0.2328125 0.146875 0.0875
54 0.17265625 0.17109375 0.06015625 0.03671875
54 0.1484375 0.3671875 0.06015625 0.03828125
54 0.2375 0.590625 0.05859375 0.03828125
54 0.90703125 0.36640625 0.06015625 0.03671875
51 0.7484375 0.328125 0.028125 0.03515625
54 0.7546875 0.1703125 0.06015625 0.03828125
54 0.17265625 0.58984375 0.06015625 0.03671875
53 0.17890625 0.23515625 0.14921875 0.0859375
54 0.08515625 0.36640625 0.05859375 0.03671875
54 0.84375 0.36640625 0.05859375 0.03671875
54 0.81796875 0.1703125 0.0609375 0.03828125
53 0.90078125 0.42890625 0.15 0.0859375
53 0.09609375 0.42890625 0.15859375 0.0859375
53 0.471875 0.16640625 0.14921875 0.0875
7 0.46328125 0.66640625 0.05859375 0.0578125
54 0.52890625 0.10390625 0.06015625 0.03828125
52 0.4890625 0.79765625 0.12265625 0.01171875
53 0.29296875 0.25 0.0296875 0.05625
1 0.528125 0.66640625 0.06015625 0.0578125