8 0.52890625 0.66484375 0.0578125 0.0578125
54 0.17421875 0.17109375 0.06015625 0.03671875
53 0.525 0.74140625 0.1484375 0.0859375
54 0.23828125 0.171875 0.05859375 0.03828125
54 0.465625 0.103125 0.05859375 0.03671875
53 0.17890625 0.234375 0.146875 0.084375
53 0.08984375 0.42890625 0.14609375 0.0859375
54 0.52890625 0.10390625 0.0578125 0.03828125
53 0.46875 0.16640625 0.14609375 0.0875
54 0.8203125 0.58984375 0.05859375 0.03671875
54 0.84296875 0.3671875 0.06015625 0.03828125
54 0.0859375 0.36640625 0.05859375 0.03671875
54 0.17421875 0.58984375 0.06015625 0.03671875
54 0.15078125 0.3671875 0.06015625 0.03828125
54 0.75546875 0.590625 0.06015625 0.03828125
54 0.9078125 0.36640625 0.0578125 0.03671875
53 0.18515625 0.65234375 0.159375 0.0859375
53 0.88828125 0.428125 0.1765625 0.090625
54 0.23828125 0.590625 0.05859375 0.03828125
53 0.7859375 0.65234375 0.2015625 0.09765625
51 0.30859375 0.5921875 0.028125 0.028125
52 0.49140625 0.221875 0.12734375 0.01484375
34 0.465625 0.66796875 0.0609375 0.0609375