54 0.75859375 0.17421875 0.05859375 0.03828125
54 0.23515625 0.17578125 0.05859375 0.03828125
54 0.1703125 0.596875 0.0578125 0.03671875
54 0.23515625 0.59765625 0.0609375 0.03828125
53 0.52421875 0.753125 0.1515625 0.0890625
54 0.5296875 0.1078125 0.06015625 0.03828125
54 0.146875 0.37421875 0.06015625 0.03828125
54 0.8484375 0.3734375 0.06015625 0.03671875
12 0.4640625 0.6765625 0.05859375 0.0609375
54 0.1703125 0.175 0.06015625 0.03671875
54 0.08125 0.37265625 0.06015625 0.03515625
54 0.821875 0.17421875 0.06015625 0.03828125
51 0.2734375 0.32734375 0.028125 0.034375
53 0.4703125 0.171875 0.146875 0.0859375
54 0.4640625 0.10703125 0.0609375 0.03671875
53 0.81796875 0.23828125 0.146875 0.0859375
53 0.81484375 0.66171875 0.15234375 0.0875
54 0.9125 0.37265625 0.05859375 0.03515625
53 0.08828125 0.43671875 0.14921875 0.0890625
53 0.18125 0.6609375 0.15859375 0.0859375
53 0.18125 0.23828125 0.15859375 0.0859375
53 0.9078125 0.43671875 0.15 0.0890625
2 0.52890625 0.67578125 0.06015625 0.059375
52 0.47109375 0.80859375 0.0875 0.01015625