53 0.8796875 0.43203125 0.20703125 0.09453125
54 0.23515625 0.5953125 0.05859375 0.03671875
54 0.23515625 0.1734375 0.05859375 0.03828125
53 0.5265625 0.74921875 0.14609375 0.0875
54 0.75859375 0.59453125 0.0609375 0.03828125
54 0.82265625 0.59375 0.06015625 0.03671875
54 0.5296875 0.10390625 0.06015625 0.03671875
53 0.17578125 0.23671875 0.14921875 0.0859375
54 0.1703125 0.17265625 0.06015625 0.03671875
53 0.81796875 0.659375 0.146875 0.0875
54 0.1453125 0.36953125 0.06015625 0.03828125
29 0.52890625 0.6734375 0.06171875 0.059375
54 0.4640625 0.10390625 0.0609375 0.03515625
54 0.08125 0.36875 0.06015625 0.03671875
53 0.81484375 0.234375 0.15546875 0.0875
54 0.1703125 0.59375 0.0578125 0.03671875
51 0.209375 0.36875 0.0296875 0.034375
53 0.17890625 0.659375 0.1546875 0.0875
34 0.4640625 0.67421875 0.05859375 0.0625
52 0.4984375 0.80390625 0.13984375 0.01328125
53 0.4703125 0.16875 0.1484375 0.0859375
53 0.1140625 0.4328125 0.2046875 0.09296875