8 0.49609375 0.4109375 0.0578125 0.12421875
9 0.43046875 0.4109375 0.0578125 0.12109375
32 0.63203125 0.41015625 0.05859375 0.1171875
53 0.2078125 0.653125 0.20234375 0.09609375
53 0.52578125 0.740625 0.14609375 0.084375
53 0.7859375 0.653125 0.2015625 0.09609375
53 0.09140625 0.42890625 0.146875 0.0859375
53 0.2078125 0.2328125 0.20234375 0.09296875
53 0.46875 0.16640625 0.14609375 0.0875
53 0.8140625 0.2328125 0.14921875 0.084375
51 0.21328125 0.36484375 0.0296875 0.034375
33 0.52890625 0.09296875 0.06171875 0.0625
53 0.896875 0.4296875 0.15625 0.0875
4 0.81953125 0.15625 0.05859375 0.0578125
40 0.465625 0.0921875 0.05859375 0.0578125
35 0.5640625 0.4125 0.05859375 0.12109375
6 0.75546875 0.15859375 0.05859375 0.0625
48 0.3625 0.409375 0.05859375 0.12109375
53 0.78671875 0.44296875 0.02734375 0.0546875