54 0.0828125 0.3734375 0.0609375 0.03671875
53 0.88828125 0.4375 0.2078125 0.09609375
53 0.0890625 0.4390625 0.1515625 0.0859375
54 0.17421875 0.6 0.06015625 0.03671875
53 0.17890625 0.2390625 0.15 0.0875
31 0.534375 0.678125 0.0609375 0.0609375
54 0.83203125 0.6 0.05859375 0.03671875
53 0.53203125 0.7578125 0.15 0.0875
53 0.18125 0.665625 0.1546875 0.0890625
54 0.4703125 0.10390625 0.06015625 0.03671875
53 0.82734375 0.2375 0.146875 0.0875
53 0.82578125 0.66640625 0.1546875 0.090625
54 0.8328125 0.1734375 0.06015625 0.03828125
54 0.534375 0.10546875 0.0609375 0.03984375
54 0.7671875 0.1734375 0.0609375 0.03828125
54 0.23828125 0.60078125 0.05859375 0.03828125
54 0.1484375 0.37578125 0.06015625 0.04140625
54 0.17421875 0.1734375 0.06015625 0.03671875
53 0.47734375 0.1703125 0.15234375 0.0859375
51 0.21328125 0.3734375 0.0296875 0.03671875
54 0.23984375 0.17578125 0.05859375 0.04140625
54 0.7671875 0.60078125 0.05859375 0.03828125
44 0.46875 0.67890625 0.06171875 0.0625
52 0.8 0.72109375 0.1421875 0.01328125