53 0.12265625 0.4296875 0.20234375 0.09609375
54 0.24375 0.5921875 0.05859375 0.03671875
53 0.2109375 0.23515625 0.20390625 0.09765625
11 0.534375 0.66796875 0.05859375 0.0609375
54 0.7625 0.1703125 0.0609375 0.03828125
53 0.53046875 0.74296875 0.146875 0.0859375
53 0.50390625 0.16484375 0.2046875 0.09296875
54 0.534375 0.103125 0.05859375 0.03671875
54 0.24375 0.17265625 0.05859375 0.03671875
54 0.4703125 0.103125 0.06015625 0.034375
53 0.81953125 0.23359375 0.1484375 0.0859375
53 0.9109375 0.43046875 0.146875 0.0859375
54 0.1546875 0.36796875 0.0578125 0.03671875
54 0.17890625 0.59140625 0.0578125 0.03515625
54 0.91484375 0.36640625 0.05703125 0.03671875
54 0.82578125 0.590625 0.0578125 0.03671875
53 0.82109375 0.65625 0.146875 0.0875
54 0.17890625 0.171875 0.05859375 0.03515625
54 0.76171875 0.59296875 0.05859375 0.03828125
54 0.82578125 0.1703125 0.0578125 0.03515625
51 0.31328125 0.60078125 0.02734375 0.0328125
54 0.09140625 0.36640625 0.05859375 0.03671875
54 0.8515625 0.36796875 0.06015625 0.03671875
52 0.48828125 0.22265625 0.10703125 0.01328125
53 0.2109375 0.653125 0.2015625 0.09609375
13 0.44012605000000005 0.6449704140625 0.44222689062500004 0.695266271875 0.451680671875 0.6997041421875 0.5010504203124999 0.6982248515625 0.49894957968750003 0.6390532546875 0.4453781515625 0.6375739640625 0.44012605000000005 0.6449704140625