53 0.528125 0.75234375 0.1484375 0.0875
54 0.23515625 0.1734375 0.05859375 0.03828125
53 0.20546875 0.23671875 0.20703125 0.09765625
51 0.30546875 0.6046875 0.0296875 0.0328125
54 0.1703125 0.1734375 0.06015625 0.03828125
54 0.1703125 0.5953125 0.06015625 0.03671875
54 0.23515625 0.59609375 0.05859375 0.03828125
53 0.178125 0.659375 0.15 0.0859375
53 0.82109375 0.2375 0.14609375 0.090625
53 0.0859375 0.4359375 0.14921875 0.0875
53 0.81953125 0.659375 0.14921875 0.0859375
54 0.0828125 0.3703125 0.06015625 0.03671875
45 0.46640625 0.67578125 0.0609375 0.0625
54 0.76015625 0.17265625 0.0609375 0.03984375
53 0.91015625 0.43515625 0.15 0.0890625
54 0.1453125 0.37109375 0.06015625 0.03828125
54 0.82578125 0.59609375 0.06015625 0.03828125
17 0.53125 0.675 0.06171875 0.0609375
54 0.82578125 0.171875 0.06015625 0.03828125
54 0.76015625 0.59609375 0.06328125 0.03828125