52 0.11484375 0.628125 0.13828125 0.01484375
32 0.43046875 0.41875 0.06484375 0.11953125
51 0.54453125 0.2734375 0.0296875 0.03671875
2 0.3625 0.4171875 0.0609375 0.11953125
43 0.53125 0.67578125 0.0609375 0.0609375
53 0.025210084375000004 0.5355029578125 0.012605042187500002 0.5606508875 0.012605042187500002 0.57988165625 0.0199579828125 0.60207100625 0.038865546875000004 0.615384615625 0.163865546875 0.613905325 0.1911764703125 0.6198224859375 0.21008403437499998 0.6050295859375 0.2184873953125 0.5813609468750001 0.21323529375 0.5443786984375001 0.20063025156249997 0.5281065093749999 0.186974790625 0.5221893484375 0.038865546875000004 0.5281065093749999 0.025210084375000004 0.5355029578125
53 0.0567226890625 0.22928994062500002 0.0462184875 0.248520709375 0.048319328125 0.28698224843750003 0.06932773125 0.3076923078125 0.224789915625 0.3106508875 0.2447478984375 0.2928994078125 0.2510504203125 0.26183431874999996 0.2447478984375 0.248520709375 0.2373949578125 0.2603550296875 0.2279411765625 0.26183431874999996 0.20063025156249997 0.23076923124999998 0.2027310921875 0.2204142015625 0.06932773125 0.221893490625 0.0567226890625 0.22928994062500002
53 0.4065126046875 0.20118343125 0.41806722656249995 0.210059171875 0.5462184875 0.20857988125000002 0.5315126046875001 0.1789940828125 0.532563025 0.153846153125 0.5451680671875 0.12573964531249998 0.4212184875 0.12573964531249998 0.4065126046875 0.136094675 0.39915966406250003 0.149408284375 0.39915966406250003 0.1863905328125 0.4065126046875 0.20118343125
53 0.8182773109375001 0.26923076875 0.8161764703125 0.28402366875 0.8067226890624999 0.30325443750000003 0.7962184875 0.3076923078125 0.9317226890624999 0.3076923078125 0.9474789921875001 0.29142011874999996 0.9537815125 0.2721893484375 0.9527310921875 0.25147929062499996 0.9474789921875001 0.23816568125 0.9296218484375001 0.221893490625 0.8046218484375001 0.22337278125 0.8182773109375001 0.26923076875
53 0.842436975 0.6035502953125 0.8350840343750001 0.6124260359375 0.9621848734375 0.613905325 0.9768907562500001 0.60207100625 0.984243696875 0.5857988171875 0.9852941171875 0.5636094671875 0.9810924375000001 0.547337278125 0.96323529375 0.5295857984375 0.83823529375 0.5295857984375 0.849789915625 0.5680473375 0.842436975 0.6035502953125
53 0.455882353125 0.710059171875 0.4537815125 0.7130177515625 0.4663865546875 0.755917159375 0.46533613437500004 0.7677514796875 0.455882353125 0.7855029578125 0.4548319328125 0.7943786984375001 0.45903361406250004 0.797337278125 0.5766806718749999 0.7943786984375001 0.586134453125 0.789940828125 0.6029411765625 0.76923076875 0.60189075625 0.736686390625 0.580882353125 0.710059171875 0.455882353125 0.710059171875
0 0.5010504203124999 0.48076923125000004 0.5262605046875 0.4748520703125 0.5304621843749999 0.46005917187499995 0.527310925 0.357988165625 0.49054621875000004 0.3535502953125 0.472689075 0.3550295859375 0.4684873953125 0.3624260359375 0.4684873953125 0.471893490625 0.49054621875000004 0.47337278125 0.5010504203124999 0.48076923125000004
33 0.49894957968750003 0.7056213015624999 0.497899159375 0.6523668640625 0.49474789843750006 0.6464497046875 0.4453781515625 0.6449704140625 0.43592437031250003 0.653846153125 0.43487394999999995 0.6923076921875 0.438025209375 0.702662721875 0.44957983125 0.70857988125 0.49894957968750003 0.7056213015624999
54 0.054621848437499995 0.4896449703125 0.0525210078125 0.5251479296875 0.1113445375 0.5251479296875 0.10924369687499999 0.48816568125000004 0.054621848437499995 0.4896449703125
54 0.164915965625 0.5266272187500001 0.1775210078125 0.51923076875 0.173319328125 0.48816568125000004 0.117647059375 0.4896449703125 0.117647059375 0.5251479296875 0.164915965625 0.5266272187500001
54 0.8014705875000001 0.2204142015625 0.8487394953124999 0.21745562187499998 0.8466386546875 0.1819526625 0.788865546875 0.1849112421875 0.789915965625 0.21449704218750001 0.8014705875000001 0.2204142015625
54 0.853991596875 0.183431953125 0.8529411765624999 0.21597633125 0.8560924375000001 0.2204142015625 0.91176470625 0.2204142015625 0.9149159656249999 0.21597633125 0.91176470625 0.1819526625 0.853991596875 0.183431953125