9 0.42890625 0.415625 0.06015625 0.12109375
43 0.56640625 0.4140625 0.0609375 0.11796875
53 0.790625 0.659375 0.2046875 0.09609375
53 0.88046875 0.43359375 0.20703125 0.09453125
53 0.11484375 0.434375 0.2046875 0.09296875
54 0.23671875 0.5953125 0.0609375 0.03671875
54 0.1703125 0.1734375 0.06015625 0.03828125
53 0.471875 0.16796875 0.15 0.084375
54 0.1703125 0.5953125 0.06015625 0.03671875
54 0.23671875 0.1734375 0.05859375 0.03984375
53 0.178125 0.23671875 0.15 0.0859375
53 0.52890625 0.7515625 0.14609375 0.0859375
53 0.81875 0.23515625 0.1484375 0.0859375
53 0.17734375 0.659375 0.1484375 0.0875
51 0.2734375 0.32421875 0.028125 0.03515625
48 0.36171875 0.4140625 0.05859375 0.11796875
34 0.496875 0.4140625 0.05859375 0.12109375