31 0.52890625 0.6734375 0.06015625 0.0609375
53 0.52578125 0.7515625 0.1484375 0.0859375
53 0.82109375 0.2359375 0.1484375 0.0875
54 0.23515625 0.5953125 0.05859375 0.03671875
54 0.82265625 0.59375 0.06015625 0.03671875
53 0.81796875 0.659375 0.14609375 0.0875
54 0.75859375 0.59453125 0.0609375 0.03828125
54 0.1703125 0.17265625 0.06015625 0.03671875
53 0.909375 0.43359375 0.14609375 0.0859375
54 0.23515625 0.1734375 0.05859375 0.03828125
54 0.1703125 0.59453125 0.0578125 0.03515625
53 0.178125 0.65859375 0.15 0.0859375
53 0.17578125 0.23671875 0.1484375 0.0859375
54 0.08125 0.36875 0.0609375 0.03671875
51 0.30625 0.60390625 0.028125 0.0328125
54 0.1453125 0.36953125 0.06015625 0.03828125
54 0.75859375 0.171875 0.0609375 0.03828125
53 0.11484375 0.4328125 0.20390625 0.09296875
54 0.82265625 0.171875 0.06015625 0.03828125
54 0.846875 0.36953125 0.06171875 0.03828125
52 0.78515625 0.2921875 0.125 0.01328125
46 0.4640625 0.6734375 0.0609375 0.0609375