51 0.278125 0.328125 0.0296875 0.03671875
52 0.503125 0.8125 0.13984375 0.01328125
54 0.1439075625 0.156804734375 0.1428571421875 0.1923076921875 0.20483193281249998 0.190828403125 0.201680671875 0.15532544375 0.1439075625 0.156804734375
54 0.26890756250000003 0.15532544375 0.20903361406249998 0.156804734375 0.20903361406249998 0.1923076921875 0.2584033609375 0.1937869828125 0.2699579828125 0.1863905328125 0.26890756250000003 0.15532544375
54 0.054621848437499995 0.3550295859375 0.0525210078125 0.393491125 0.11449579843749999 0.39053254375 0.113445378125 0.3550295859375 0.054621848437499995 0.3550295859375
54 0.18067226875 0.35946745625 0.1775210078125 0.3550295859375 0.1186974796875 0.356508875 0.12079831875 0.393491125 0.1680672265625 0.393491125 0.1796218484375 0.3875739640625 0.18067226875 0.35946745625
54 0.1439075625 0.5843195265625 0.1439075625 0.6198224859375 0.20378151249999998 0.6198224859375 0.201680671875 0.5828402359375 0.1439075625 0.5843195265625
54 0.2678571421875 0.5828402359375 0.21008403437499998 0.5828402359375 0.21008403437499998 0.6198224859375 0.2552521015625 0.621301775 0.2699579828125 0.613905325 0.2678571421875 0.5828402359375
54 0.7972689078124999 0.5828402359375 0.7373949578125 0.5843195265625 0.7373949578125 0.615384615625 0.75420168125 0.621301775 0.7972689078124999 0.6183431953125 0.7972689078124999 0.5828402359375
54 0.859243696875 0.5828402359375 0.8025210078124999 0.5843195265625 0.8025210078124999 0.6198224859375 0.863445378125 0.6183431953125 0.8623949578125 0.5857988171875 0.859243696875 0.5828402359375
54 0.8886554625 0.392011834375 0.8876050421875 0.3550295859375 0.8340336140625 0.3535502953125 0.8277310921875 0.357988165625 0.826680671875 0.386094675 0.8319327734374999 0.39053254375 0.8413865546875 0.3949704140625 0.8886554625 0.392011834375
54 0.9537815125 0.3624260359375 0.94957983125 0.3535502953125 0.8939075624999999 0.3550295859375 0.8918067234375 0.372781065625 0.896008403125 0.393491125 0.9527310921875 0.392011834375 0.9537815125 0.3624260359375
54 0.7962184875 0.153846153125 0.7373949578125 0.15532544375 0.7373949578125 0.1863905328125 0.7510504203124999 0.1923076921875 0.7972689078124999 0.1893491125 0.7962184875 0.153846153125
54 0.8025210078124999 0.153846153125 0.8025210078124999 0.190828403125 0.8623949578125 0.1893491125 0.8602941171875 0.153846153125 0.8025210078124999 0.153846153125
5 0.563025209375 0.6508875734374999 0.5136554624999999 0.649408284375 0.5052521015625 0.653846153125 0.5052521015625 0.710059171875 0.5661764703125 0.70857988125 0.5661764703125 0.656804734375 0.563025209375 0.6508875734374999
16 0.5010504203124999 0.7056213015624999 0.49894957968750003 0.6508875734374999 0.4453781515625 0.649408284375 0.44012605000000005 0.653846153125 0.44012605000000005 0.7056213015624999 0.45693277343750005 0.7115384609375 0.49684873906250004 0.7115384609375 0.5010504203124999 0.7056213015624999
53 0.460084034375 0.8017751484375 0.5777310921875001 0.8017751484375 0.599789915625 0.7855029578125 0.6060924375 0.7677514796875 0.6060924375 0.7470414203125 0.6008403359375001 0.7322485203125 0.58823529375 0.71597633125 0.5798319328125 0.7130177515625 0.47373949531250004 0.7130177515625 0.46323529375000005 0.71597633125 0.4621848734375 0.7233727812499999 0.469537815625 0.7455621296875 0.4684873953125 0.770710059375 0.45693277343750005 0.79881656875 0.460084034375 0.8017751484375
53 0.8781512609375 0.710059171875 0.8928571421875 0.6997041421875 0.9012605046875001 0.6819526625 0.9012605046875001 0.6508875734374999 0.8939075624999999 0.634615384375 0.8823529406249999 0.6242603546875001 0.8340336140625 0.6242603546875001 0.83298319375 0.6316568046875 0.8203781515624999 0.628698225 0.8203781515624999 0.622781065625 0.75945378125 0.6257396453124999 0.765756303125 0.6508875734374999 0.765756303125 0.6775147921875 0.7573529406249999 0.7115384609375 0.8781512609375 0.710059171875
53 0.8508403359375001 0.4630177515625 0.844537815625 0.47633136093750006 0.8487394953124999 0.4822485203125 0.969537815625 0.4822485203125 0.9821428578125 0.47337278125 0.9915966390625 0.4541420125 0.9915966390625 0.42159763281249996 0.9758403359375001 0.39792899375 0.8466386546875 0.3949704140625 0.8434873953125 0.3964497046875 0.8529411765624999 0.41420118281249996 0.8560924375000001 0.4319526625 0.8508403359375001 0.4630177515625
53 0.7626050421875 0.26183431874999996 0.7510504203124999 0.2751479296875 0.7552521015625 0.27810650937500003 0.8739495796875 0.2810650890625 0.890756303125 0.2736686390625 0.9023109249999999 0.248520709375 0.8991596640624999 0.21597633125 0.8918067234375 0.20266272187499998 0.8802521015625 0.195266271875 0.7678571421875 0.1937869828125 0.7489495796875001 0.195266271875 0.75945378125 0.210059171875 0.7668067234375 0.236686390625 0.7626050421875 0.26183431874999996
53 0.24579831875 0.282544378125 0.2636554625 0.26183431874999996 0.277310925 0.2588757390625 0.30357142812500004 0.2677514796875 0.30882352968750004 0.2544378703125 0.307773109375 0.22928994062500002 0.30042016875 0.23076923124999998 0.3046218484375 0.248520709375 0.3014705875 0.25147929062499996 0.2720588234375 0.248520709375 0.2636554625 0.255917159375 0.2489495796875 0.2529585796875 0.24054621874999998 0.2411242609375 0.24054621874999998 0.23076923124999998 0.2552521015625 0.195266271875 0.1313025203125 0.195266271875 0.1186974796875 0.20118343125 0.1060924375 0.2189349109375 0.103991596875 0.2455621296875 0.1081932765625 0.26331360937500004 0.12920168125 0.282544378125 0.24579831875 0.282544378125
53 0.15126050468750002 0.4822485203125 0.157563025 0.47781065156249997 0.1628151265625 0.4630177515625 0.1533613453125 0.46005917187499995 0.1470588234375 0.4275147921875 0.15966386562499998 0.40532544374999996 0.1586134453125 0.3964497046875 0.0357142859375 0.3964497046875 0.0241596640625 0.40384615312500005 0.013655462500000002 0.42603550312499994 0.012605042187500002 0.445266271875 0.0168067234375 0.4630177515625 0.0378151265625 0.4822485203125 0.15126050468750002 0.4822485203125
53 0.1334033609375 0.710059171875 0.2447478984375 0.7115384609375 0.2489495796875 0.710059171875 0.25 0.6937869828125 0.2626050421875 0.687869821875 0.2447478984375 0.6849112421875 0.24054621874999998 0.6760355031249999 0.24054621874999998 0.6508875734374999 0.252100840625 0.6257396453124999 0.2489495796875 0.622781065625 0.1281512609375 0.622781065625 0.113445378125 0.6331360953125 0.10504201718749999 0.6508875734374999 0.103991596875 0.6775147921875 0.1081932765625 0.690828403125 0.1186974796875 0.7041420125 0.1334033609375 0.710059171875