9 0.640625 0.41875 0.06328125 0.12109375
51 0.21328125 0.37265625 0.0296875 0.03515625
28 0.534375 0.0921875 0.06328125 0.0609375
53 0.4765625 0.1703125 0.153125 0.0859375
53 0.20703125 0.66484375 0.2078125 0.09609375
53 0.5328125 0.75859375 0.14921875 0.0859375
47 0.50390625 0.41953125 0.06171875 0.11953125
53 0.0890625 0.4375 0.1515625 0.0875
42 0.365625 0.4203125 0.06328125 0.12109375
53 0.20625 0.24140625 0.20625 0.09140625
49 0.5359375 0.6796875 0.05859375 0.06328125
53 0.91640625 0.4375 0.15 0.0890625
5 0.43359375 0.41796875 0.0578125 0.12265625
53 0.79765625 0.23671875 0.209375 0.09765625
41 0.4703125 0.67890625 0.06015625 0.0625
30 0.4703125 0.09296875 0.06015625 0.0625
0 0.57109375 0.41953125 0.06015625 0.12265625