52 0.2109375 0.29140625 0.13515625 0.01484375
51 0.4078125 0.6328125 0.0296875 0.034375
53 0.41176470624999995 0.1997041421875 0.428571428125 0.210059171875 0.5462184875 0.210059171875 0.5493697484375 0.2056213015625 0.5525210078125 0.153846153125 0.5493697484375 0.12278106562499999 0.4317226890625 0.1242603546875 0.41596638593749996 0.1301775140625 0.40336134531249995 0.1508875734375 0.4044117640625 0.1849112421875 0.41176470624999995 0.1997041421875
53 0.6050420171875001 0.156804734375 0.5934873953124999 0.1582840234375 0.5871848734375 0.1656804734375 0.5840336140625 0.1863905328125 0.58823529375 0.20266272187499998 0.5913865546875 0.20266272187499998 0.6029411765625 0.183431953125 0.6050420171875001 0.156804734375
53 0.136554621875 0.1923076921875 0.1197478984375 0.20266272187499998 0.1113445375 0.221893490625 0.1102941171875 0.2411242609375 0.11554621875 0.2588757390625 0.136554621875 0.27810650937500003 0.25420168125 0.2736686390625 0.25420168125 0.25739645 0.247899159375 0.25 0.2436974796875 0.23076923124999998 0.2552521015625 0.1923076921875 0.20798319375 0.1923076921875 0.20378151249999998 0.20118343125 0.192226890625 0.1923076921875 0.136554621875 0.1923076921875
53 0.0283613453125 0.40532544374999996 0.02310924375 0.42159763281249996 0.02310924375 0.43934911249999997 0.0283613453125 0.45562130156249997 0.0493697484375 0.47337278125 0.1712184875 0.4704142015625 0.19957983125 0.47781065156249997 0.2216386546875 0.45562130156249997 0.2258403359375 0.43343195312500005 0.2205882359375 0.40532544374999996 0.21008403437499998 0.38905325468749996 0.19957983125 0.3831360953125 0.0451680671875 0.38905325468749996 0.0283613453125 0.40532544374999996
53 0.1334033609375 0.6109467453125 0.122899159375 0.6183431953125 0.1113445375 0.64053254375 0.11449579843749999 0.6745562125 0.1239495796875 0.6893491125 0.13445378125000002 0.695266271875 0.2531512609375 0.6967455625000001 0.257352940625 0.6923076921875 0.2605042015625 0.6967455625000001 0.2436974796875 0.6582840234375 0.2563025203125 0.6168639046875 0.27310924375 0.607988165625 0.2647058828125 0.6050295859375 0.25945378125 0.6124260359375 0.1334033609375 0.6109467453125
53 0.469537815625 0.7544378703125 0.45798319374999996 0.7855029578125 0.5735294125 0.7855029578125 0.592436975 0.7751479296875 0.603991596875 0.75739645 0.6029411765625 0.7278106515625 0.592436975 0.70857988125 0.58298319375 0.70118343125 0.455882353125 0.70118343125 0.4705882359375 0.7322485203125 0.469537815625 0.7544378703125
53 0.7563025203125 0.6390532546875 0.7447478984375 0.6597633140625 0.75 0.6656804734375 0.7510504203124999 0.6775147921875 0.747899159375 0.6967455625000001 0.8655462187499999 0.6967455625000001 0.8844537812500001 0.6849112421875 0.8928571421875 0.6642011828125 0.890756303125 0.6316568046875 0.87079831875 0.6109467453125 0.7489495796875001 0.6124260359375 0.7563025203125 0.6390532546875
53 0.807773109375 0.3831360953125 0.789915965625 0.3949704140625 0.7804621843749999 0.41715976406250005 0.7794117640625 0.4363905328125 0.78676470625 0.4630177515625 0.8014705875000001 0.47633136093750006 0.8109243703125 0.47781065156249997 0.8340336140625 0.471893490625 0.9537815125 0.47337278125 0.9705882359375 0.4644970421875 0.9821428578125 0.4363905328125 0.9768907562500001 0.40532544374999996 0.9548319328125 0.3875739640625 0.8371848734375 0.38905325468749996 0.807773109375 0.3831360953125
53 0.8581932765625 0.1893491125 0.7426470593750001 0.190828403125 0.7552521015625 0.2071005921875 0.7605042015625 0.2352071 0.7489495796875001 0.2721893484375 0.7552521015625 0.27662721874999996 0.8581932765625 0.27662721874999996 0.8781512609375 0.270710059375 0.890756303125 0.2529585796875 0.8939075624999999 0.2396449703125 0.8918067234375 0.21745562187499998 0.8802521015625 0.1967455625 0.8581932765625 0.1893491125
29 0.44117647031249996 0.6434911249999999 0.44222689062500004 0.690828403125 0.4527310921875 0.6967455625000001 0.5010504203124999 0.695266271875 0.497899159375 0.6375739640625 0.44957983125 0.636094675 0.44117647031249996 0.6434911249999999
7 0.5640756296875 0.695266271875 0.563025209375 0.6390532546875 0.5136554624999999 0.636094675 0.50420168125 0.642011834375 0.50420168125 0.695266271875 0.5640756296875 0.695266271875
54 0.21008403437499998 0.607988165625 0.21008403437499998 0.5739644968750001 0.2069327734375 0.5710059171874999 0.1491596640625 0.5739644968750001 0.1491596640625 0.607988165625 0.21008403437499998 0.607988165625
54 0.2605042015625 0.60946745625 0.2762605046875 0.60207100625 0.2720588234375 0.5710059171874999 0.2142857140625 0.5739644968750001 0.215336134375 0.607988165625 0.2605042015625 0.60946745625
54 0.063025209375 0.386094675 0.1218487390625 0.3831360953125 0.1186974796875 0.34911242656249997 0.0609243703125 0.35207100625 0.059873949999999995 0.3831360953125 0.063025209375 0.386094675
54 0.1260504203125 0.350591715625 0.1260504203125 0.386094675 0.173319328125 0.386094675 0.1859243703125 0.3801775140625 0.1859243703125 0.35207100625 0.182773109375 0.34911242656249997 0.1260504203125 0.350591715625
54 0.150210084375 0.153846153125 0.150210084375 0.1893491125 0.21008403437499998 0.187869821875 0.2069327734375 0.1523668640625 0.150210084375 0.153846153125
54 0.25945378125 0.1923076921875 0.27415966406250003 0.1849112421875 0.2720588234375 0.1523668640625 0.2142857140625 0.153846153125 0.215336134375 0.1893491125 0.25945378125 0.1923076921875
54 0.44117647031249996 0.0857988171875 0.44222689062500004 0.12278106562499999 0.5 0.12278106562499999 0.497899159375 0.0843195265625 0.44117647031249996 0.0857988171875
54 0.55042016875 0.1242603546875 0.56512605 0.11538461562499999 0.561974790625 0.0843195265625 0.5052521015625 0.0857988171875 0.5063025203125 0.12278106562499999 0.55042016875 0.1242603546875
54 0.79201680625 0.1863905328125 0.788865546875 0.1508875734375 0.734243696875 0.1508875734375 0.7310924375 0.15532544375 0.7310924375 0.1819526625 0.7352941171875 0.1849112421875 0.7447478984375 0.1893491125 0.79201680625 0.1863905328125
54 0.7962184875 0.1523668640625 0.7962184875 0.187869821875 0.853991596875 0.1863905328125 0.8518907562500001 0.1508875734375 0.7962184875 0.1523668640625
54 0.8802521015625 0.3624260359375 0.8760504203125 0.34911242656249997 0.8193277312499999 0.35207100625 0.8182773109375001 0.378698225 0.8214285718750001 0.3816568046875 0.830882353125 0.386094675 0.87920168125 0.3831360953125 0.8802521015625 0.3624260359375
54 0.8844537812500001 0.350591715625 0.8834033609375 0.384615384375 0.9432773109375001 0.3831360953125 0.9401260499999999 0.34911242656249997 0.8844537812500001 0.350591715625
54 0.8550420171875001 0.6065088750000001 0.8550420171875001 0.5754437875 0.8518907562500001 0.5710059171874999 0.7962184875 0.5724852078125 0.7983193281250001 0.60946745625 0.8550420171875001 0.6065088750000001
54 0.7310924375 0.5769230765625 0.7300420171875001 0.60207100625 0.7436974796875 0.60946745625 0.79201680625 0.6065088750000001 0.789915965625 0.5710059171874999 0.734243696875 0.5710059171874999 0.7310924375 0.5769230765625