52 0.21015625 0.2921875 0.13359375 0.01484375
51 0.4078125 0.63359375 0.0296875 0.034375
54 0.8550420171875001 0.6065088750000001 0.8550420171875001 0.5754437875 0.8518907562500001 0.5710059171874999 0.7962184875 0.5724852078125 0.7983193281250001 0.60946745625 0.8550420171875001 0.6065088750000001
54 0.7447478984375 0.60946745625 0.79201680625 0.6065088750000001 0.788865546875 0.5710059171874999 0.7310924375 0.5739644968750001 0.7300420171875001 0.60207100625 0.7447478984375 0.60946745625
54 0.20903361406249998 0.607988165625 0.20903361406249998 0.5739644968750001 0.20588235312499997 0.5710059171874999 0.1491596640625 0.5739644968750001 0.150210084375 0.607988165625 0.20903361406249998 0.607988165625
54 0.21323529375 0.5754437875 0.215336134375 0.607988165625 0.25945378125 0.60946745625 0.27415966406250003 0.60207100625 0.271008403125 0.5710059171874999 0.2184873953125 0.5710059171874999 0.21323529375 0.5754437875
54 0.0609243703125 0.35207100625 0.061974790625 0.386094675 0.1218487390625 0.384615384375 0.1186974796875 0.34911242656249997 0.0609243703125 0.35207100625
54 0.1260504203125 0.350591715625 0.1260504203125 0.386094675 0.173319328125 0.386094675 0.1859243703125 0.3801775140625 0.1859243703125 0.3535502953125 0.182773109375 0.34911242656249997 0.1260504203125 0.350591715625
54 0.150210084375 0.153846153125 0.150210084375 0.1893491125 0.20903361406249998 0.1893491125 0.2069327734375 0.1523668640625 0.150210084375 0.153846153125
54 0.2584033609375 0.1923076921875 0.27415966406250003 0.183431953125 0.2720588234375 0.1523668640625 0.2142857140625 0.153846153125 0.215336134375 0.1893491125 0.2584033609375 0.1923076921875
54 0.4432773109375 0.12278106562499999 0.5 0.12130177499999999 0.497899159375 0.0843195265625 0.44222689062500004 0.0843195265625 0.44012605000000005 0.1198224859375 0.4432773109375 0.12278106562499999
54 0.55042016875 0.1242603546875 0.56512605 0.11538461562499999 0.561974790625 0.0843195265625 0.5052521015625 0.08727810625 0.5063025203125 0.12278106562499999 0.55042016875 0.1242603546875
54 0.79201680625 0.1849112421875 0.788865546875 0.1508875734375 0.734243696875 0.1508875734375 0.7310924375 0.15532544375 0.7310924375 0.1819526625 0.734243696875 0.1849112421875 0.7447478984375 0.1893491125 0.79201680625 0.1849112421875
54 0.7962184875 0.1523668640625 0.7972689078124999 0.187869821875 0.853991596875 0.1863905328125 0.8518907562500001 0.1508875734375 0.7962184875 0.1523668640625
54 0.8203781515624999 0.350591715625 0.8214285718750001 0.3816568046875 0.8350840343750001 0.3875739640625 0.87920168125 0.3831360953125 0.8802521015625 0.3624260359375 0.8760504203125 0.34911242656249997 0.8203781515624999 0.350591715625
54 0.9432773109375001 0.3831360953125 0.9432773109375001 0.3535502953125 0.9401260499999999 0.34911242656249997 0.8834033609375 0.35207100625 0.8855042015624999 0.386094675 0.9432773109375001 0.3831360953125
53 0.45903361406250004 0.7855029578125 0.57457983125 0.7855029578125 0.5892857140625 0.7781065093749999 0.603991596875 0.7588757390625 0.6029411765625 0.7263313609375001 0.5840336140625 0.70118343125 0.45693277343750005 0.70118343125 0.4705882359375 0.73076923125 0.469537815625 0.755917159375 0.45903361406250004 0.7855029578125
53 0.7037815125 0.6375739640625 0.710084034375 0.6168639046875 0.728991596875 0.6065088750000001 0.705882353125 0.6124260359375 0.692226890625 0.6375739640625 0.6953781515624999 0.6775147921875 0.705882353125 0.687869821875 0.70798319375 0.6671597640625 0.7037815125 0.6375739640625
53 0.75945378125 0.6109467453125 0.7363445375000001 0.6050295859375 0.7447478984375 0.6183431953125 0.7563025203125 0.6671597640625 0.7489495796875001 0.6849112421875 0.7300420171875001 0.70118343125 0.74054621875 0.695266271875 0.863445378125 0.6967455625000001 0.8813025203124999 0.687869821875 0.8918067234375 0.6686390531249999 0.8918067234375 0.636094675 0.8844537812500001 0.621301775 0.8718487390625 0.6109467453125 0.75945378125 0.6109467453125
53 0.8487394953124999 0.43934911249999997 0.83823529375 0.4704142015625 0.9569327734374999 0.47337278125 0.9726890750000001 0.4630177515625 0.9821428578125 0.440828403125 0.9810924375000001 0.41568047343750003 0.9705882359375 0.3964497046875 0.9611344531249999 0.38905325468749996 0.8392857140625001 0.39053254375 0.8487394953124999 0.42159763281249996 0.8487394953124999 0.43934911249999997
53 0.7584033609375 0.2529585796875 0.7489495796875001 0.270710059375 0.7552521015625 0.27810650937500003 0.8697478984375 0.2751479296875 0.886554621875 0.26183431874999996 0.8939075624999999 0.23816568125 0.8876050421875 0.2071005921875 0.8697478984375 0.190828403125 0.7447478984375 0.1893491125 0.75945378125 0.221893490625 0.7584033609375 0.2529585796875
53 0.40336134531249995 0.1508875734375 0.402310925 0.176035503125 0.4065126046875 0.190828403125 0.41596638593749996 0.20414201250000003 0.4275210078125 0.210059171875 0.5472689078124999 0.20857988125000002 0.538865546875 0.1923076921875 0.534663865625 0.1642011828125 0.534663865625 0.153846153125 0.5462184875 0.12573964531249998 0.4317226890625 0.1242603546875 0.413865546875 0.13165680468750002 0.40336134531249995 0.1508875734375
53 0.11554621875 0.2588757390625 0.136554621875 0.27810650937500003 0.247899159375 0.27662721874999996 0.2531512609375 0.2677514796875 0.2436974796875 0.2337278109375 0.257352940625 0.195266271875 0.13445378125000002 0.1923076921875 0.1239495796875 0.1982248515625 0.1113445375 0.221893490625 0.1102941171875 0.24260354999999997 0.11554621875 0.2588757390625
53 0.0493697484375 0.3875739640625 0.0294117640625 0.4023668640625 0.02310924375 0.42011834375 0.0220588234375 0.4349112421875 0.027310925000000003 0.4541420125 0.03676470625 0.467455621875 0.048319328125 0.47337278125 0.1701680671875 0.4704142015625 0.19957983125 0.47781065156249997 0.2258403359375 0.4497041421875 0.2258403359375 0.42455621250000003 0.2205882359375 0.40532544374999996 0.21113445312499998 0.39053254375 0.19957983125 0.3831360953125 0.0493697484375 0.3875739640625
53 0.1334033609375 0.6109467453125 0.1239495796875 0.6168639046875 0.1113445375 0.64053254375 0.113445378125 0.6715976328125 0.1218487390625 0.6863905328125 0.1355042015625 0.695266271875 0.247899159375 0.695266271875 0.2878151265625 0.70118343125 0.30357142812500004 0.6893491125 0.31407562968749997 0.6642011828125 0.31407562968749997 0.6464497046875 0.30357142812500004 0.6183431953125 0.2720588234375 0.5991124265625001 0.25945378125 0.6109467453125 0.1334033609375 0.6109467453125
32 0.44117647031249996 0.6523668640625 0.44117647031249996 0.6923076921875 0.46533613437500004 0.6982248515625 0.5010504203124999 0.6937869828125 0.497899159375 0.6375739640625 0.4453781515625 0.6375739640625 0.44117647031249996 0.6523668640625
36 0.5640756296875 0.695266271875 0.563025209375 0.6390532546875 0.511554621875 0.636094675 0.50420168125 0.6449704140625 0.5052521015625 0.695266271875 0.5640756296875 0.695266271875