3 0.53203125 0.6625 0.06015625 0.059375
53 0.8765625 0.42734375 0.20234375 0.09453125
53 0.52890625 0.7390625 0.14609375 0.084375
11 0.46875 0.66328125 0.0609375 0.0609375
53 0.7875 0.2328125 0.20078125 0.09296875
53 0.18828125 0.65 0.1515625 0.084375
54 0.82109375 0.58828125 0.0578125 0.03671875
53 0.1828125 0.234375 0.14296875 0.084375
54 0.75703125 0.5890625 0.06015625 0.03828125
54 0.17890625 0.171875 0.05859375 0.03828125
54 0.15625 0.3671875 0.06015625 0.03828125
54 0.17890625 0.58828125 0.06015625 0.03671875
54 0.24296875 0.1734375 0.05859375 0.03828125
53 0.09609375 0.428125 0.14609375 0.084375
54 0.0921875 0.36640625 0.05859375 0.03671875
54 0.24296875 0.58828125 0.05859375 0.03671875
51 0.31328125 0.5953125 0.02734375 0.034375
53 0.8125 0.65078125 0.15 0.0859375
52 0.7875 0.70390625 0.13828125 0.01171875
53 0.47578125 0.16796875 0.1515625 0.084375