43 0.53046875 0.67578125 0.0609375 0.0625
51 0.54375 0.27265625 0.0296875 0.034375
54 0.81796875 0.2 0.06015625 0.03828125
53 0.528125 0.753125 0.15 0.0859375
54 0.88203125 0.2 0.0609375 0.03828125
54 0.85 0.50703125 0.06171875 0.03828125
54 0.0828125 0.50703125 0.06015625 0.03671875
54 0.11328125 0.2 0.0609375 0.03828125
53 0.4734375 0.16953125 0.15234375 0.0875
53 0.12109375 0.26328125 0.15625 0.0859375
52 0.11484375 0.62734375 0.13828125 0.01171875
54 0.915625 0.50703125 0.05859375 0.03515625
53 0.9109375 0.571875 0.14921875 0.0875
54 0.17890625 0.20078125 0.06015625 0.03984375
54 0.146875 0.50703125 0.0578125 0.03828125
54 0.53046875 0.10546875 0.0609375 0.03984375
53 0.0890625 0.57265625 0.153125 0.0890625
54 0.4671875 0.10390625 0.0609375 0.03671875
33 0.46640625 0.67578125 0.0609375 0.0625
53 0.8515625 0.2625 0.2046875 0.09296875