53 0.5234375 0.74140625 0.14921875 0.0859375
51 0.7921875 0.503125 0.028125 0.0328125
54 0.8421875 0.36640625 0.06015625 0.03671875
54 0.1484375 0.3671875 0.0578125 0.03828125
54 0.81953125 0.58984375 0.05859375 0.03671875
53 0.90078125 0.42890625 0.15 0.0859375
54 0.23671875 0.590625 0.05859375 0.03828125
54 0.08515625 0.36640625 0.05859375 0.03671875
54 0.17265625 0.58984375 0.06015625 0.03671875
54 0.90703125 0.36640625 0.06015625 0.03671875
54 0.75390625 0.590625 0.05859375 0.03828125
53 0.09296875 0.42890625 0.1546875 0.0859375
53 0.81171875 0.65390625 0.14921875 0.0859375
52 0.2046875 0.7078125 0.1375 0.01328125
47 0.4640625 0.665625 0.0609375 0.059375
53 0.20546875 0.65234375 0.2046875 0.09765625
17 0.52890625 0.6640625 0.0609375 0.059375