55 0.52890625 0.6671875 0.0609375 0.0609375
52 0.87578125 0.48671875 0.13828125 0.01328125
53 0.117647059375 0.6183431953125 0.10714285781249999 0.6390532546875 0.1102941171875 0.6760355031249999 0.1186974796875 0.6893491125 0.1334033609375 0.695266271875 0.2563025203125 0.6937869828125 0.275210084375 0.702662721875 0.3014705875 0.6849112421875 0.30987395 0.653846153125 0.30042016875 0.621301775 0.2815126046875 0.6050295859375 0.2563025203125 0.6109467453125 0.12920168125 0.6109467453125 0.117647059375 0.6183431953125
53 0.1586134453125 0.4023668640625 0.1659663859375 0.39792899375 0.1659663859375 0.3875739640625 0.17226890781249998 0.386094675 0.0430672265625 0.3875739640625 0.02310924375 0.40384615312500005 0.0178571421875 0.418639053125 0.0178571421875 0.440828403125 0.025210084375000004 0.46005917187499995 0.03676470625 0.4704142015625 0.157563025 0.47337278125 0.1680672265625 0.46893491093749995 0.1712184875 0.46005917187499995 0.163865546875 0.4644970421875 0.1533613453125 0.4467455625 0.152310925 0.418639053125 0.1586134453125 0.411242603125 0.1586134453125 0.4023668640625
53 0.1081932765625 0.2529585796875 0.1260504203125 0.2751479296875 0.247899159375 0.27662721874999996 0.2563025203125 0.2721893484375 0.2436974796875 0.255917159375 0.242647059375 0.221893490625 0.25 0.1997041421875 0.2626050421875 0.190828403125 0.1313025203125 0.1923076921875 0.11554621875 0.20266272187499998 0.10714285781249999 0.2204142015625 0.1081932765625 0.2529585796875
53 0.40756302499999997 0.13313609531249998 0.39810924375 0.1508875734375 0.39915966406250003 0.1849112421875 0.405462184375 0.1982248515625 0.41701680625000004 0.2071005921875 0.532563025 0.210059171875 0.54201680625 0.2056213015625 0.5315126046875001 0.1863905328125 0.5304621843749999 0.1715976328125 0.5304621843749999 0.1523668640625 0.5409663859375 0.1301775140625 0.538865546875 0.1242603546875 0.423319328125 0.1242603546875 0.40756302499999997 0.13313609531249998
53 0.8644957984375001 0.190828403125 0.7447478984375 0.190828403125 0.7373949578125 0.1923076921875 0.75 0.2071005921875 0.7563025203125 0.2337278109375 0.75 0.2603550296875 0.7447478984375 0.2662721890625 0.7468487390625 0.2751479296875 0.8613445375 0.2751479296875 0.8771008406249999 0.2662721890625 0.8876050421875 0.24408284062500002 0.8886554625 0.2263313609375 0.8844537812500001 0.210059171875 0.8644957984375001 0.190828403125
53 0.8319327734374999 0.39053254375 0.8319327734374999 0.406804734375 0.840336134375 0.42603550312499994 0.8340336140625 0.4541420125 0.8287815125 0.46005917187499995 0.83823529375 0.47337278125 0.951680671875 0.47337278125 0.9642857140625001 0.46597633125 0.9768907562500001 0.43934911249999997 0.9768907562500001 0.42159763281249996 0.9705882359375 0.4023668640625 0.951680671875 0.3875739640625 0.8319327734374999 0.39053254375
53 0.8834033609375 0.628698225 0.8655462187499999 0.6109467453125 0.7331932765625 0.6109467453125 0.7163865546875 0.6065088750000001 0.7163865546875 0.627218934375 0.724789915625 0.60946745625 0.7352941171875 0.6257396453124999 0.74054621875 0.6242603546875001 0.7531512609375 0.6390532546875 0.7531512609375 0.6656804734375 0.734243696875 0.695266271875 0.738445378125 0.6967455625000001 0.8665966390625 0.695266271875 0.8802521015625 0.683431953125 0.8886554625 0.6597633140625 0.8834033609375 0.628698225
53 0.451680671875 0.6997041421875 0.446428571875 0.702662721875 0.4548319328125 0.7071005921875 0.46428571406249997 0.73076923125 0.46428571406249997 0.7475340234375001 0.451680671875 0.7855029578125 0.4548319328125 0.7869822484375 0.57457983125 0.78402366875 0.592436975 0.7662721890624999 0.599789915625 0.74260355 0.5987394953125 0.729289940625 0.5787815125 0.70118343125 0.451680671875 0.6997041421875
54 0.8277310921875 0.3875739640625 0.875 0.3831360953125 0.8718487390625 0.34911242656249997 0.8140756296875 0.35207100625 0.813025209375 0.378698225 0.8277310921875 0.3875739640625
54 0.8802521015625 0.350591715625 0.8802521015625 0.386094675 0.936974790625 0.384615384375 0.9359243703125 0.34911242656249997 0.8802521015625 0.350591715625
37 0.3686974796875 0.4704142015625 0.3886554625 0.46597633125 0.390756303125 0.3550295859375 0.3623949578125 0.350591715625 0.3602941171875 0.356508875 0.35189075625 0.34911242656249997 0.33298319374999996 0.357988165625 0.3319327734375 0.45857988125000004 0.335084034375 0.467455621875 0.3686974796875 0.4704142015625
31 0.4537815125 0.350591715625 0.40336134531249995 0.35207100625 0.400210084375 0.35946745625 0.402310925 0.46893491093749995 0.45693277343750005 0.46893491093749995 0.461134453125 0.411242603125 0.45798319374999996 0.3550295859375 0.4537815125 0.350591715625
9 0.525210084375 0.3535502953125 0.472689075 0.34911242656249997 0.46428571406249997 0.3801775140625 0.46533613437500004 0.4630177515625 0.5 0.4704142015625 0.5262605046875 0.467455621875 0.5294117640625 0.393491125 0.525210084375 0.3535502953125
11 0.534663865625 0.356508875 0.5357142859375 0.46893491093749995 0.5913865546875 0.46893491093749995 0.5945378156250001 0.45857988125000004 0.592436975 0.3550295859375 0.54201680625 0.350591715625 0.534663865625 0.356508875
47 0.4936974796875 0.690828403125 0.49579831875 0.64792899375 0.49264705937500003 0.6390532546875 0.43907562968749997 0.636094675 0.43487394999999995 0.64053254375 0.43382352968750004 0.6923076921875 0.47163865468750005 0.6982248515625 0.497899159375 0.695266271875 0.4936974796875 0.690828403125