52 0.2140625 0.2921875 0.13671875 0.01484375
51 0.68828125 0.590625 0.028125 0.03671875
54 0.21323529375 0.6065088750000001 0.21323529375 0.5769230765625 0.20903361406249998 0.5710059171874999 0.1533613453125 0.5724852078125 0.1533613453125 0.607988165625 0.21323529375 0.6065088750000001
54 0.21743697499999998 0.5724852078125 0.2184873953125 0.607988165625 0.2647058828125 0.60946745625 0.2783613453125 0.600591715625 0.277310925 0.5769230765625 0.2720588234375 0.5695266265625001 0.21743697499999998 0.5724852078125
54 0.7363445375000001 0.5724852078125 0.734243696875 0.60207100625 0.7447478984375 0.60946745625 0.794117646875 0.6065088750000001 0.7962184875 0.5843195265625 0.79201680625 0.5710059171874999 0.7363445375000001 0.5724852078125
54 0.8581932765625 0.6065088750000001 0.8581932765625 0.5754437875 0.8550420171875001 0.5710059171874999 0.80042016875 0.5724852078125 0.7993697484375 0.607988165625 0.8581932765625 0.6065088750000001
54 0.8277310921875 0.3831360953125 0.8813025203124999 0.384615384375 0.8813025203124999 0.350591715625 0.8224789921875001 0.35207100625 0.8214285718750001 0.378698225 0.8277310921875 0.3831360953125
54 0.8897058828125 0.386094675 0.9464285718750001 0.3831360953125 0.9432773109375001 0.34911242656249997 0.886554621875 0.35207100625 0.886554621875 0.3831360953125 0.8897058828125 0.386094675
54 0.44432773125 0.08727810625 0.4453781515625 0.12278106562499999 0.50420168125 0.1198224859375 0.5 0.0843195265625 0.44432773125 0.08727810625
54 0.55042016875 0.12573964531249998 0.5682773109375 0.11538461562499999 0.56512605 0.0843195265625 0.50945378125 0.0843195265625 0.50945378125 0.12278106562499999 0.55042016875 0.12573964531249998
54 0.21323529375 0.187869821875 0.21323529375 0.1582840234375 0.20903361406249998 0.1523668640625 0.1533613453125 0.153846153125 0.1533613453125 0.1893491125 0.21323529375 0.187869821875
54 0.2636554625 0.190828403125 0.277310925 0.1789940828125 0.275210084375 0.1523668640625 0.21743697499999998 0.153846153125 0.21743697499999998 0.1893491125 0.2636554625 0.190828403125
53 0.7447478984375 0.695266271875 0.8665966390625 0.6967455625000001 0.8834033609375 0.6893491125 0.896008403125 0.6642011828125 0.8939075624999999 0.6331360953125 0.875 0.6109467453125 0.7489495796875001 0.6124260359375 0.75945378125 0.6316568046875 0.7626050421875 0.6642011828125 0.7447478984375 0.695266271875
53 0.7836134453125 0.41568047343750003 0.78676470625 0.4541420125 0.7993697484375 0.471893490625 0.811974790625 0.47781065156249997 0.830882353125 0.471893490625 0.95798319375 0.47337278125 0.9726890750000001 0.46597633125 0.9852941171875 0.4349112421875 0.978991596875 0.40384615312500005 0.95798319375 0.3875739640625 0.813025209375 0.3831360953125 0.7983193281250001 0.38905325468749996 0.7836134453125 0.41568047343750003
53 0.4275210078125 0.20857988125000002 0.5483193281250001 0.20857988125000002 0.538865546875 0.156804734375 0.5483193281250001 0.12573964531249998 0.43382352968750004 0.1242603546875 0.41701680625000004 0.13165680468750002 0.4065126046875 0.1523668640625 0.405462184375 0.1730769234375 0.40966386562499996 0.190828403125 0.4275210078125 0.20857988125000002
53 0.11449579843749999 0.221893490625 0.117647059375 0.25739645 0.1355042015625 0.27662721874999996 0.2699579828125 0.2751479296875 0.2584033609375 0.2677514796875 0.25420168125 0.23816568125 0.2468487390625 0.2337278109375 0.2510504203125 0.2115384609375 0.2626050421875 0.195266271875 0.257352940625 0.1923076921875 0.1376050421875 0.1923076921875 0.122899159375 0.20266272187499998 0.11449579843749999 0.221893490625
53 0.12920168125 0.615384615625 0.117647059375 0.6316568046875 0.11449579843749999 0.66272189375 0.1186974796875 0.6775147921875 0.12920168125 0.690828403125 0.1470588234375 0.6967455625000001 0.29201680625000004 0.70118343125 0.31092437031250003 0.683431953125 0.317226890625 0.6597633140625 0.311974790625 0.627218934375 0.3014705875 0.6124260359375 0.288865546875 0.6050295859375 0.1470588234375 0.60946745625 0.12920168125 0.615384615625
53 0.048319328125 0.38905325468749996 0.0378151265625 0.3964497046875 0.026260504687500002 0.42011834375 0.0315126046875 0.45562130156249997 0.0525210078125 0.47337278125 0.1743697484375 0.471893490625 0.2027310921875 0.47781065156249997 0.22373949531249998 0.45857988125000004 0.2300420171875 0.4349112421875 0.22899159687499998 0.41715976406250005 0.2205882359375 0.406804734375 0.20798319375 0.406804734375 0.201680671875 0.399408284375 0.20063025156249997 0.3816568046875 0.048319328125 0.38905325468749996
53 0.472689075 0.7322485203125 0.46533613437500004 0.7855029578125 0.580882353125 0.78402366875 0.597689075 0.7721893484375 0.6060924375 0.7529585796875 0.6029411765625 0.7218934906250001 0.5955882359375 0.70857988125 0.5819327734375 0.6997041421875 0.45798319374999996 0.70118343125 0.46428571406249997 0.7071005921875 0.472689075 0.7322485203125
25 0.5084033609375 0.64053254375 0.5084033609375 0.6967455625000001 0.567226890625 0.6967455625000001 0.5682773109375 0.64792899375 0.56512605 0.6375739640625 0.5126050421875 0.636094675 0.5084033609375 0.64053254375
39 0.5052521015625 0.6597633140625 0.5010504203124999 0.6390532546875 0.4684873953125 0.636094675 0.45063025156250003 0.6375739640625 0.44432773125 0.6434911249999999 0.4453781515625 0.6923076921875 0.4663865546875 0.6982248515625 0.5031512609375 0.695266271875 0.5052521015625 0.6597633140625