28 0.43359375 0.409375 0.0609375 0.11796875
32 0.4703125 0.66875 0.05859375 0.0625
53 0.53046875 0.7421875 0.146875 0.084375
54 0.4703125 0.103125 0.06015625 0.03671875
53 0.9078125 0.42890625 0.1484375 0.0859375
53 0.475 0.165625 0.1484375 0.0859375
53 0.2125 0.653125 0.2015625 0.09609375
54 0.53359375 0.10390625 0.0609375 0.03828125
51 0.4078125 0.63359375 0.028125 0.034375
53 0.18515625 0.234375 0.1484375 0.084375
53 0.1234375 0.42890625 0.20234375 0.09453125
53 0.815625 0.6546875 0.15234375 0.0875
53 0.81640625 0.23359375 0.153125 0.0859375
36 0.53359375 0.665625 0.0609375 0.059375
7 0.36796875 0.40859375 0.05859375 0.11796875
16 0.5015625 0.40859375 0.06015625 0.12421875