51 0.5421875 0.2703125 0.0296875 0.03515625
32 0.465625 0.6671875 0.06171875 0.0609375
53 0.57457983125 0.78402366875 0.592436975 0.7662721890624999 0.599789915625 0.74260355 0.5934873953124999 0.7189349109375 0.5777310921875001 0.70118343125 0.4527310921875 0.70118343125 0.46428571406249997 0.73076923125 0.46428571406249997 0.7465488171875 0.4548319328125 0.7855029578125 0.57457983125 0.78402366875
53 0.7552521015625 0.695266271875 0.8655462187499999 0.695266271875 0.8844537812500001 0.6760355031249999 0.8886554625 0.6582840234375 0.8876050421875 0.6390532546875 0.8813025203124999 0.6242603546875001 0.8686974796875001 0.6124260359375 0.8560924375000001 0.60946745625 0.74054621875 0.6109467453125 0.7300420171875001 0.60207100625 0.710084034375 0.607988165625 0.7142857140625 0.6124260359375 0.7142857140625 0.6242603546875001 0.7027310921875001 0.6449704140625 0.6859243703125 0.64053254375 0.6859243703125 0.6686390531249999 0.6911764703125 0.683431953125 0.71323529375 0.70118343125 0.7552521015625 0.695266271875
53 0.83298319375 0.4644970421875 0.8361344531249999 0.471893490625 0.9527310921875 0.47337278125 0.965336134375 0.4644970421875 0.974789915625 0.44822485156249997 0.974789915625 0.41272189375 0.9684873953125 0.399408284375 0.955882353125 0.38905325468749996 0.8340336140625 0.38905325468749996 0.8340336140625 0.406804734375 0.842436975 0.42455621250000003 0.8392857140625001 0.4541420125 0.83298319375 0.4644970421875
53 0.75420168125 0.22337278125 0.7489495796875001 0.270710059375 0.7552521015625 0.27662721874999996 0.8623949578125 0.2751479296875 0.8771008406249999 0.2662721890625 0.886554621875 0.248520709375 0.8886554625 0.2337278109375 0.8844537812500001 0.210059171875 0.8686974796875001 0.1923076921875 0.7436974796875 0.187869821875 0.7373949578125 0.190828403125 0.74579831875 0.1893491125 0.7447478984375 0.20118343125 0.75420168125 0.22337278125
53 0.5409663859375 0.2056213015625 0.5304621843749999 0.1849112421875 0.5294117640625 0.16272189374999999 0.5409663859375 0.12573964531249998 0.42436974843749997 0.1242603546875 0.4065126046875 0.134615384375 0.3970588234375 0.15532544375 0.400210084375 0.1893491125 0.41806722656249995 0.20857988125000002 0.532563025 0.210059171875 0.5409663859375 0.2056213015625
53 0.2394957984375 0.22337278125 0.247899159375 0.1923076921875 0.12920168125 0.1923076921875 0.1186974796875 0.1982248515625 0.10714285781249999 0.2204142015625 0.1081932765625 0.2529585796875 0.1260504203125 0.2751479296875 0.2510504203125 0.2751479296875 0.2394957984375 0.22337278125
53 0.15126050468750002 0.437869821875 0.152310925 0.41715976406250005 0.1628151265625 0.392011834375 0.16071428593749998 0.3875739640625 0.0451680671875 0.3875739640625 0.027310925000000003 0.39792899375 0.0178571421875 0.418639053125 0.021008403125 0.452662721875 0.038865546875000004 0.471893490625 0.16071428593749998 0.4704142015625 0.15126050468750002 0.437869821875
53 0.2531512609375 0.6923076921875 0.242647059375 0.6789940828125001 0.238445378125 0.653846153125 0.2436974796875 0.6257396453124999 0.25420168125 0.6109467453125 0.12920168125 0.6109467453125 0.1186974796875 0.6168639046875 0.10714285781249999 0.6375739640625 0.1081932765625 0.6715976328125 0.1260504203125 0.6937869828125 0.20378151249999998 0.6967455625000001 0.2531512609375 0.6923076921875
54 0.78676470625 0.5769230765625 0.7836134453125 0.5710059171874999 0.7258403359375001 0.5739644968750001 0.724789915625 0.60207100625 0.7321428578125 0.6065088750000001 0.7857142859375 0.607988165625 0.78676470625 0.5769230765625
54 0.7909663859375 0.5739644968750001 0.7909663859375 0.607988165625 0.849789915625 0.6065088750000001 0.8487394953124999 0.5724852078125 0.7909663859375 0.5739644968750001
54 0.87920168125 0.350591715625 0.8802521015625 0.386094675 0.938025209375 0.3831360953125 0.9348739500000001 0.34911242656249997 0.87920168125 0.350591715625
54 0.8718487390625 0.34911242656249997 0.8140756296875 0.35207100625 0.813025209375 0.378698225 0.8277310921875 0.3875739640625 0.875 0.3831360953125 0.8718487390625 0.34911242656249997
54 0.849789915625 0.156804734375 0.8455882359375 0.1508875734375 0.7909663859375 0.1523668640625 0.789915965625 0.1849112421875 0.7930672265625 0.1893491125 0.849789915625 0.1849112421875 0.849789915625 0.156804734375
54 0.7857142859375 0.1849112421875 0.78676470625 0.16272189374999999 0.782563025 0.1508875734375 0.72689075625 0.1523668640625 0.7258403359375001 0.1819526625 0.728991596875 0.1849112421875 0.738445378125 0.1893491125 0.7857142859375 0.1849112421875
54 0.5588235296875 0.11538461562499999 0.5567226890625 0.0843195265625 0.5010504203124999 0.0843195265625 0.502100840625 0.12278106562499999 0.5315126046875001 0.12130177499999999 0.539915965625 0.12573964531249998 0.5588235296875 0.11538461562499999
54 0.436974790625 0.0843195265625 0.43592437031250003 0.12278106562499999 0.49474789843750006 0.12130177499999999 0.49264705937500003 0.0843195265625 0.436974790625 0.0843195265625
54 0.26890756250000003 0.183431953125 0.265756303125 0.1523668640625 0.20903361406249998 0.153846153125 0.20903361406249998 0.187869821875 0.21218487343749998 0.190828403125 0.2531512609375 0.190828403125 0.26890756250000003 0.183431953125
54 0.1439075625 0.15532544375 0.1439075625 0.1893491125 0.20483193281249998 0.187869821875 0.2027310921875 0.1523668640625 0.1439075625 0.15532544375
54 0.113445378125 0.34911242656249997 0.0567226890625 0.350591715625 0.0567226890625 0.386094675 0.1165966390625 0.3831360953125 0.1165966390625 0.3535502953125 0.113445378125 0.34911242656249997
54 0.1796218484375 0.35207100625 0.1764705875 0.34911242656249997 0.12079831875 0.35207100625 0.122899159375 0.386094675 0.1680672265625 0.386094675 0.18067226875 0.3801775140625 0.1796218484375 0.35207100625
54 0.20063025156249997 0.5710059171874999 0.1439075625 0.5739644968750001 0.1439075625 0.607988165625 0.20378151249999998 0.607988165625 0.20378151249999998 0.5739644968750001 0.20063025156249997 0.5710059171874999
54 0.265756303125 0.5710059171874999 0.20903361406249998 0.5724852078125 0.21008403437499998 0.607988165625 0.25420168125 0.6109467453125 0.26890756250000003 0.60207100625 0.265756303125 0.5710059171874999
10 0.50420168125 0.6375739640625 0.5 0.6434911249999999 0.5010504203124999 0.695266271875 0.55987395 0.695266271875 0.557773109375 0.6390532546875 0.50420168125 0.6375739640625