50 0.53125 0.675 0.05703125 0.0609375
54 0.0828125 0.50703125 0.06015625 0.03671875
53 0.11484375 0.571875 0.2046875 0.09609375
54 0.11328125 0.19921875 0.0609375 0.03671875
54 0.17890625 0.20078125 0.06015625 0.03984375
53 0.12421875 0.26328125 0.1609375 0.0859375
54 0.146875 0.50703125 0.0578125 0.03828125
51 0.40390625 0.640625 0.028125 0.03515625
53 0.5296875 0.75234375 0.1484375 0.0875
53 0.87421875 0.26328125 0.1546875 0.0859375
53 0.91015625 0.571875 0.15 0.0875
53 0.48671875 0.16796875 0.1765625 0.09296875
33 0.42890625 0.41875 0.06015625 0.12109375
14 0.4984375 0.41796875 0.06015625 0.12578125
34 0.4671875 0.67578125 0.06328125 0.0625
8 0.36171875 0.41796875 0.05859375 0.12265625
20 0.55987395 0.479289940625 0.5955882359375 0.4748520703125 0.5955882359375 0.357988165625 0.5378151265625 0.35946745625 0.53676470625 0.467455621875 0.55987395 0.479289940625