51 0.30625 0.60390625 0.0296875 0.03515625
52 0.4921875 0.22578125 0.12890625 0.01328125
54 0.1418067234375 0.5784023671875 0.1418067234375 0.613905325 0.20063025156249997 0.6124260359375 0.19957983125 0.5769230765625 0.1418067234375 0.5784023671875
54 0.2668067234375 0.5843195265625 0.2626050421875 0.5769230765625 0.2069327734375 0.5769230765625 0.2069327734375 0.613905325 0.252100840625 0.615384615625 0.2668067234375 0.607988165625 0.2668067234375 0.5843195265625
54 0.1775210078125 0.3831360953125 0.1775210078125 0.35946745625 0.173319328125 0.35207100625 0.1165966390625 0.3535502953125 0.11554621875 0.378698225 0.1197478984375 0.39053254375 0.163865546875 0.39053254375 0.1775210078125 0.3831360953125
54 0.20063025156249997 0.187869821875 0.19957983125 0.153846153125 0.1439075625 0.153846153125 0.140756303125 0.1582840234375 0.140756303125 0.190828403125 0.19432773125 0.1923076921875 0.20063025156249997 0.187869821875
54 0.2668067234375 0.1849112421875 0.2636554625 0.153846153125 0.2069327734375 0.15532544375 0.20588235312499997 0.1893491125 0.20903361406249998 0.1923076921875 0.252100840625 0.1937869828125 0.2668067234375 0.1849112421875
54 0.43487394999999995 0.08727810625 0.43382352968750004 0.12278106562499999 0.49474789843750006 0.12278106562499999 0.4936974796875 0.08727810625 0.43487394999999995 0.08727810625
54 0.55987395 0.11538461562499999 0.55987395 0.0902366859375 0.5567226890625 0.0857988171875 0.5 0.088757396875 0.5 0.12130177499999999 0.50420168125 0.1242603546875 0.5462184875 0.1242603546875 0.55987395 0.11538461562499999
54 0.788865546875 0.187869821875 0.788865546875 0.156804734375 0.7857142859375 0.1523668640625 0.728991596875 0.153846153125 0.7279411765625 0.1804733734375 0.7310924375 0.1863905328125 0.7415966390625 0.190828403125 0.788865546875 0.187869821875
54 0.7930672265625 0.153846153125 0.7951680671875 0.190828403125 0.8529411765624999 0.1893491125 0.8518907562500001 0.153846153125 0.7930672265625 0.153846153125
54 0.87920168125 0.386094675 0.875 0.35207100625 0.8182773109375001 0.3535502953125 0.817226890625 0.3831360953125 0.8203781515624999 0.386094675 0.830882353125 0.39053254375 0.87920168125 0.386094675
54 0.8823529406249999 0.3535502953125 0.8834033609375 0.38905325468749996 0.942226890625 0.3875739640625 0.9401260499999999 0.35207100625 0.8823529406249999 0.3535502953125
54 0.7930672265625 0.57988165625 0.794117646875 0.613905325 0.853991596875 0.6109467453125 0.8518907562500001 0.5769230765625 0.7930672265625 0.57988165625
54 0.7878151265625 0.6109467453125 0.7878151265625 0.5784023671875 0.7300420171875001 0.5769230765625 0.7279411765625 0.5843195265625 0.728991596875 0.607988165625 0.7415966390625 0.615384615625 0.7857142859375 0.615384615625 0.7878151265625 0.6109467453125
54 0.1081932765625 0.35207100625 0.05042016875000001 0.3550295859375 0.05042016875000001 0.38905325468749996 0.1123949578125 0.3875739640625 0.1113445375 0.3550295859375 0.1081932765625 0.35207100625
18 0.4936974796875 0.7041420125 0.49579831875 0.6523668640625 0.4915966390625 0.6434911249999999 0.438025209375 0.6434911249999999 0.43487394999999995 0.64792899375 0.438025209375 0.6997041421875 0.460084034375 0.7056213015624999 0.4936974796875 0.7041420125
1 0.55567226875 0.6434911249999999 0.5052521015625 0.6434911249999999 0.5 0.64792899375 0.49894957968750003 0.66272189375 0.502100840625 0.7041420125 0.55987395 0.702662721875 0.55987395 0.6523668640625 0.55567226875 0.6434911249999999
53 0.4527310921875 0.789940828125 0.56932773125 0.7928994078125 0.586134453125 0.7855029578125 0.5955882359375 0.770710059375 0.60189075625 0.744082840625 0.58823529375 0.71597633125 0.567226890625 0.7056213015624999 0.44957983125 0.7056213015624999 0.46428571406249997 0.7396449703125 0.46428571406249997 0.76183431875 0.4527310921875 0.789940828125
53 0.7373949578125 0.7041420125 0.7300420171875001 0.6997041421875 0.7300420171875001 0.7056213015624999 0.8686974796875001 0.702662721875 0.8823529406249999 0.6923076921875 0.8918067234375 0.67011834375 0.8886554625 0.6375739640625 0.8697478984375 0.6168639046875 0.7426470593750001 0.615384615625 0.7552521015625 0.6390532546875 0.7573529406249999 0.67011834375 0.7489495796875001 0.6937869828125 0.7373949578125 0.7041420125
53 0.9569327734374999 0.47781065156249997 0.9684873953125 0.471893490625 0.9821428578125 0.445266271875 0.9779411765624999 0.411242603125 0.95798319375 0.392011834375 0.83298319375 0.393491125 0.8455882359375 0.42603550312499994 0.8455882359375 0.4497041421875 0.8340336140625 0.47633136093750006 0.9569327734374999 0.47781065156249997
53 0.7184873953124999 0.28402366875 0.74054621875 0.27810650937500003 0.8665966390625 0.27810650937500003 0.8876050421875 0.2588757390625 0.8928571421875 0.2352071 0.8844537812500001 0.2056213015625 0.8676470593750001 0.1923076921875 0.7489495796875001 0.1923076921875 0.7300420171875001 0.1863905328125 0.71323529375 0.1893491125 0.7163865546875 0.2071005921875 0.710084034375 0.221893490625 0.7027310921875001 0.22781065156250002 0.69012605 0.22337278125 0.688025209375 0.22928994062500002 0.686974790625 0.24408284062500002 0.692226890625 0.26331360937500004 0.7037815125 0.27810650937500003 0.7184873953124999 0.28402366875
53 0.4317226890625 0.21301775156249997 0.532563025 0.2115384609375 0.57457983125 0.21745562187499998 0.5955882359375 0.1982248515625 0.60189075625 0.168639053125 0.5934873953124999 0.136094675 0.585084034375 0.12573964531249998 0.5682773109375 0.1183431953125 0.5336134453125 0.1242603546875 0.4201680671875 0.12573964531249998 0.40756302499999997 0.13313609531249998 0.396008403125 0.153846153125 0.3949579828125 0.1745562125 0.400210084375 0.1937869828125 0.413865546875 0.210059171875 0.4317226890625 0.21301775156249997
53 0.2415966390625 0.2795857984375 0.2552521015625 0.2721893484375 0.24579831875 0.2662721890625 0.238445378125 0.2411242609375 0.242647059375 0.2115384609375 0.2552521015625 0.20266272187499998 0.257352940625 0.1923076921875 0.25420168125 0.1893491125 0.25 0.195266271875 0.127100840625 0.1937869828125 0.1081932765625 0.20857988125000002 0.10294117656249999 0.22337278125 0.10189075624999999 0.24408284062500002 0.1060924375 0.2603550296875 0.1260504203125 0.2795857984375 0.2415966390625 0.2795857984375
53 0.1418067234375 0.47781065156249997 0.1565126046875 0.47337278125 0.14600840312500002 0.434171596875 0.15441176406249998 0.40828402343750003 0.157563025 0.40828402343750003 0.157563025 0.392011834375 0.0357142859375 0.392011834375 0.02310924375 0.399408284375 0.013655462500000002 0.418639053125 0.011554621875 0.437869821875 0.014705882812500001 0.4541420125 0.032563025 0.47633136093750006 0.1418067234375 0.47781065156249997
53 0.2510504203125 0.702662721875 0.2363445375 0.6686390531249999 0.238445378125 0.6390532546875 0.2489495796875 0.6183431953125 0.132352940625 0.615384615625 0.113445378125 0.6242603546875001 0.10294117656249999 0.6464497046875 0.103991596875 0.6775147921875 0.1123949578125 0.6937869828125 0.1218487390625 0.70118343125 0.2510504203125 0.702662721875