38 0.43125 0.41640625 0.0640625 0.11953125
40 0.4671875 0.675 0.0609375 0.0609375
37 0.4984375 0.4125 0.0578125 0.12109375
53 0.11484375 0.57109375 0.20703125 0.09765625
51 0.7921875 0.35390625 0.0296875 0.034375
54 0.88359375 0.2 0.0609375 0.03828125
53 0.53125 0.75234375 0.14609375 0.0875
53 0.4734375 0.16875 0.14921875 0.0859375
54 0.81953125 0.2 0.0609375 0.03828125
27 0.53203125 0.67421875 0.06015625 0.059375
53 0.9109375 0.571875 0.15 0.0875
53 0.13046875 0.2625 0.1703125 0.0875
53 0.87734375 0.26328125 0.15234375 0.0859375
52 0.50078125 0.80703125 0.13984375 0.01328125
7 0.36328125 0.415625 0.0609375 0.12109375