28 0.53125 0.6765625 0.06171875 0.0609375
53 0.52890625 0.7546875 0.1484375 0.0859375
54 0.53125 0.10546875 0.06015625 0.03984375
54 0.08125 0.50703125 0.0609375 0.03671875
53 0.85 0.2625 0.2046875 0.09609375
53 0.1203125 0.2625 0.15234375 0.0875
53 0.11640625 0.571875 0.20625 0.09609375
53 0.47109375 0.16953125 0.1484375 0.0875
52 0.49921875 0.80703125 0.13984375 0.01328125
54 0.4671875 0.10390625 0.0609375 0.03671875
54 0.146875 0.50703125 0.06015625 0.03828125
53 0.91015625 0.571875 0.15 0.0875
54 0.14453125 0.2 0.12890625 0.03828125
51 0.40390625 0.64296875 0.028125 0.034375
44 0.4671875 0.6765625 0.06328125 0.06328125