53 0.090625 0.4375 0.153125 0.0875
54 0.4703125 0.10390625 0.06015625 0.03671875
53 0.2078125 0.6640625 0.20703125 0.09453125
53 0.53203125 0.7578125 0.1484375 0.0875
54 0.921875 0.3734375 0.06015625 0.03671875
53 0.20625 0.2421875 0.2046875 0.09296875
54 0.85703125 0.3734375 0.0609375 0.03671875
53 0.82578125 0.66640625 0.1515625 0.090625
54 0.534375 0.10546875 0.0609375 0.03984375
51 0.80546875 0.51171875 0.0296875 0.03515625
54 0.8328125 0.17265625 0.06015625 0.03671875
54 0.83203125 0.6 0.05859375 0.03671875
54 0.7671875 0.1734375 0.0609375 0.03828125
53 0.9171875 0.4390625 0.15 0.0859375
4 0.534375 0.67734375 0.05859375 0.059375
54 0.7671875 0.6 0.05859375 0.03671875
53 0.82734375 0.2375 0.15234375 0.0875
53 0.503125 0.16953125 0.20625 0.09921875
52 0.8 0.2953125 0.1421875 0.01640625
9 0.47421875 0.6796875 0.05859375 0.0609375