36 0.36171875 0.41484375 0.05859375 0.11953125
34 0.63515625 0.41484375 0.05859375 0.1171875
54 0.88203125 0.19921875 0.0609375 0.03671875
54 0.53125 0.10390625 0.06015625 0.03671875
53 0.0890625 0.5703125 0.1515625 0.0875
53 0.52890625 0.75 0.1484375 0.0890625
54 0.81796875 0.2 0.06171875 0.03828125
51 0.215625 0.3625 0.028125 0.03515625
53 0.50078125 0.16640625 0.2046875 0.09609375
54 0.46640625 0.10390625 0.0609375 0.03515625
53 0.8796875 0.26328125 0.1484375 0.0859375
31 0.4984375 0.41796875 0.06015625 0.12265625
53 0.19765625 0.56640625 0.034375 0.0890625
13 0.43046875 0.41796875 0.06015625 0.12578125
53 0.146875 0.2625 0.2046875 0.09296875
5 0.56640625 0.41796875 0.05859375 0.12578125