53 0.52890625 0.75234375 0.1484375 0.0875
54 0.23515625 0.1734375 0.05859375 0.03828125
53 0.20546875 0.66015625 0.2046875 0.09921875
54 0.1703125 0.17265625 0.06015625 0.03671875
53 0.47109375 0.16875 0.1484375 0.0859375
53 0.0890625 0.4359375 0.1515625 0.0875
53 0.9109375 0.43515625 0.146875 0.0890625
53 0.81953125 0.2359375 0.1484375 0.084375
54 0.91484375 0.3703125 0.0609375 0.03671875
54 0.85 0.3703125 0.06171875 0.03984375
24 0.46640625 0.675 0.0609375 0.0609375
53 0.80546875 0.659375 0.17734375 0.0890625
25 0.53125 0.67578125 0.06015625 0.059375
53 0.17578125 0.23671875 0.1484375 0.0859375
52 0.49921875 0.80546875 0.13984375 0.01328125
53 0.91640625 0.9609375 0.15859375 0.078125