53 0.5296875 0.7421875 0.146875 0.084375
54 0.53359375 0.10390625 0.05859375 0.03828125
54 0.24296875 0.590625 0.06015625 0.03828125
53 0.8203125 0.23359375 0.1453125 0.0859375
54 0.4703125 0.103125 0.05859375 0.03671875
54 0.15625 0.36640625 0.06015625 0.03671875
54 0.18046875 0.17109375 0.06015625 0.03671875
54 0.09140625 0.365625 0.05859375 0.03515625
54 0.24375 0.171875 0.05859375 0.03828125
54 0.76015625 0.16953125 0.05859375 0.03671875
53 0.47578125 0.16640625 0.14921875 0.0875
54 0.76015625 0.58984375 0.05859375 0.03671875
53 0.9078125 0.42890625 0.14921875 0.0859375
53 0.18671875 0.234375 0.14921875 0.084375
53 0.81875 0.65390625 0.14609375 0.0859375
54 0.825 0.58984375 0.06015625 0.03671875
53 0.09609375 0.42890625 0.15 0.0859375
54 0.17890625 0.58984375 0.05859375 0.03671875
51 0.28046875 0.32265625 0.0296875 0.0328125
54 0.825 0.16953125 0.06015625 0.03671875
54 0.84921875 0.3671875 0.06015625 0.03828125
53 0.18671875 0.65390625 0.15 0.0859375
54 0.9125 0.36640625 0.05859375 0.03671875
53 0.59375 0.17890625 0.02109375 0.04765625
34 0.4703125 0.66640625 0.05859375 0.0578125
52 0.878125 0.4875 0.13046875 0.01328125
53 0.28984375 0.228125 0.0484375 0.07421875
40 0.53359375 0.665625 0.05859375 0.059375