51 0.79140625 0.35390625 0.028125 0.034375
53 0.528125 0.75234375 0.14921875 0.0875
54 0.88359375 0.2 0.0609375 0.03828125
54 0.81875 0.2 0.06015625 0.03828125
54 0.85 0.50703125 0.06015625 0.03828125
54 0.0828125 0.50703125 0.05859375 0.03671875
52 0.11484375 0.6265625 0.13671875 0.01328125
54 0.11484375 0.19921875 0.0609375 0.03671875
53 0.9109375 0.571875 0.14921875 0.0875
54 0.14765625 0.50703125 0.0578125 0.03828125
53 0.471875 0.16875 0.1453125 0.0859375
54 0.9171875 0.50703125 0.05859375 0.03671875
54 0.4671875 0.10390625 0.06015625 0.03671875
54 0.53203125 0.10703125 0.06015625 0.04296875
53 0.87578125 0.26328125 0.153125 0.0859375
54 0.1796875 0.20078125 0.0609375 0.03984375
53 0.12578125 0.2625 0.1609375 0.0875
53 0.11484375 0.57109375 0.2046875 0.09765625
5 0.53046875 0.67578125 0.05859375 0.059375
34 0.4671875 0.6765625 0.0609375 0.0609375