53 0.52578125 0.7546875 0.15 0.0859375
53 0.1140625 0.4375 0.2046875 0.09296875
49 0.52890625 0.67578125 0.06015625 0.0625
53 0.1765625 0.23828125 0.1515625 0.0859375
54 0.1703125 0.59765625 0.06015625 0.03515625
54 0.5296875 0.1078125 0.06015625 0.03828125
54 0.08125 0.3734375 0.06171875 0.03671875
54 0.75859375 0.17421875 0.0609375 0.03828125
54 0.82265625 0.17421875 0.06015625 0.03828125
54 0.1453125 0.3734375 0.06015625 0.03671875
54 0.75859375 0.5984375 0.0609375 0.03671875
54 0.9125 0.3734375 0.05859375 0.03671875
54 0.82265625 0.596875 0.06015625 0.03671875
54 0.1703125 0.175 0.06015625 0.03671875
54 0.23515625 0.17578125 0.05859375 0.03828125
54 0.23515625 0.59765625 0.0609375 0.03828125
54 0.4640625 0.10703125 0.0609375 0.03671875
53 0.81875 0.23828125 0.14375 0.0859375
52 0.20234375 0.29765625 0.1375 0.01484375
53 0.9078125 0.4375 0.14921875 0.0875
54 0.846875 0.37578125 0.06171875 0.04140625
53 0.20390625 0.6609375 0.20625 0.09765625
53 0.48046875 0.17265625 0.16875 0.090625
51 0.4015625 0.64296875 0.028125 0.034375
37 0.4640625 0.6765625 0.0609375 0.0609375
53 0.78984375 0.6625 0.20625 0.09453125