52 0.871875 0.4921875 0.109375 0.01328125
51 0.5421875 0.27265625 0.0296875 0.03515625
54 0.830882353125 0.39053254375 0.87920168125 0.386094675 0.8771008406249999 0.3550295859375 0.8739495796875 0.35207100625 0.8203781515624999 0.35207100625 0.817226890625 0.356508875 0.817226890625 0.3831360953125 0.8203781515624999 0.386094675 0.830882353125 0.39053254375
54 0.8823529406249999 0.3535502953125 0.8834033609375 0.38905325468749996 0.942226890625 0.38905325468749996 0.9401260499999999 0.35207100625 0.8823529406249999 0.3535502953125
41 0.5136554624999999 0.642011834375 0.5031512609375 0.6434911249999999 0.49894957968750003 0.6508875734374999 0.5 0.702662721875 0.55987395 0.702662721875 0.5609243703125 0.65532544375 0.5567226890625 0.6434911249999999 0.5136554624999999 0.642011834375
35 0.45063025156250003 0.7056213015624999 0.49579831875 0.70118343125 0.49579831875 0.6508875734374999 0.49264705937500003 0.6449704140625 0.4453781515625 0.642011834375 0.438025209375 0.6434911249999999 0.43382352968750004 0.653846153125 0.4296218484375 0.6863905328125 0.4317226890625 0.6982248515625 0.45063025156250003 0.7056213015624999
53 0.46428571406249997 0.755917159375 0.44957983125 0.7958579875 0.5724789921875 0.7928994078125 0.5840336140625 0.7869822484375 0.5955882359375 0.770710059375 0.6008403359375001 0.7514792906250001 0.58823529375 0.71597633125 0.5724789921875 0.7056213015624999 0.455882353125 0.710059171875 0.46323529375000005 0.7352071 0.46428571406249997 0.755917159375
53 0.8728991593750001 0.6183431953125 0.7436974796875 0.6168639046875 0.74054621875 0.6198224859375 0.7531512609375 0.636094675 0.7510504203124999 0.6434911249999999 0.7552521015625 0.6449704140625 0.7573529406249999 0.661242603125 0.7510504203124999 0.690828403125 0.7415966390625 0.7056213015624999 0.8665966390625 0.702662721875 0.8802521015625 0.6937869828125 0.8918067234375 0.6686390531249999 0.890756303125 0.642011834375 0.8728991593750001 0.6183431953125
53 0.83298319375 0.393491125 0.8466386546875 0.4275147921875 0.8466386546875 0.44378698281249995 0.8392857140625001 0.4644970421875 0.8413865546875 0.47633136093750006 0.95798319375 0.47781065156249997 0.9716386546875 0.46893491093749995 0.9821428578125 0.445266271875 0.9779411765624999 0.411242603125 0.9590336140625 0.392011834375 0.842436975 0.392011834375 0.83298319375 0.393491125
53 0.752100840625 0.2115384609375 0.7563025203125 0.2337278109375 0.7489495796875001 0.2721893484375 0.7531512609375 0.27810650937500003 0.8739495796875 0.2751479296875 0.8876050421875 0.2588757390625 0.8928571421875 0.23076923124999998 0.886554621875 0.20857988125000002 0.8676470593750001 0.1923076921875 0.7426470593750001 0.1923076921875 0.752100840625 0.2115384609375
53 0.396008403125 0.1597633140625 0.39915966406250003 0.1893491125 0.419117646875 0.210059171875 0.57457983125 0.21597633125 0.5955882359375 0.1967455625 0.60189075625 0.1671597640625 0.5934873953124999 0.1375739640625 0.5724789921875 0.1198224859375 0.5472689078124999 0.12573964531249998 0.419117646875 0.12573964531249998 0.39915966406250003 0.14644970468750002 0.396008403125 0.1597633140625
53 0.127100840625 0.2795857984375 0.2563025203125 0.27810650937500003 0.2605042015625 0.2544378703125 0.2552521015625 0.210059171875 0.2605042015625 0.20266272187499998 0.25945378125 0.1937869828125 0.127100840625 0.1937869828125 0.1081932765625 0.20857988125000002 0.10294117656249999 0.2248520703125 0.10504201718749999 0.25739645 0.127100840625 0.2795857984375
53 0.2993697484375 0.2662721890625 0.3046218484375 0.2411242609375 0.30357142812500004 0.236686390625 0.29726890781250004 0.24408284062500002 0.2909663859375 0.2411242609375 0.289915965625 0.21597633125 0.2815126046875 0.21449704218750001 0.2815126046875 0.2588757390625 0.289915965625 0.27810650937500003 0.2993697484375 0.2662721890625
53 0.0378151265625 0.392011834375 0.0220588234375 0.4023668640625 0.013655462500000002 0.4230769234375 0.015756303125000003 0.45562130156249997 0.0220588234375 0.467455621875 0.038865546875000004 0.47781065156249997 0.1449579828125 0.47633136093750006 0.1890756296875 0.4822485203125 0.20483193281249998 0.47337278125 0.21743697499999998 0.44230769218750005 0.21743697499999998 0.42455621250000003 0.21113445312499998 0.40532544374999996 0.20063025156249997 0.392011834375 0.1859243703125 0.386094675 0.0378151265625 0.392011834375