22 0.43515625 0.41171875 0.0609375 0.11953125
53 0.12421875 0.428125 0.2015625 0.090625
53 0.53359375 0.74375 0.14296875 0.0859375
53 0.82265625 0.23359375 0.14375 0.0859375
53 0.47421875 0.16796875 0.14609375 0.084375
53 0.18671875 0.23515625 0.14921875 0.0859375
54 0.24296875 0.1734375 0.06015625 0.03984375
52 0.7953125 0.290625 0.13515625 0.01328125
54 0.76328125 0.171875 0.05859375 0.03828125
51 0.68828125 0.59296875 0.02734375 0.03515625
53 0.91171875 0.43046875 0.14921875 0.0859375
54 0.18046875 0.17265625 0.06015625 0.03671875
53 0.82109375 0.65546875 0.1484375 0.0859375
33 0.50234375 0.409375 0.06015625 0.1171875
54 0.82734375 0.17109375 0.0578125 0.03671875
20 0.36875 0.4125 0.0609375 0.115625