51 0.79140625 0.35546875 0.0296875 0.03671875
52 0.5 0.80859375 0.13984375 0.01328125
47 0.5671875 0.41640625 0.06484375 0.11796875
46 0.49921875 0.41640625 0.06328125 0.11953125
53 0.0220588234375 0.539940828125 0.013655462500000002 0.559171596875 0.0168067234375 0.59467455625 0.0357142859375 0.613905325 0.1376050421875 0.613905325 0.188025209375 0.6198224859375 0.21008403437499998 0.6050295859375 0.2184873953125 0.5784023671875 0.21323529375 0.5443786984375001 0.20378151249999998 0.5310650890625 0.186974790625 0.5221893484375 0.15441176406249998 0.5295857984375 0.039915965625 0.5281065093749999 0.0220588234375 0.539940828125
53 0.0567226890625 0.22928994062500002 0.0462184875 0.24704142031249998 0.044117646875 0.26331360937500004 0.048319328125 0.28698224843750003 0.06932773125 0.3076923078125 0.1985294125 0.3076923078125 0.19957983125 0.2943786984375 0.20798319375 0.2810650890625 0.20903361406249998 0.25 0.201680671875 0.24704142031249998 0.1953781515625 0.2352071 0.2027310921875 0.221893490625 0.06932773125 0.221893490625 0.0567226890625 0.22928994062500002
53 0.41596638593749996 0.210059171875 0.5409663859375 0.20857988125000002 0.5315126046875001 0.1730769234375 0.5357142859375 0.143491125 0.544117646875 0.13165680468750002 0.5409663859375 0.12573964531249998 0.42436974843749997 0.12573964531249998 0.40966386562499996 0.13313609531249998 0.39810924375 0.153846153125 0.39915966406250003 0.1863905328125 0.41596638593749996 0.210059171875
53 0.8151260499999999 0.24704142031249998 0.8161764703125 0.26923076875 0.7962184875 0.3076923078125 0.7878151265625 0.3062130171875 0.7857142859375 0.3106508875 0.9275210078124999 0.3076923078125 0.9474789921875001 0.289940828125 0.9537815125 0.2677514796875 0.94957983125 0.24260354999999997 0.932773109375 0.22337278125 0.8035714281249999 0.22337278125 0.8151260499999999 0.24704142031249998
53 0.747899159375 0.25 0.7510504203124999 0.2884615390625 0.75945378125 0.30325443750000003 0.7720588234375 0.3106508875 0.7626050421875 0.27810650937500003 0.7636554624999999 0.255917159375 0.747899159375 0.25
53 0.96323529375 0.5295857984375 0.840336134375 0.5281065093749999 0.8392857140625001 0.5369822484375 0.8455882359375 0.5458579875 0.849789915625 0.566568046875 0.8466386546875 0.5976331359375 0.8392857140625001 0.6050295859375 0.8466386546875 0.615384615625 0.9621848734375 0.613905325 0.974789915625 0.6050295859375 0.984243696875 0.5857988171875 0.9852941171875 0.5636094671875 0.9810924375000001 0.547337278125 0.96323529375 0.5295857984375
53 0.4663865546875 0.7455621296875 0.46533613437500004 0.7677514796875 0.455882353125 0.79142011875 0.45903361406250004 0.7943786984375001 0.5777310921875001 0.7943786984375001 0.5913865546875 0.78402366875 0.6029411765625 0.7588757390625 0.60189075625 0.7396449703125 0.5945378156250001 0.7248520703125 0.5756302515625 0.70857988125 0.45693277343750005 0.7115384609375 0.4663865546875 0.7455621296875
54 0.436974790625 0.088757396875 0.43592437031250003 0.12130177499999999 0.43907562968749997 0.1242603546875 0.497899159375 0.12278106562499999 0.497899159375 0.0902366859375 0.49474789843750006 0.0857988171875 0.436974790625 0.088757396875
54 0.5483193281250001 0.12573964531249998 0.5609243703125 0.1168639046875 0.55987395 0.0857988171875 0.5010504203124999 0.088757396875 0.5010504203124999 0.12278106562499999 0.5483193281250001 0.12573964531249998
11 0.3928571421875 0.46597633125 0.3918067234375 0.36094674531250004 0.3739495796875 0.3550295859375 0.336134453125 0.3550295859375 0.3319327734375 0.35946745625 0.3319327734375 0.47337278125 0.33928571406249997 0.47781065156249997 0.3897058828125 0.47633136093750006 0.3928571421875 0.46597633125
14 0.400210084375 0.36094674531250004 0.40126050468749996 0.47337278125 0.4317226890625 0.47781065156249997 0.4621848734375 0.47337278125 0.45903361406250004 0.35946745625 0.4044117640625 0.3550295859375 0.400210084375 0.36094674531250004
22 0.436974790625 0.6508875734374999 0.438025209375 0.702662721875 0.45063025156250003 0.70857988125 0.49684873906250004 0.7056213015624999 0.49579831875 0.64792899375 0.44012605000000005 0.6464497046875 0.436974790625 0.6508875734374999
16 0.5609243703125 0.7056213015624999 0.55987395 0.64792899375 0.5052521015625 0.6464497046875 0.5010504203124999 0.6508875734374999 0.5010504203124999 0.7056213015624999 0.5609243703125 0.7056213015624999