53 0.5296875 0.7390625 0.14375 0.084375
53 0.18828125 0.6515625 0.1515625 0.084375
22 0.46953125 0.665625 0.05859375 0.059375
53 0.81484375 0.234375 0.146875 0.084375
53 0.90234375 0.428125 0.146875 0.084375
53 0.1 0.428125 0.15234375 0.084375
51 0.75234375 0.3265625 0.028125 0.0328125
53 0.81328125 0.65234375 0.1515625 0.0859375
53 0.18828125 0.23515625 0.1515625 0.0859375
21 0.53203125 0.66484375 0.06015625 0.0578125
32 0.90859375 0.35390625 0.05859375 0.0546875
53 0.47578125 0.16796875 0.1515625 0.084375
33 0.84609375 0.35625 0.06015625 0.059375