51 0.23046875 0.36796875 0.0296875 0.03671875
46 0.4953125 0.6671875 0.06171875 0.0625
38 0.459375 0.41015625 0.06328125 0.11796875
49 0.66171875 0.41015625 0.06171875 0.11796875
26 0.66171875 0.409375 0.06171875 0.1171875
3 0.39296875 0.41015625 0.06171875 0.11796875
53 0.2300420171875 0.2189349109375 0.103991596875 0.2189349109375 0.092436975 0.2248520703125 0.07983193281249999 0.24704142031249998 0.080882353125 0.2795857984375 0.0913865546875 0.297337278125 0.10294117656249999 0.30325443750000003 0.22689075625 0.30177514843750003 0.2531512609375 0.309171596875 0.2720588234375 0.2958579875 0.2815126046875 0.26923076875 0.2815126046875 0.25 0.275210084375 0.2337278109375 0.265756303125 0.2204142015625 0.252100840625 0.21301775156249997 0.2300420171875 0.2189349109375
53 0.4894957984375 0.717455621875 0.49474789843750006 0.744082840625 0.48109243749999997 0.7869822484375 0.599789915625 0.7855029578125 0.61554621875 0.7766272187500001 0.6281512609375 0.75739645 0.62920168125 0.729289940625 0.6081932765625 0.70118343125 0.48109243749999997 0.70118343125 0.47689075625 0.702662721875 0.4894957984375 0.717455621875
53 0.8392857140625001 0.304733728125 0.9537815125 0.30177514843750003 0.969537815625 0.2855029578125 0.974789915625 0.2662721890625 0.969537815625 0.236686390625 0.94957983125 0.2189349109375 0.8235294124999999 0.2189349109375 0.8256302515625 0.2928994078125 0.8287815125 0.3002958578125 0.8392857140625001 0.304733728125
34 0.8718487390625 0.21449704218750001 0.8728991593750001 0.1671597640625 0.8686974796875001 0.156804734375 0.8193277312499999 0.15532544375 0.813025209375 0.161242603125 0.811974790625 0.2056213015625 0.8161764703125 0.21301775156249997 0.853991596875 0.2189349109375 0.8718487390625 0.21449704218750001
28 0.9359243703125 0.21449704218750001 0.932773109375 0.156804734375 0.87920168125 0.156804734375 0.875 0.1642011828125 0.875 0.21597633125 0.9359243703125 0.21449704218750001
11 0.57457983125 0.70118343125 0.58823529375 0.695266271875 0.5913865546875 0.6582840234375 0.585084034375 0.636094675 0.5357142859375 0.636094675 0.5294117640625 0.6390532546875 0.527310925 0.64792899375 0.525210084375 0.6967455625000001 0.5315126046875001 0.70118343125 0.57457983125 0.70118343125
8 0.515756303125 0.4704142015625 0.5220588234375 0.4644970421875 0.544117646875 0.467455621875 0.5546218484375001 0.4630177515625 0.55567226875 0.38905325468749996 0.55987395 0.3624260359375 0.55042016875 0.350591715625 0.5010504203124999 0.350591715625 0.49684873906250004 0.35946745625 0.49684873906250004 0.46597633125 0.515756303125 0.4704142015625
12 0.625 0.4497041421875 0.622899159375 0.356508875 0.6197478984375 0.35207100625 0.5682773109375 0.35207100625 0.5640756296875 0.357988165625 0.56512605 0.46597633125 0.5766806718749999 0.471893490625 0.62079831875 0.4704142015625 0.625 0.4497041421875