53 0.478125 0.16953125 0.15546875 0.0875
53 0.08984375 0.4375 0.1546875 0.0875
53 0.17890625 0.665625 0.15234375 0.0890625
53 0.91796875 0.4375 0.14921875 0.0890625
54 0.17421875 0.6 0.06015625 0.03671875
53 0.20625 0.24140625 0.20625 0.09140625
53 0.5328125 0.75703125 0.15 0.0890625
51 0.68984375 0.6015625 0.03046875 0.034375
54 0.23984375 0.60078125 0.0609375 0.03828125
52 0.20625 0.72109375 0.14375 0.01640625
53 0.82265625 0.23671875 0.15625 0.0890625
53 0.79765625 0.66640625 0.2046875 0.09609375
29 0.4703125 0.67890625 0.06015625 0.0625
25 0.5359375 0.68125 0.06015625 0.0625