9 0.365625 0.41953125 0.0609375 0.12265625
51 0.54765625 0.27578125 0.03046875 0.03671875
53 0.4796875 0.16953125 0.15625 0.0875
53 0.20703125 0.665625 0.2078125 0.09765625
54 0.0828125 0.3734375 0.0609375 0.03671875
53 0.9171875 0.4375 0.1484375 0.0890625
53 0.0875 0.4375 0.15 0.0890625
53 0.5328125 0.7578125 0.1484375 0.0875
54 0.1484375 0.37578125 0.06015625 0.04140625
53 0.82578125 0.23671875 0.1546875 0.0859375
54 0.8328125 0.17265625 0.06015625 0.03671875
54 0.7671875 0.1734375 0.05859375 0.03828125
41 0.50234375 0.41875 0.0640625 0.12109375
35 0.4703125 0.67890625 0.0640625 0.0625
53 0.2078125 0.240625 0.2046875 0.09296875
16 0.534375 0.678125 0.05859375 0.0609375
52 0.79921875 0.2953125 0.1375 0.01640625
24 0.43359375 0.41796875 0.0609375 0.1171875
53 0.79921875 0.66640625 0.20234375 0.09296875