7 0.4640625 0.6734375 0.0609375 0.06328125
53 0.2046875 0.23671875 0.2046875 0.09765625
54 0.23515625 0.59453125 0.0609375 0.03828125
54 0.23515625 0.1734375 0.05859375 0.03828125
53 0.11015625 0.43515625 0.19765625 0.09453125
54 0.1703125 0.59375 0.0578125 0.03671875
53 0.52578125 0.74921875 0.1484375 0.0875
53 0.471875 0.16640625 0.14921875 0.0875
54 0.91171875 0.36953125 0.05859375 0.03828125
54 0.1703125 0.17265625 0.06015625 0.03671875
54 0.75703125 0.59453125 0.0609375 0.03828125
54 0.821875 0.171875 0.06015625 0.03828125
54 0.821875 0.59375 0.06015625 0.03671875
54 0.846875 0.3703125 0.06015625 0.03984375
53 0.1828125 0.6578125 0.1640625 0.0875
53 0.9078125 0.43359375 0.146875 0.0859375
54 0.08125 0.36875 0.06171875 0.03671875
54 0.1453125 0.36953125 0.06015625 0.03828125
53 0.81484375 0.65859375 0.15234375 0.0890625
54 0.75703125 0.171875 0.0609375 0.03828125
54 0.5296875 0.10390625 0.06015625 0.03671875
51 0.796875 0.5078125 0.028125 0.034375
54 0.4640625 0.10390625 0.05859375 0.03671875
53 0.81796875 0.23515625 0.146875 0.0859375
2 0.52890625 0.67265625 0.06015625 0.0609375
52 0.08359375 0.490625 0.07890625 0.01328125