46 0.49453125 0.665625 0.06015625 0.059375
12 0.59375 0.409375 0.0609375 0.1171875
28 0.90625 0.1859375 0.06015625 0.0578125
8 0.5265625 0.409375 0.06015625 0.11953125
11 0.55859375 0.66796875 0.0609375 0.06328125
34 0.8421875 0.18515625 0.0609375 0.0625
53 0.5515625 0.74296875 0.1515625 0.0859375
53 0.8984375 0.26015625 0.15 0.0859375
53 0.18046875 0.259375 0.2015625 0.09609375
3 0.3921875 0.409375 0.0609375 0.11953125
51 0.2296875 0.3671875 0.028125 0.03515625
26 0.6609375 0.409375 0.0609375 0.11796875
38 0.459375 0.409375 0.0609375 0.11796875