53 0.11328125 0.43359375 0.20390625 0.09453125
54 0.8484375 0.37265625 0.06015625 0.04140625
7 0.465625 0.6765625 0.0609375 0.06328125
54 0.234375 0.17421875 0.05859375 0.04140625
53 0.81796875 0.2359375 0.1484375 0.0875
53 0.5265625 0.75234375 0.146875 0.0875
53 0.1765625 0.2375 0.1515625 0.0875
54 0.1703125 0.5953125 0.05859375 0.03671875
53 0.17421875 0.66015625 0.1484375 0.0875
54 0.16953125 0.1734375 0.06015625 0.03828125
53 0.8203125 0.659375 0.1453125 0.0859375
53 0.9109375 0.4359375 0.146875 0.0875
54 0.234375 0.59609375 0.05859375 0.03828125
53 0.46953125 0.16875 0.146875 0.0859375
2 0.5296875 0.67578125 0.06015625 0.059375
54 0.9140625 0.3703125 0.05859375 0.03671875
52 0.83046875 0.49296875 0.03671875 0.01171875
51 0.79765625 0.51015625 0.0265625 0.0328125