51 0.75234375 0.33515625 0.0296875 0.034375
54 0.1703125 0.596875 0.0578125 0.03671875
54 0.23515625 0.59765625 0.0609375 0.03828125
53 0.8171875 0.23828125 0.14921875 0.0859375
54 0.146875 0.37421875 0.06015625 0.03828125
54 0.23515625 0.17578125 0.05859375 0.03828125
54 0.82265625 0.596875 0.06015625 0.03671875
53 0.52578125 0.7546875 0.1484375 0.0890625
54 0.9125 0.37265625 0.05859375 0.03515625
54 0.75859375 0.17421875 0.05859375 0.03828125
54 0.82265625 0.175 0.06015625 0.03671875
53 0.81953125 0.66171875 0.1453125 0.0875
54 0.846875 0.3734375 0.06015625 0.03671875
54 0.1703125 0.175 0.06015625 0.03671875
54 0.75859375 0.59765625 0.0609375 0.03828125
54 0.5296875 0.1078125 0.06015625 0.03828125
53 0.4734375 0.171875 0.15234375 0.0859375
54 0.08125 0.37265625 0.06015625 0.03515625
54 0.4640625 0.10703125 0.05859375 0.03671875
53 0.9078125 0.4375 0.15 0.0875
53 0.17890625 0.6609375 0.1546875 0.0859375
53 0.08828125 0.4375 0.14921875 0.0875
53 0.17734375 0.23828125 0.15 0.0859375
21 0.46328125 0.6765625 0.06328125 0.06328125
17 0.502100840625 0.6464497046875 0.5010504203124999 0.7071005921875 0.55987395 0.7056213015624999 0.557773109375 0.64792899375 0.502100840625 0.6464497046875