54 0.0828125 0.3734375 0.0609375 0.03671875
53 0.79765625 0.23671875 0.2046875 0.09765625
53 0.50390625 0.16953125 0.209375 0.09921875
54 0.8328125 0.6 0.06015625 0.03671875
54 0.4703125 0.10390625 0.06015625 0.03515625
54 0.921875 0.3734375 0.06171875 0.03671875
53 0.5328125 0.7578125 0.1484375 0.0875
53 0.18046875 0.665625 0.15234375 0.0890625
53 0.828125 0.66640625 0.1484375 0.090625
53 0.08828125 0.4375 0.14921875 0.0890625
54 0.1484375 0.37421875 0.06015625 0.03828125
54 0.17265625 0.1734375 0.06171875 0.03671875
54 0.85703125 0.37578125 0.0609375 0.04140625
53 0.91796875 0.4375 0.1515625 0.0890625
54 0.534375 0.10390625 0.0609375 0.03671875
54 0.17421875 0.6 0.06015625 0.03671875
54 0.23984375 0.17421875 0.0609375 0.04140625
54 0.8328125 0.1734375 0.06015625 0.03828125
54 0.7671875 0.1734375 0.0609375 0.03828125
54 0.7671875 0.60078125 0.05859375 0.03828125
53 0.203125 0.23828125 0.20078125 0.0890625
54 0.23984375 0.60078125 0.0609375 0.03828125
52 0.4609375 0.22734375 0.0546875 0.01015625
51 0.40546875 0.64609375 0.0296875 0.034375
20 0.534375 0.67890625 0.05859375 0.0625
38 0.4703125 0.67890625 0.06015625 0.0625