51 0.54375 0.27265625 0.0296875 0.034375
53 0.52890625 0.75234375 0.1484375 0.0875
54 0.81953125 0.2 0.0609375 0.03828125
54 0.85 0.5078125 0.06171875 0.03671875
54 0.88203125 0.2 0.0609375 0.03828125
54 0.0828125 0.50703125 0.06015625 0.03671875
54 0.53125 0.10546875 0.06015625 0.03984375
54 0.11328125 0.2 0.0609375 0.03828125
53 0.47109375 0.16953125 0.1484375 0.0875
53 0.08828125 0.57109375 0.1515625 0.0859375
53 0.87734375 0.26328125 0.14921875 0.0859375
53 0.121875 0.26328125 0.15546875 0.0859375
53 0.9109375 0.571875 0.1484375 0.0875
54 0.17890625 0.20078125 0.06015625 0.03984375
54 0.915625 0.50703125 0.05859375 0.03515625
54 0.4671875 0.10390625 0.0609375 0.03671875
54 0.146875 0.50703125 0.0578125 0.03828125
6 0.5296875 0.6765625 0.05859375 0.0609375
49 0.46640625 0.67578125 0.0609375 0.0625
52 0.475 0.8078125 0.09140625 0.01171875