53 0.478125 0.1703125 0.1546875 0.0890625
54 0.23984375 0.175 0.0609375 0.03984375
54 0.85703125 0.3734375 0.0609375 0.03671875
53 0.11640625 0.4375 0.2078125 0.09453125
54 0.921875 0.3734375 0.06015625 0.03671875
53 0.17890625 0.2390625 0.1515625 0.0875
51 0.54765625 0.27578125 0.03046875 0.03671875
54 0.8328125 0.6 0.06015625 0.03671875
54 0.8328125 0.1734375 0.06015625 0.03828125
54 0.0828125 0.3734375 0.0609375 0.03671875
54 0.17265625 0.6 0.06015625 0.03671875
54 0.1484375 0.3734375 0.06015625 0.03671875
54 0.4703125 0.10390625 0.06015625 0.03671875
53 0.91875 0.4375 0.14609375 0.0890625
53 0.2078125 0.66484375 0.209375 0.09921875
53 0.82578125 0.23671875 0.15234375 0.0859375
54 0.17421875 0.17421875 0.06015625 0.03828125
54 0.7671875 0.1734375 0.05859375 0.03828125
21 0.4703125 0.67890625 0.06015625 0.0625
54 0.23984375 0.60078125 0.05859375 0.03828125
54 0.5359375 0.1046875 0.0609375 0.04140625
54 0.7671875 0.6015625 0.0609375 0.03984375
53 0.53046875 0.7578125 0.14921875 0.0875
53 0.82421875 0.6671875 0.1546875 0.09140625
14 0.53515625 0.67890625 0.06015625 0.0625