53 0.52890625 0.753125 0.1484375 0.0859375
54 0.23515625 0.1734375 0.05859375 0.03984375
54 0.23671875 0.596875 0.05859375 0.03984375
53 0.115625 0.4359375 0.20625 0.09296875
54 0.53046875 0.10625 0.0609375 0.04140625
54 0.1703125 0.17265625 0.06015625 0.03671875
54 0.915625 0.3703125 0.05859375 0.03671875
53 0.4703125 0.16953125 0.14609375 0.0875
53 0.81796875 0.66015625 0.1546875 0.0875
54 0.1703125 0.5953125 0.0578125 0.03671875
53 0.17578125 0.2375 0.14921875 0.084375
54 0.76015625 0.59609375 0.0609375 0.03828125
54 0.85 0.37109375 0.06015625 0.03828125
54 0.146875 0.37109375 0.06015625 0.03828125
54 0.82734375 0.59609375 0.06015625 0.03828125
51 0.21015625 0.36953125 0.0296875 0.03515625
54 0.0828125 0.3703125 0.06015625 0.03671875
54 0.4671875 0.10390625 0.0609375 0.03671875
53 0.9109375 0.4359375 0.14921875 0.0875
53 0.79140625 0.2359375 0.20703125 0.09609375
52 0.79375 0.71796875 0.13828125 0.01328125
37 0.46640625 0.675 0.05859375 0.0609375
53 0.196875 0.659375 0.18984375 0.090625
18 0.53046875 0.6765625 0.06171875 0.0609375