10 0.52890625 0.67265625 0.0578125 0.0609375
51 0.54140625 0.271875 0.03046875 0.0328125
53 0.525 0.74921875 0.15 0.0875
54 0.23515625 0.1734375 0.05859375 0.03984375
53 0.88046875 0.4328125 0.20234375 0.09296875
54 0.1703125 0.17265625 0.06015625 0.03671875
54 0.23515625 0.59453125 0.0609375 0.03828125
54 0.821875 0.171875 0.06015625 0.03828125
54 0.5296875 0.10390625 0.06015625 0.03671875
54 0.1703125 0.59375 0.0578125 0.03671875
54 0.846875 0.36953125 0.06171875 0.03828125
53 0.4734375 0.16875 0.1546875 0.0859375
53 0.1765625 0.23671875 0.14921875 0.0859375
53 0.08984375 0.43203125 0.15625 0.0890625
54 0.75703125 0.171875 0.0609375 0.03828125
53 0.81953125 0.23515625 0.1453125 0.0859375
54 0.08125 0.36875 0.0609375 0.03671875
54 0.1453125 0.36953125 0.06015625 0.03828125
54 0.4640625 0.10390625 0.05859375 0.03515625
53 0.19296875 0.65859375 0.18046875 0.09140625
25 0.4640625 0.67421875 0.0609375 0.0625
53 0.78984375 0.65859375 0.20390625 0.09453125
54 0.91171875 0.36953125 0.0609375 0.03828125
52 0.49765625 0.80390625 0.1375 0.01328125