11 0.53203125 0.675 0.06015625 0.0609375
53 0.5296875 0.75234375 0.1484375 0.0875
54 0.88359375 0.2 0.0609375 0.03828125
54 0.0828125 0.50703125 0.05859375 0.03671875
54 0.81875 0.2 0.06015625 0.03828125
53 0.47109375 0.16875 0.1484375 0.0859375
54 0.146875 0.2 0.12734375 0.03828125
54 0.85 0.50703125 0.06015625 0.03828125
53 0.12109375 0.2625 0.14921875 0.0875
53 0.91171875 0.571875 0.14921875 0.0875
54 0.915625 0.50703125 0.05859375 0.03671875
54 0.14765625 0.50703125 0.06015625 0.03828125
53 0.11640625 0.57109375 0.2046875 0.09453125
51 0.4046875 0.640625 0.028125 0.03515625
54 0.53203125 0.10546875 0.06015625 0.03984375
53 0.8515625 0.26171875 0.20234375 0.09453125
12 0.4671875 0.67578125 0.0609375 0.0625
54 0.46875 0.10390625 0.0609375 0.03671875