53 0.20546875 0.2375 0.2046875 0.09609375
53 0.5296875 0.75390625 0.14609375 0.084375
53 0.115625 0.43515625 0.20625 0.09453125
42 0.4671875 0.67578125 0.0609375 0.0625
53 0.81953125 0.23671875 0.1515625 0.0859375
53 0.18046875 0.6609375 0.1546875 0.0859375
54 0.76015625 0.171875 0.06328125 0.03828125
54 0.82578125 0.171875 0.06015625 0.03828125
53 0.88046875 0.434375 0.2078125 0.09609375
36 0.53125 0.675 0.05859375 0.0609375
51 0.75546875 0.3328125 0.0296875 0.0328125
53 0.8140625 0.6640625 0.16171875 0.09453125
53 0.47265625 0.16875 0.14921875 0.0859375