51 0.54375 0.27265625 0.0296875 0.034375
53 0.528125 0.75234375 0.146875 0.0875
54 0.88203125 0.19921875 0.0609375 0.03671875
54 0.81796875 0.20078125 0.0609375 0.03984375
54 0.53125 0.10390625 0.06015625 0.03671875
53 0.4765625 0.16953125 0.15625 0.0875
54 0.0828125 0.50703125 0.06015625 0.03671875
54 0.85 0.50703125 0.06171875 0.03828125
53 0.11953125 0.2625 0.1515625 0.084375
54 0.46640625 0.10390625 0.0609375 0.03515625
54 0.11328125 0.19921875 0.0609375 0.03671875
53 0.91015625 0.571875 0.15 0.0875
53 0.878125 0.26328125 0.146875 0.0859375
54 0.91484375 0.50703125 0.05859375 0.03671875
53 0.0875 0.57109375 0.14921875 0.0859375
54 0.17890625 0.2 0.06015625 0.03828125
54 0.146875 0.50703125 0.06015625 0.03828125
52 0.4984375 0.80625 0.13984375 0.01171875
18 0.53125 0.675 0.06171875 0.0609375
27 0.46640625 0.67578125 0.0609375 0.0625