53 0.52734375 0.753125 0.14921875 0.0859375
10 0.36171875 0.415625 0.05859375 0.12109375
53 0.11484375 0.43515625 0.20703125 0.09453125
53 0.20390625 0.2375 0.20625 0.09609375
53 0.88203125 0.43515625 0.20703125 0.09453125
53 0.82109375 0.659375 0.14609375 0.0859375
53 0.20546875 0.66015625 0.2046875 0.09921875
32 0.46640625 0.67578125 0.0609375 0.0625
54 0.76015625 0.59609375 0.0609375 0.03828125
53 0.4703125 0.16875 0.14609375 0.0859375
54 0.82578125 0.59609375 0.06015625 0.03828125
54 0.46640625 0.10390625 0.0609375 0.03671875
51 0.2734375 0.32578125 0.03046875 0.03515625
47 0.5671875 0.415625 0.0609375 0.11796875
54 0.53046875 0.10625 0.0609375 0.04140625
53 0.8203125 0.2359375 0.14921875 0.084375
36 0.53125 0.675 0.06015625 0.0609375
40 0.49765625 0.41328125 0.06015625 0.12265625
52 0.78671875 0.71796875 0.128125 0.01328125
41 0.42890625 0.415625 0.06015625 0.12109375