51 0.74921875 0.3296875 0.0296875 0.03671875
54 0.20063025156249997 0.1523668640625 0.1428571421875 0.15532544375 0.1428571421875 0.1893491125 0.2027310921875 0.187869821875 0.20378151249999998 0.156804734375 0.20063025156249997 0.1523668640625
54 0.2647058828125 0.1523668640625 0.21008403437499998 0.1523668640625 0.20903361406249998 0.1893491125 0.2552521015625 0.190828403125 0.2678571421875 0.1849112421875 0.2647058828125 0.1523668640625
54 0.1123949578125 0.34911242656249997 0.0567226890625 0.34911242656249997 0.0567226890625 0.386094675 0.11554621875 0.384615384375 0.11554621875 0.35207100625 0.1123949578125 0.34911242656249997
54 0.1796218484375 0.3550295859375 0.17542016875 0.34911242656249997 0.1197478984375 0.350591715625 0.1197478984375 0.386094675 0.16176470625 0.38905325468749996 0.1796218484375 0.3801775140625 0.1796218484375 0.3550295859375
54 0.19957983125 0.5710059171874999 0.1439075625 0.5724852078125 0.1428571421875 0.607988165625 0.2027310921875 0.607988165625 0.20378151249999998 0.5784023671875 0.19957983125 0.5710059171874999
54 0.2647058828125 0.5710059171874999 0.20798319375 0.5739644968750001 0.20903361406249998 0.607988165625 0.25420168125 0.60946745625 0.2678571421875 0.600591715625 0.2647058828125 0.5710059171874999
54 0.784663865625 0.6050295859375 0.7857142859375 0.5769230765625 0.782563025 0.5710059171874999 0.724789915625 0.5739644968750001 0.7237394953125 0.600591715625 0.734243696875 0.607988165625 0.7804621843749999 0.60946745625 0.784663865625 0.6050295859375
54 0.844537815625 0.5710059171874999 0.7909663859375 0.5724852078125 0.789915965625 0.607988165625 0.8487394953124999 0.607988165625 0.8487394953124999 0.5739644968750001 0.844537815625 0.5710059171874999
54 0.8728991593750001 0.350591715625 0.8140756296875 0.350591715625 0.813025209375 0.378698225 0.826680671875 0.3875739640625 0.8728991593750001 0.384615384375 0.8728991593750001 0.350591715625
54 0.8781512609375 0.350591715625 0.8781512609375 0.386094675 0.936974790625 0.3831360953125 0.9338235296875 0.34911242656249997 0.8781512609375 0.350591715625
54 0.7794117640625 0.1893491125 0.784663865625 0.1849112421875 0.7836134453125 0.1523668640625 0.7258403359375001 0.153846153125 0.724789915625 0.1804733734375 0.7279411765625 0.1849112421875 0.74054621875 0.190828403125 0.7794117640625 0.1893491125
54 0.788865546875 0.153846153125 0.788865546875 0.187869821875 0.8487394953124999 0.1863905328125 0.8455882359375 0.1508875734375 0.788865546875 0.153846153125
54 0.55567226875 0.0843195265625 0.5 0.0857988171875 0.5 0.12278106562499999 0.5430672265625 0.1242603546875 0.5588235296875 0.11538461562499999 0.55567226875 0.0843195265625
54 0.43382352968750004 0.08727810625 0.43487394999999995 0.12278106562499999 0.4936974796875 0.12278106562499999 0.49264705937500003 0.0843195265625 0.43382352968750004 0.08727810625
53 0.544117646875 0.20857988125000002 0.544117646875 0.20118343125 0.534663865625 0.195266271875 0.5315126046875001 0.1863905328125 0.5336134453125 0.1745562125 0.5283613453125 0.17011834374999998 0.5304621843749999 0.149408284375 0.5430672265625 0.1301775140625 0.54201680625 0.12573964531249998 0.42436974843749997 0.1242603546875 0.40966386562499996 0.1301775140625 0.3970588234375 0.1508875734375 0.3970588234375 0.1819526625 0.402310925 0.1967455625 0.41596638593749996 0.20857988125000002 0.544117646875 0.20857988125000002
53 0.7436974796875 0.2751479296875 0.8602941171875 0.2751479296875 0.875 0.2677514796875 0.886554621875 0.24408284062500002 0.886554621875 0.22337278125 0.8813025203124999 0.2071005921875 0.8676470593750001 0.1923076921875 0.7426470593750001 0.190828403125 0.75420168125 0.22928994062500002 0.752100840625 0.248520709375 0.7415966390625 0.270710059375 0.7436974796875 0.2751479296875
53 0.8340336140625 0.45857988125000004 0.8350840343750001 0.471893490625 0.951680671875 0.47337278125 0.9642857140625001 0.4644970421875 0.9758403359375001 0.43934911249999997 0.9758403359375001 0.42011834375 0.9705882359375 0.40532544374999996 0.9548319328125 0.38905325468749996 0.8361344531249999 0.3875739640625 0.83298319375 0.39792899375 0.840336134375 0.41420118281249996 0.8413865546875 0.44230769218750005 0.8340336140625 0.45857988125000004
53 0.8655462187499999 0.695266271875 0.8739495796875 0.6893491125 0.886554621875 0.6656804734375 0.8844537812500001 0.6331360953125 0.8655462187499999 0.6109467453125 0.7415966390625 0.6109467453125 0.7531512609375 0.6464497046875 0.752100840625 0.6686390531249999 0.7436974796875 0.6967455625000001 0.8655462187499999 0.695266271875
53 0.4527310921875 0.78402366875 0.5735294125 0.78402366875 0.58823529375 0.7721893484375 0.5966386546875 0.75 0.5966386546875 0.7322485203125 0.5913865546875 0.717455621875 0.5766806718749999 0.70118343125 0.4453781515625 0.70118343125 0.460084034375 0.7204142015625 0.46323529375000005 0.7322485203125 0.46323529375000005 0.7544378703125 0.4527310921875 0.78402366875
53 0.2836134453125 0.6449704140625 0.284663865625 0.6642011828125 0.2993697484375 0.6849112421875 0.307773109375 0.6597633140625 0.3046218484375 0.6331360953125 0.2930672265625 0.6124260359375 0.282563025 0.607988165625 0.2783613453125 0.60946745625 0.288865546875 0.615384615625 0.2909663859375 0.622781065625 0.2836134453125 0.6449704140625
53 0.2626050421875 0.6982248515625 0.247899159375 0.6863905328125 0.24054621874999998 0.6686390531249999 0.2394957984375 0.636094675 0.252100840625 0.6168639046875 0.2489495796875 0.6109467453125 0.127100840625 0.6109467453125 0.113445378125 0.621301775 0.10504201718749999 0.642011834375 0.10504201718749999 0.66272189375 0.1113445375 0.6819526625 0.132352940625 0.6967455625000001 0.2626050421875 0.6982248515625
53 0.242647059375 0.2603550296875 0.24054621874999998 0.21597633125 0.2489495796875 0.1937869828125 0.12920168125 0.1923076921875 0.11554621875 0.20118343125 0.10714285781249999 0.21745562187499998 0.10714285781249999 0.2529585796875 0.1239495796875 0.2751479296875 0.2489495796875 0.2751479296875 0.242647059375 0.2603550296875
53 0.039915965625 0.47337278125 0.1628151265625 0.4704142015625 0.15126050468750002 0.445266271875 0.15546218437499998 0.42455621250000003 0.164915965625 0.41420118281249996 0.1586134453125 0.40828402343750003 0.16071428593749998 0.386094675 0.0567226890625 0.386094675 0.0378151265625 0.38905325468749996 0.02310924375 0.4008875734375 0.0168067234375 0.418639053125 0.0178571421875 0.4467455625 0.025210084375000004 0.4615384609375 0.039915965625 0.47337278125
39 0.49684873906250004 0.6597633140625 0.49264705937500003 0.6390532546875 0.43487394999999995 0.6390532546875 0.436974790625 0.6923076921875 0.45798319374999996 0.6982248515625 0.49474789843750006 0.695266271875 0.49684873906250004 0.6597633140625
27 0.5031512609375 0.636094675 0.5 0.642011834375 0.5010504203124999 0.6982248515625 0.5588235296875 0.695266271875 0.5567226890625 0.6390532546875 0.5031512609375 0.636094675