24 0.36796875 0.4109375 0.0609375 0.11796875
36 0.76171875 0.1578125 0.05859375 0.0609375
11 0.9125 0.35390625 0.05859375 0.059375
53 0.21328125 0.65390625 0.2015625 0.09765625
53 0.1234375 0.42890625 0.20234375 0.09453125
50 0.53359375 0.66484375 0.0609375 0.0578125
51 0.5453125 0.2703125 0.03046875 0.034375
53 0.1921875 0.234375 0.16171875 0.0875
53 0.47890625 0.165625 0.153125 0.0859375
6 0.18046875 0.1578125 0.06015625 0.0609375
53 0.53046875 0.7421875 0.1453125 0.084375
53 0.815625 0.653125 0.15234375 0.0875
53 0.29765625 0.25 0.03046875 0.059375
27 0.5015625 0.41171875 0.0578125 0.12265625
1 0.43515625 0.409375 0.05703125 0.12109375
53 0.81796875 0.234375 0.1484375 0.084375
53 0.90625 0.4296875 0.15 0.084375
8 0.85 0.35546875 0.06015625 0.0609375
39 0.82265625 0.1578125 0.06015625 0.0609375
42 0.4703125 0.6671875 0.06015625 0.0625
34 0.27310924375 0.1849112421875 0.27415966406250003 0.1375739640625 0.271008403125 0.1301775140625 0.2205882359375 0.128698225 0.21323529375 0.134615384375 0.21113445312499998 0.168639053125 0.2142857140625 0.1893491125 0.252100840625 0.1923076921875 0.27310924375 0.1849112421875