53 0.525 0.746875 0.1484375 0.0859375
53 0.1140625 0.4328125 0.2046875 0.09296875
53 0.9046875 0.43203125 0.146875 0.0859375
15 0.42890625 0.4125 0.06015625 0.12421875
53 0.78671875 0.65625 0.20390625 0.09609375
53 0.7875 0.234375 0.2015625 0.09609375
54 0.234375 0.17265625 0.05859375 0.03984375
51 0.27265625 0.32421875 0.028125 0.03515625
54 0.46328125 0.103125 0.0609375 0.03671875
54 0.528125 0.10390625 0.0578125 0.03671875
53 0.17734375 0.6578125 0.153125 0.0875
54 0.16953125 0.171875 0.06015625 0.03828125
32 0.359375 0.41171875 0.05859375 0.11953125
54 0.75703125 0.171875 0.06015625 0.03828125
53 0.18046875 0.23671875 0.15859375 0.0859375
54 0.82109375 0.17109375 0.0578125 0.03671875
53 0.471875 0.1671875 0.153125 0.0890625
40 0.46328125 0.6734375 0.05859375 0.0609375
29 0.528125 0.67265625 0.06171875 0.0609375
13 0.56328125 0.4125 0.05859375 0.12109375
49 0.4953125 0.41328125 0.06015625 0.12265625