8 0.46875 0.67890625 0.06015625 0.0625
54 0.85703125 0.3734375 0.0609375 0.03671875
54 0.921875 0.3734375 0.06015625 0.03671875
53 0.11484375 0.4375 0.20703125 0.09296875
54 0.0828125 0.3734375 0.0609375 0.03671875
3 0.534375 0.678125 0.05859375 0.0609375
53 0.17890625 0.66484375 0.15 0.0875
54 0.1484375 0.3734375 0.06015625 0.03671875
54 0.8328125 0.6 0.06015625 0.03671875
51 0.40703125 0.64609375 0.028125 0.034375
54 0.8328125 0.1734375 0.06015625 0.03828125
54 0.23984375 0.60078125 0.0609375 0.03828125
53 0.79921875 0.2375 0.20703125 0.09609375
54 0.4703125 0.10390625 0.06015625 0.03515625
53 0.5328125 0.7578125 0.1484375 0.0875
54 0.17421875 0.6 0.06015625 0.03671875
54 0.7671875 0.1734375 0.0609375 0.03828125
53 0.91875 0.4375 0.146875 0.0890625
53 0.17890625 0.23828125 0.1515625 0.0859375
54 0.7671875 0.6015625 0.0609375 0.03984375
53 0.821875 0.6671875 0.15859375 0.09140625
54 0.534375 0.10546875 0.0609375 0.03984375
52 0.50234375 0.2265625 0.1375 0.01171875
53 0.48125 0.16875 0.165625 0.09140625