53 0.53125 0.74375 0.1453125 0.0859375
53 0.821875 0.234375 0.14375 0.084375
53 0.82421875 0.65546875 0.14609375 0.0859375
54 0.534375 0.10390625 0.05859375 0.03515625
53 0.475 0.16640625 0.14609375 0.0875
54 0.47109375 0.103125 0.0578125 0.034375
54 0.76328125 0.171875 0.05859375 0.03828125
54 0.1546875 0.36796875 0.0578125 0.03828125
54 0.82734375 0.59140625 0.0578125 0.03515625
54 0.24296875 0.5921875 0.06015625 0.03984375
53 0.9140625 0.43046875 0.1453125 0.0859375
54 0.24375 0.1734375 0.05859375 0.03828125
53 0.18515625 0.65546875 0.1484375 0.0859375
51 0.546875 0.27109375 0.028125 0.034375
54 0.17890625 0.590625 0.05859375 0.03671875
54 0.090625 0.3671875 0.05859375 0.03828125
54 0.18046875 0.17265625 0.06015625 0.03671875
54 0.915625 0.36640625 0.05703125 0.03671875
54 0.8515625 0.36796875 0.06015625 0.03828125
53 0.0953125 0.43046875 0.146875 0.0859375
54 0.82734375 0.17109375 0.0578125 0.03671875
54 0.76328125 0.59296875 0.05859375 0.03828125
10 0.534375 0.66796875 0.0609375 0.0609375
53 0.2125 0.23203125 0.2015625 0.09453125
30 0.4703125 0.66953125 0.06171875 0.0609375