43 0.24375 0.5796875 0.0609375 0.0625
53 0.184375 0.65546875 0.14609375 0.0859375
53 0.7921875 0.65234375 0.20234375 0.09140625
53 0.475 0.16796875 0.14609375 0.084375
53 0.12265625 0.42890625 0.20078125 0.0890625
53 0.821875 0.234375 0.14375 0.084375
53 0.534375 0.74375 0.14375 0.0859375
53 0.9125 0.43125 0.1453125 0.084375
34 0.76328125 0.159375 0.05859375 0.0609375
51 0.68828125 0.59296875 0.02734375 0.03515625
44 0.36875 0.409375 0.0609375 0.11796875
18 0.17890625 0.57890625 0.06015625 0.0609375
19 0.57109375 0.409375 0.0578125 0.11953125
47 0.43515625 0.4109375 0.05859375 0.11796875
40 0.82578125 0.15859375 0.06015625 0.059375
21 0.5336134453125 0.357988165625 0.5084033609375 0.350591715625 0.47373949531250004 0.356508875 0.472689075 0.4644970421875 0.4831932765625 0.471893490625 0.5294117640625 0.471893490625 0.5336134453125 0.4630177515625 0.5336134453125 0.357988165625
0 0.12079831875 0.3816568046875 0.12079831875 0.33579881718750004 0.1165966390625 0.3269230765625 0.063025209375 0.3269230765625 0.057773109375 0.3550295859375 0.0567226890625 0.386094675 0.061974790625 0.38905325468749996 0.1197478984375 0.386094675 0.12079831875 0.3816568046875
3 0.125 0.3284023671875 0.1260504203125 0.3875739640625 0.17226890781249998 0.3875739640625 0.1838235296875 0.3816568046875 0.18487395 0.3402366859375 0.1817226890625 0.3284023671875 0.125 0.3284023671875