4 0.53203125 0.6625 0.06015625 0.059375
53 0.18359375 0.23515625 0.14375 0.0859375
54 0.24296875 0.5890625 0.06015625 0.03828125
54 0.8453125 0.365625 0.06015625 0.03828125
51 0.40625 0.63203125 0.02734375 0.03671875
53 0.5296875 0.73828125 0.14375 0.0859375
54 0.82109375 0.58828125 0.06015625 0.03671875
53 0.81484375 0.23359375 0.14609375 0.0859375
54 0.15625 0.36640625 0.06015625 0.03671875
54 0.75703125 0.5890625 0.05859375 0.03828125
54 0.24375 0.1734375 0.05859375 0.03828125
54 0.53125 0.10390625 0.05859375 0.03671875
54 0.17890625 0.17265625 0.05859375 0.03671875
54 0.46953125 0.10390625 0.05859375 0.034375
53 0.18984375 0.6515625 0.15546875 0.084375
54 0.90859375 0.365625 0.05859375 0.03515625
54 0.17890625 0.58828125 0.06015625 0.03671875
54 0.0921875 0.365625 0.05859375 0.03515625
54 0.75703125 0.17109375 0.05859375 0.03671875
54 0.82109375 0.17109375 0.0578125 0.03671875
53 0.0984375 0.428125 0.14921875 0.084375
52 0.19765625 0.29140625 0.11015625 0.01171875
53 0.47421875 0.16796875 0.1484375 0.084375
53 0.903125 0.428125 0.146875 0.084375
53 0.8 0.6515625 0.17734375 0.090625
9 0.46953125 0.66328125 0.05859375 0.0609375