14 0.53125 0.67578125 0.06015625 0.0625
53 0.528125 0.753125 0.146875 0.0859375
54 0.81796875 0.2 0.06015625 0.03828125
36 0.46640625 0.67578125 0.06328125 0.0625
54 0.88359375 0.2 0.05859375 0.03828125
54 0.0828125 0.50703125 0.06015625 0.03671875
53 0.1140625 0.571875 0.2046875 0.09609375
53 0.1234375 0.26328125 0.15625 0.0859375
53 0.85 0.26171875 0.2046875 0.09453125
54 0.11328125 0.2 0.0609375 0.03828125
54 0.53046875 0.10546875 0.0609375 0.03984375
53 0.47109375 0.16953125 0.1484375 0.0875
54 0.146875 0.50703125 0.0578125 0.03828125
54 0.17890625 0.20078125 0.06015625 0.03984375
53 0.91015625 0.571875 0.15 0.0875
51 0.2171875 0.36328125 0.0296875 0.034375
54 0.4671875 0.10390625 0.0609375 0.03671875
52 0.4984375 0.80703125 0.13984375 0.01328125