14 0.52890625 0.6734375 0.06015625 0.0625
53 0.2046875 0.23671875 0.2046875 0.09765625
53 0.90625 0.43359375 0.14921875 0.0859375
53 0.5234375 0.74921875 0.15 0.0875
44 0.4640625 0.6734375 0.0609375 0.06328125
54 0.23515625 0.59453125 0.0609375 0.03828125
53 0.17890625 0.6578125 0.1546875 0.0875
54 0.821875 0.171875 0.06015625 0.03828125
54 0.75703125 0.171875 0.0609375 0.03828125
54 0.1703125 0.59375 0.0578125 0.03671875
54 0.1453125 0.36953125 0.06015625 0.03828125
54 0.08125 0.36875 0.06171875 0.03671875
53 0.0859375 0.43359375 0.14921875 0.0859375
53 0.78984375 0.6578125 0.20390625 0.09609375
53 0.81796875 0.23515625 0.14921875 0.0859375
51 0.68203125 0.59453125 0.028125 0.0328125
37 0.43046875 0.4140625 0.0578125 0.11796875
52 0.49765625 0.80390625 0.13984375 0.01328125
6 0.49609375 0.41640625 0.0578125 0.12890625
53 0.47265625 0.16640625 0.1515625 0.0875
0 0.5640625 0.4140625 0.05859375 0.12421875
50 0.3886554625 0.356508875 0.3340336140625 0.3550295859375 0.330882353125 0.35946745625 0.330882353125 0.471893490625 0.3876050421875 0.4748520703125 0.390756303125 0.46893491093749995 0.3886554625 0.356508875