47 0.43046875 0.41640625 0.06015625 0.11953125
2 0.36171875 0.4171875 0.05859375 0.12421875
53 0.52734375 0.753125 0.146875 0.0859375
48 0.53046875 0.675 0.05859375 0.0609375
54 0.91484375 0.3703125 0.0609375 0.03671875
54 0.23515625 0.5953125 0.0609375 0.03671875
16 0.4984375 0.41796875 0.06015625 0.12578125
53 0.81953125 0.659375 0.1484375 0.0859375
54 0.1703125 0.5953125 0.0578125 0.03671875
53 0.81953125 0.2359375 0.1515625 0.0875
51 0.8 0.509375 0.028125 0.034375
22 0.5671875 0.41484375 0.0609375 0.1171875
53 0.4734375 0.16875 0.15234375 0.0859375
54 0.85 0.37109375 0.06171875 0.03828125
53 0.9109375 0.4359375 0.1484375 0.0875
54 0.1453125 0.37109375 0.06015625 0.03828125
42 0.63515625 0.41640625 0.06328125 0.11953125
54 0.0828125 0.3703125 0.06015625 0.03671875
53 0.18125 0.66015625 0.15625 0.0875
53 0.1140625 0.4375 0.2046875 0.09140625
37 0.46640625 0.675 0.05859375 0.0609375
53 0.178125 0.23671875 0.15 0.0859375