53 0.1140625 0.43203125 0.2046875 0.09453125
53 0.909375 0.43359375 0.15 0.0859375
53 0.17578125 0.65859375 0.1484375 0.0859375
53 0.20390625 0.23671875 0.20390625 0.09765625
53 0.52578125 0.74921875 0.1484375 0.0875
54 0.23515625 0.5953125 0.05859375 0.03671875
53 0.81640625 0.659375 0.1484375 0.0875
54 0.1703125 0.59453125 0.06015625 0.03515625
54 0.82265625 0.59375 0.0578125 0.03671875
53 0.81171875 0.23359375 0.159375 0.0890625
53 0.49765625 0.16484375 0.20390625 0.09296875
54 0.75859375 0.59453125 0.05859375 0.03828125
51 0.68203125 0.5953125 0.02734375 0.034375
52 0.203125 0.715625 0.1421875 0.01484375
37 0.36015625 0.4125 0.05859375 0.12109375
48 0.49609375 0.4140625 0.06015625 0.12421875
20 0.4640625 0.6734375 0.0609375 0.0609375
18 0.5296875 0.6734375 0.06015625 0.0609375
7 0.460084034375 0.4275147921875 0.45693277343750005 0.356508875 0.402310925 0.3550295859375 0.39810924375 0.37426035468749996 0.400210084375 0.47337278125 0.4317226890625 0.47781065156249997 0.45693277343750005 0.47337278125 0.460084034375 0.4275147921875