53 0.23125 0.653125 0.2015625 0.09609375
53 0.23125 0.23515625 0.2015625 0.09453125
53 0.54921875 0.74140625 0.14609375 0.0859375
54 0.84296875 0.58984375 0.06015625 0.03671875
53 0.521875 0.165625 0.20234375 0.09453125
53 0.1140625 0.428125 0.14609375 0.084375
54 0.7796875 0.590625 0.06015625 0.03828125
53 0.92578125 0.42890625 0.14609375 0.0859375
54 0.17421875 0.3671875 0.06015625 0.03828125
33 0.453125 0.41015625 0.06015625 0.11953125
54 0.11015625 0.36640625 0.05859375 0.03671875
53 0.834375 0.23203125 0.15546875 0.0859375
53 0.83515625 0.6546875 0.153125 0.090625
51 0.3328125 0.596875 0.028125 0.034375
54 0.5375 0.27109375 0.0296875 0.05625
7 0.38515625 0.409375 0.05703125 0.11953125
32 0.5203125 0.41171875 0.0578125 0.12265625