51 0.54140625 0.271875 0.03046875 0.0328125
53 0.11484375 0.4328125 0.20390625 0.09296875
53 0.52578125 0.75 0.1484375 0.0890625
54 0.23515625 0.5953125 0.05859375 0.03671875
29 0.4640625 0.67421875 0.0609375 0.0625
53 0.47265625 0.16875 0.1515625 0.0859375
53 0.815625 0.65859375 0.15 0.0859375
54 0.82265625 0.171875 0.06015625 0.03828125
54 0.5296875 0.10390625 0.06015625 0.03671875
53 0.81875 0.23515625 0.14375 0.0859375
54 0.4640625 0.103125 0.0609375 0.034375
54 0.75859375 0.171875 0.0609375 0.03828125
53 0.88046875 0.4328125 0.2046875 0.09296875
54 0.1703125 0.5953125 0.0578125 0.03671875
54 0.08125 0.36875 0.06015625 0.03671875
54 0.8484375 0.36953125 0.06015625 0.03828125
54 0.1453125 0.36953125 0.06015625 0.03828125
53 0.17890625 0.659375 0.1546875 0.0875
3 0.52890625 0.6734375 0.06015625 0.0609375
52 0.4984375 0.80390625 0.13984375 0.01328125
54 0.9125 0.36953125 0.0609375 0.03828125