53 0.528125 0.7390625 0.14609375 0.084375
53 0.90234375 0.428125 0.1453125 0.084375
54 0.82109375 0.58828125 0.0578125 0.03671875
54 0.17890625 0.171875 0.05859375 0.03828125
54 0.24296875 0.1734375 0.05859375 0.03828125
54 0.75703125 0.5890625 0.06015625 0.03828125
53 0.81484375 0.2328125 0.14609375 0.084375
46 0.4671875 0.66328125 0.06015625 0.0609375
54 0.15625 0.365625 0.06015625 0.03828125
53 0.184375 0.234375 0.14375 0.084375
54 0.17890625 0.58828125 0.06015625 0.03671875
54 0.0921875 0.36484375 0.0609375 0.03671875
53 0.1859375 0.65078125 0.14921875 0.0859375
53 0.80078125 0.65078125 0.17578125 0.09140625
54 0.84375 0.365625 0.06015625 0.03828125
54 0.75703125 0.1703125 0.06015625 0.03828125
54 0.24296875 0.5890625 0.05859375 0.03828125
54 0.9078125 0.36484375 0.05859375 0.03671875
54 0.82109375 0.1703125 0.0578125 0.03515625
51 0.31328125 0.5953125 0.02734375 0.034375
52 0.7890625 0.28984375 0.13828125 0.01484375
0 0.53046875 0.6625 0.05859375 0.059375
53 0.11953125 0.4265625 0.1921875 0.090625
53 0.47734375 0.16796875 0.15234375 0.084375