46 0.36171875 0.415625 0.06328125 0.11953125
51 0.68359375 0.59609375 0.0296875 0.03125
52 0.49609375 0.80546875 0.13359375 0.01484375
53 0.15441176406249998 0.47633136093750006 0.1586134453125 0.4704142015625 0.150210084375 0.4541420125 0.14810924375 0.4275147921875 0.16176470625 0.393491125 0.0357142859375 0.392011834375 0.025210084375000004 0.39792899375 0.012605042187500002 0.4230769234375 0.011554621875 0.440828403125 0.0168067234375 0.46005917187499995 0.034663865625 0.47781065156249997 0.15441176406249998 0.47633136093750006
53 0.23814495781249997 0.27810650937500003 0.277310925 0.2855029578125 0.2962184875 0.2736686390625 0.3067226890625 0.24704142031249998 0.3067226890625 0.22928994062500002 0.2993697484375 0.2056213015625 0.2762605046875 0.187869821875 0.24544852968750003 0.1937869828125 0.127100840625 0.1937869828125 0.113445378125 0.20266272187499998 0.103991596875 0.2204142015625 0.10189075624999999 0.2396449703125 0.10504201718749999 0.25739645 0.127100840625 0.2795857984375 0.23814495781249997 0.27810650937500003
53 0.5395220593750001 0.2115384609375 0.5703781515624999 0.21745562187499998 0.590336134375 0.20414201250000003 0.60189075625 0.1745562125 0.6008403359375001 0.15532544375 0.5866596640624999 0.1582840234375 0.57457983125 0.149408284375 0.5714285718750001 0.142011834375 0.5735294125 0.12130177499999999 0.56932773125 0.1198224859375 0.4201680671875 0.12573964531249998 0.40756302499999997 0.13313609531249998 0.39810924375 0.1508875734375 0.396008403125 0.176035503125 0.40126050468749996 0.195266271875 0.41806722656249995 0.210059171875 0.5395220593750001 0.2115384609375
53 0.7489495796875001 0.27810650937500003 0.8686974796875001 0.27810650937500003 0.87920168125 0.2721893484375 0.890756303125 0.2529585796875 0.8918067234375 0.2204142015625 0.8844537812500001 0.20414201250000003 0.8718487390625 0.1937869828125 0.80042016875 0.190828403125 0.7352941171875 0.190828403125 0.7489495796875001 0.20266272187499998 0.7573529406249999 0.22781065156250002 0.7489495796875001 0.27810650937500003
53 0.8340336140625 0.47781065156249997 0.9569327734374999 0.47781065156249997 0.9705882359375 0.4704142015625 0.9821428578125 0.4467455625 0.9779411765624999 0.411242603125 0.9611344531249999 0.393491125 0.8350840343750001 0.392011834375 0.83298319375 0.3964497046875 0.8455882359375 0.42011834375 0.8466386546875 0.44378698281249995 0.8340336140625 0.47781065156249997
53 0.7531512609375 0.636094675 0.7573529406249999 0.6656804734375 0.7447478984375 0.6982248515625 0.7510504203124999 0.7041420125 0.8067226890624999 0.6997041421875 0.87079831875 0.702662721875 0.8855042015624999 0.687869821875 0.8928571421875 0.6656804734375 0.8876050421875 0.634615384375 0.8686974796875001 0.6168639046875 0.7184873953124999 0.615384615625 0.7184873953124999 0.6375739640625 0.7310924375 0.622781065625 0.747899159375 0.6242603546875001 0.7531512609375 0.636094675
53 0.5871848734375 0.7855029578125 0.6008403359375001 0.76183431875 0.599789915625 0.73816568125 0.5934873953124999 0.7233727812499999 0.5798319328125 0.70857988125 0.4537815125 0.710059171875 0.46428571406249997 0.7603550296875 0.45063025156250003 0.7943786984375001 0.5756302515625 0.7928994078125 0.5871848734375 0.7855029578125
53 0.2415966390625 0.6849112421875 0.2447478984375 0.6730769234375 0.238445378125 0.64792899375 0.247899159375 0.6183431953125 0.127100840625 0.6168639046875 0.1123949578125 0.6257396453124999 0.10294117656249999 0.6464497046875 0.10504201718749999 0.6819526625 0.125 0.702662721875 0.252100840625 0.702662721875 0.2415966390625 0.6849112421875
54 0.0514705875 0.356508875 0.0525210078125 0.38905325468749996 0.1113445375 0.3875739640625 0.10924369687499999 0.3535502953125 0.0514705875 0.356508875
54 0.1764705875 0.384615384375 0.17542016875 0.3535502953125 0.1197478984375 0.35207100625 0.11554621875 0.3550295859375 0.117647059375 0.38905325468749996 0.163865546875 0.39053254375 0.1764705875 0.384615384375
54 0.1985294125 0.5769230765625 0.1418067234375 0.5784023671875 0.140756303125 0.613905325 0.20063025156249997 0.6124260359375 0.201680671875 0.5813609468750001 0.1985294125 0.5769230765625
54 0.252100840625 0.615384615625 0.2668067234375 0.6065088750000001 0.2668067234375 0.5843195265625 0.2626050421875 0.5769230765625 0.20903361406249998 0.5769230765625 0.20588235312499997 0.5784023671875 0.20588235312499997 0.6124260359375 0.20903361406249998 0.615384615625 0.252100840625 0.615384615625
54 0.7857142859375 0.615384615625 0.788865546875 0.6109467453125 0.788865546875 0.5784023671875 0.7300420171875001 0.5784023671875 0.728991596875 0.607988165625 0.7321428578125 0.6109467453125 0.7415966390625 0.615384615625 0.7857142859375 0.615384615625
54 0.8529411765624999 0.5784023671875 0.794117646875 0.57988165625 0.794117646875 0.613905325 0.8455882359375 0.615384615625 0.853991596875 0.60946745625 0.8529411765624999 0.5784023671875
2 0.44117647031249996 0.471893490625 0.45903361406250004 0.4630177515625 0.45903361406250004 0.36094674531250004 0.446428571875 0.3535502953125 0.4044117640625 0.3535502953125 0.39915966406250003 0.36094674531250004 0.400210084375 0.4704142015625 0.4317226890625 0.48816568125000004 0.4317226890625 0.4955621296875 0.44117647031249996 0.471893490625
40 0.5283613453125 0.42455621250000003 0.5262605046875 0.357988165625 0.47373949531250004 0.3535502953125 0.4684873953125 0.35946745625 0.46743697500000003 0.46893491093749995 0.472689075 0.4748520703125 0.5241596640624999 0.47337278125 0.5283613453125 0.42455621250000003
45 0.49474789843750006 0.7041420125 0.4936974796875 0.6449704140625 0.44432773125 0.642011834375 0.43487394999999995 0.6464497046875 0.43487394999999995 0.695266271875 0.438025209375 0.6997041421875 0.460084034375 0.7056213015624999 0.49474789843750006 0.7041420125
19 0.55567226875 0.6449704140625 0.5084033609375 0.6434911249999999 0.5010504203124999 0.64792899375 0.5031512609375 0.7041420125 0.55987395 0.702662721875 0.55987395 0.6523668640625 0.55567226875 0.6449704140625