53 0.115625 0.43515625 0.20625 0.09453125
53 0.528125 0.753125 0.1484375 0.0859375
54 0.23515625 0.1734375 0.05859375 0.03828125
54 0.23515625 0.59609375 0.0609375 0.03828125
54 0.1703125 0.1734375 0.06015625 0.03828125
54 0.1703125 0.5953125 0.06015625 0.03671875
53 0.471875 0.16953125 0.146875 0.0875
54 0.76015625 0.17265625 0.0609375 0.03984375
50 0.4671875 0.67578125 0.06328125 0.0625
53 0.81875 0.23515625 0.15 0.0859375
53 0.17734375 0.23671875 0.15 0.0859375
54 0.82578125 0.171875 0.06015625 0.03828125
54 0.53046875 0.10546875 0.0609375 0.03984375
54 0.915625 0.3703125 0.0609375 0.03671875
54 0.85 0.37109375 0.06015625 0.03828125
53 0.9109375 0.4359375 0.15 0.0875
54 0.4671875 0.10390625 0.0609375 0.03671875
54 0.76015625 0.59609375 0.0609375 0.03828125
54 0.82578125 0.59609375 0.06015625 0.03828125
53 0.81796875 0.6609375 0.153125 0.0890625
51 0.68359375 0.59765625 0.0296875 0.03515625
52 0.203125 0.29609375 0.1375 0.01484375
53 0.2 0.659375 0.19453125 0.0890625
9 0.5010504203124999 0.6508875734374999 0.5 0.7056213015624999 0.5609243703125 0.7056213015624999 0.561974790625 0.65532544375 0.5588235296875 0.6464497046875 0.50420168125 0.6464497046875 0.5010504203124999 0.6508875734374999