48 0.53203125 0.675 0.06015625 0.0609375
53 0.5296875 0.75234375 0.146875 0.0875
53 0.47265625 0.16796875 0.146875 0.084375
53 0.11484375 0.5703125 0.2046875 0.09609375
54 0.85 0.50703125 0.06015625 0.03828125
53 0.8515625 0.2625 0.20703125 0.09609375
53 0.91171875 0.571875 0.14921875 0.0875
9 0.43125 0.41953125 0.06015625 0.12578125
51 0.21875 0.3625 0.0296875 0.03515625
47 0.36328125 0.41640625 0.0609375 0.11953125
52 0.49921875 0.80625 0.13984375 0.01171875
54 0.915625 0.50703125 0.05859375 0.03671875
53 0.1453125 0.26015625 0.19921875 0.09140625
39 0.4671875 0.675 0.0609375 0.0609375
21 0.4984375 0.41953125 0.06171875 0.12578125