55 0.43125 0.41796875 0.06171875 0.12109375
51 0.2171875 0.3625 0.028125 0.03671875
24 0.5671875 0.4171875 0.06328125 0.11796875
52 0.88359375 0.628125 0.13984375 0.01328125
53 0.15966386562499998 0.6124260359375 0.1470588234375 0.57988165625 0.1491596640625 0.5532544374999999 0.15966386562499998 0.532544378125 0.15441176406249998 0.5281065093749999 0.038865546875000004 0.5281065093749999 0.025210084375000004 0.5355029578125 0.012605042187500002 0.5606508875 0.012605042187500002 0.5813609468750001 0.0178571421875 0.5991124265625001 0.033613445312500004 0.613905325 0.15966386562499998 0.6124260359375
53 0.57457983125 0.7943786984375001 0.58823529375 0.7869822484375 0.6029411765625 0.7647929 0.60189075625 0.736686390625 0.58823529375 0.71597633125 0.5787815125 0.710059171875 0.49474789843750006 0.7056213015624999 0.45798319374999996 0.710059171875 0.45693277343750005 0.717455621875 0.4663865546875 0.74260355 0.45903361406250004 0.7943786984375001 0.57457983125 0.7943786984375001
53 0.8476890750000001 0.596153846875 0.8392857140625001 0.6050295859375 0.8487394953124999 0.613905325 0.96323529375 0.613905325 0.978991596875 0.5991124265625001 0.9852941171875 0.5813609468750001 0.9810924375000001 0.547337278125 0.9642857140625001 0.5295857984375 0.840336134375 0.5266272187500001 0.8392857140625001 0.5355029578125 0.8455882359375 0.5458579875 0.849789915625 0.5695266265625001 0.8476890750000001 0.596153846875
53 0.80042016875 0.3076923078125 0.9285714281249999 0.3076923078125 0.9443277312499999 0.2958579875 0.9527310921875 0.2751479296875 0.94957983125 0.24260354999999997 0.9338235296875 0.22337278125 0.8014705875000001 0.22337278125 0.811974790625 0.236686390625 0.817226890625 0.26331360937500004 0.811974790625 0.29142011874999996 0.80042016875 0.3076923078125
53 0.534663865625 0.195266271875 0.5315126046875001 0.1804733734375 0.534663865625 0.1508875734375 0.5462184875 0.12573964531249998 0.4222689078125 0.12573964531249998 0.4065126046875 0.136094675 0.39810924375 0.153846153125 0.39915966406250003 0.1863905328125 0.41596638593749996 0.210059171875 0.5462184875 0.210059171875 0.534663865625 0.195266271875
53 0.19957983125 0.3076923078125 0.2069327734375 0.28402366875 0.201680671875 0.221893490625 0.06932773125 0.221893490625 0.0567226890625 0.22928994062500002 0.0451680671875 0.2529585796875 0.048319328125 0.28698224843750003 0.06932773125 0.3076923078125 0.103991596875 0.30325443750000003 0.19957983125 0.3076923078125
54 0.0525210078125 0.4911242609375 0.0525210078125 0.5251479296875 0.1113445375 0.5251479296875 0.10924369687499999 0.48816568125000004 0.0525210078125 0.4911242609375
54 0.1743697484375 0.48816568125000004 0.117647059375 0.4896449703125 0.1186974796875 0.5266272187500001 0.164915965625 0.5266272187500001 0.1775210078125 0.51923076875 0.1743697484375 0.48816568125000004
54 0.8802521015625 0.4896449703125 0.8203781515624999 0.4911242609375 0.8193277312499999 0.5177514796875 0.8287815125 0.5251479296875 0.8813025203124999 0.5251479296875 0.8802521015625 0.4896449703125
54 0.8876050421875 0.4896449703125 0.886554621875 0.5251479296875 0.9464285718750001 0.5251479296875 0.9453781515624999 0.4896449703125 0.8876050421875 0.4896449703125
5 0.390756303125 0.357988165625 0.3340336140625 0.356508875 0.33298319374999996 0.47337278125 0.3886554625 0.47633136093750006 0.3918067234375 0.4704142015625 0.390756303125 0.357988165625
35 0.4915966390625 0.47781065156249997 0.527310925 0.47337278125 0.5283613453125 0.36094674531250004 0.511554621875 0.3550295859375 0.47163865468750005 0.356508875 0.4684873953125 0.36094674531250004 0.4684873953125 0.4704142015625 0.47373949531250004 0.47633136093750006 0.4915966390625 0.47781065156249997
11 0.6123949578125 0.4571005921875 0.6081932765625 0.46005917187499995 0.6081932765625 0.471893490625 0.62920168125 0.4822485203125 0.663865546875 0.47633136093750006 0.664915965625 0.35946745625 0.6071428578125 0.35946745625 0.6050420171875001 0.372781065625 0.6102941171875 0.392011834375 0.6081932765625 0.43934911249999997 0.6123949578125 0.4571005921875