51 0.68984375 0.60234375 0.0296875 0.03515625
52 0.20703125 0.72265625 0.14375 0.01640625
43 0.365625 0.41953125 0.0640625 0.12109375
54 0.1439075625 0.5843195265625 0.1428571421875 0.6198224859375 0.20378151249999998 0.6198224859375 0.2027310921875 0.5828402359375 0.1439075625 0.5843195265625
54 0.26862079843750003 0.5828402359375 0.25496533593750004 0.5813609468750001 0.2360577734375 0.5695266265625001 0.2266039921875 0.5813609468750001 0.2087468484375 0.5828402359375 0.2087468484375 0.6198224859375 0.244461134375 0.621301775 0.26967121875 0.613905325 0.26862079843750003 0.5828402359375
48 0.497899159375 0.649408284375 0.44432773125 0.6508875734374999 0.44012605000000005 0.65532544375 0.44012605000000005 0.695266271875 0.4296218484375 0.702662721875 0.4527310921875 0.7115384609375 0.5 0.70857988125 0.497899159375 0.649408284375
26 0.5283613453125 0.7130177515625 0.5661764703125 0.70857988125 0.5640756296875 0.6523668640625 0.5063025203125 0.653846153125 0.5063025203125 0.70857988125 0.5283613453125 0.7130177515625
16 0.4621848734375 0.47337278125 0.46323529375000005 0.3624260359375 0.44222689062500004 0.3550295859375 0.40756302499999997 0.357988165625 0.40336134531249995 0.365384615625 0.4044117640625 0.47633136093750006 0.40756302499999997 0.48076923125000004 0.4474789921875 0.479289940625 0.4621848734375 0.47337278125
36 0.5336134453125 0.471893490625 0.532563025 0.3624260359375 0.5147058828125 0.356508875 0.48004201718750006 0.357988165625 0.472689075 0.365384615625 0.472689075 0.47633136093750006 0.48004201718750006 0.48076923125000004 0.5304621843749999 0.47781065156249997 0.5336134453125 0.471893490625
41 0.5430672265625 0.47337278125 0.5525210078125 0.479289940625 0.57457983125 0.4748520703125 0.6008403359375001 0.47781065156249997 0.6050420171875001 0.4630177515625 0.599789915625 0.42603550312499994 0.6050420171875001 0.393491125 0.60189075625 0.36094674531250004 0.5661764703125 0.357988165625 0.5493697484375 0.35946745625 0.5430672265625 0.365384615625 0.5430672265625 0.47337278125
53 0.10294117656249999 0.6715976328125 0.1081932765625 0.6923076921875 0.125 0.70857988125 0.25420168125 0.7071005921875 0.2436974796875 0.6923076921875 0.2394957984375 0.6730769234375 0.2510504203125 0.628698225 0.247899159375 0.622781065625 0.127100840625 0.622781065625 0.11449579843749999 0.6316568046875 0.103991596875 0.653846153125 0.10294117656249999 0.6715976328125
53 0.1659663859375 0.48076923125000004 0.164915965625 0.3964497046875 0.0357142859375 0.3964497046875 0.02310924375 0.40532544374999996 0.014705882812500001 0.4230769234375 0.014705882812500001 0.4541420125 0.025210084375000004 0.47337278125 0.034663865625 0.48076923125000004 0.1659663859375 0.48076923125000004
53 0.413865546875 0.13313609531249998 0.40126050468749996 0.1582840234375 0.4044117640625 0.1923076921875 0.42542016875 0.21301775156249997 0.5168067234375 0.2115384609375 0.5819327734375 0.21745562187499998 0.60189075625 0.1982248515625 0.6081932765625 0.1715976328125 0.6060924375 0.1523668640625 0.5987394953125 0.134615384375 0.5777310921875001 0.1198224859375 0.5546218484375001 0.12573964531249998 0.423319328125 0.127218934375 0.413865546875 0.13313609531249998
53 0.7647058828125 0.25739645 0.7563025203125 0.2795857984375 0.8802521015625 0.2795857984375 0.8949579828124999 0.2662721890625 0.9023109249999999 0.24704142031249998 0.9023109249999999 0.2248520703125 0.8981092437499999 0.21301775156249997 0.8813025203124999 0.195266271875 0.752100840625 0.1937869828125 0.765756303125 0.2263313609375 0.7647058828125 0.25739645
53 0.8476890750000001 0.3949704140625 0.8161764703125 0.38905325468749996 0.7983193281250001 0.399408284375 0.7878151265625 0.41715976406250005 0.7857142859375 0.45118343125000004 0.788865546875 0.4630177515625 0.8014705875000001 0.48076923125000004 0.8235294124999999 0.48816568125000004 0.8413865546875 0.48076923125000004 0.9716386546875 0.48076923125000004 0.9852941171875 0.46893491093749995 0.9926470593750001 0.445266271875 0.9852941171875 0.4097633140625 0.9768907562500001 0.399408284375 0.9611344531249999 0.3949704140625 0.8476890750000001 0.3949704140625
53 0.896008403125 0.6390532546875 0.8823529406249999 0.6242603546875001 0.784663865625 0.621301775 0.74579831875 0.6257396453124999 0.7394957984375 0.6198224859375 0.7363445375000001 0.622781065625 0.74054621875 0.6331360953125 0.75 0.636094675 0.7510504203124999 0.6434911249999999 0.7636554624999999 0.6508875734374999 0.752100840625 0.7041420125 0.7426470593750001 0.7115384609375 0.8728991593750001 0.710059171875 0.8918067234375 0.6997041421875 0.9012605046875001 0.6804733734374999 0.9012605046875001 0.6523668640625 0.896008403125 0.6390532546875
53 0.45903361406250004 0.7130177515625 0.45693277343750005 0.71597633125 0.4684873953125 0.736686390625 0.4705882359375 0.75 0.4684873953125 0.770710059375 0.45693277343750005 0.8002958578125 0.580882353125 0.8002958578125 0.5955882359375 0.789940828125 0.6060924375 0.7647929 0.6060924375 0.7485207093749999 0.599789915625 0.73076923125 0.58298319375 0.7144970421875 0.45903361406250004 0.7130177515625