53 0.7875 0.23203125 0.2015625 0.09453125
51 0.79453125 0.5015625 0.028125 0.0328125
53 0.2109375 0.65078125 0.2015625 0.09765625
53 0.1234375 0.42734375 0.20234375 0.09453125
54 0.82109375 0.58828125 0.0578125 0.03671875
53 0.1859375 0.234375 0.14921875 0.084375
54 0.75703125 0.58828125 0.06015625 0.03671875
53 0.9015625 0.428125 0.14921875 0.084375
53 0.5 0.16640625 0.2015625 0.09296875
53 0.81484375 0.65078125 0.14609375 0.0859375
53 0.52734375 0.7390625 0.146875 0.084375
16 0.36640625 0.40859375 0.05859375 0.11796875
35 0.4671875 0.66171875 0.06015625 0.0609375
10 0.53125 0.6609375 0.0609375 0.059375
38 0.4984375 0.40859375 0.06171875 0.11796875
17 0.4328125 0.40703125 0.05859375 0.115625