53 0.53203125 0.74296875 0.14609375 0.084375
53 0.82109375 0.23359375 0.1453125 0.0859375
53 0.91171875 0.43046875 0.1453125 0.0859375
53 0.18671875 0.65625 0.15 0.0875
53 0.82265625 0.65625 0.14375 0.0875
54 0.2421875 0.5921875 0.06015625 0.03671875
51 0.28046875 0.3234375 0.02734375 0.03671875
54 0.7625 0.17109375 0.0609375 0.03984375
54 0.82734375 0.59140625 0.0578125 0.03515625
54 0.2421875 0.1734375 0.06015625 0.03828125
54 0.153125 0.36796875 0.05703125 0.03828125
8 0.4703125 0.66953125 0.06171875 0.0609375
53 0.12421875 0.42890625 0.19921875 0.09140625
54 0.17890625 0.17265625 0.05859375 0.03671875
54 0.76171875 0.5921875 0.05859375 0.03671875
54 0.17890625 0.590625 0.05859375 0.03671875
54 0.91484375 0.36640625 0.05703125 0.03671875
54 0.09140625 0.36640625 0.05859375 0.03671875
54 0.8515625 0.36796875 0.06015625 0.03671875
54 0.82578125 0.1703125 0.0578125 0.03828125
0 0.534375 0.66953125 0.05859375 0.0609375
53 0.20703125 0.23359375 0.19296875 0.0859375
52 0.7859375 0.7125 0.11953125 0.01328125