10 0.5296875 0.675 0.06015625 0.0609375
53 0.7890625 0.23828125 0.2046875 0.09765625
54 0.1703125 0.596875 0.0578125 0.03671875
54 0.23515625 0.17578125 0.05859375 0.03828125
53 0.525 0.75390625 0.15 0.0875
54 0.5296875 0.1078125 0.06015625 0.03828125
54 0.23671875 0.59765625 0.05859375 0.03828125
54 0.1703125 0.175 0.06015625 0.03671875
53 0.815625 0.6609375 0.15 0.0859375
54 0.4640625 0.10703125 0.0609375 0.03671875
54 0.08125 0.37265625 0.06015625 0.03515625
54 0.1453125 0.37421875 0.06171875 0.03828125
53 0.17890625 0.6609375 0.15546875 0.0859375
53 0.08671875 0.43671875 0.15 0.0890625
51 0.209375 0.371875 0.0296875 0.03125
53 0.471875 0.171875 0.15234375 0.0859375
21 0.4640625 0.67578125 0.0609375 0.0625
52 0.4984375 0.80703125 0.13515625 0.01328125
53 0.20234375 0.23828125 0.20390625 0.09453125