53 0.52890625 0.75234375 0.1484375 0.0875
53 0.471875 0.16875 0.1484375 0.0859375
54 0.1453125 0.2 0.12734375 0.03828125
53 0.11875 0.26328125 0.14921875 0.0859375
54 0.0828125 0.50703125 0.06015625 0.03671875
53 0.87421875 0.26328125 0.1546875 0.0859375
53 0.08828125 0.57109375 0.1515625 0.0859375
53 0.909375 0.57109375 0.14921875 0.0859375
19 0.53125 0.6765625 0.06015625 0.0609375
52 0.49921875 0.80703125 0.13984375 0.01328125
54 0.146875 0.50703125 0.06015625 0.03828125
51 0.40390625 0.640625 0.028125 0.03515625
39 0.46796875 0.67734375 0.0609375 0.06328125