46 0.63515625 0.41640625 0.0609375 0.1171875
53 0.49921875 0.16796875 0.2046875 0.09609375
53 0.08515625 0.57109375 0.146875 0.0859375
54 0.85 0.50703125 0.06171875 0.03828125
53 0.52734375 0.75 0.14921875 0.0890625
53 0.12265625 0.26171875 0.15625 0.0859375
54 0.915625 0.50703125 0.05859375 0.03671875
54 0.0828125 0.50703125 0.06015625 0.03671875
52 0.11328125 0.62734375 0.13828125 0.01171875
53 0.91015625 0.57109375 0.15 0.0890625
54 0.146875 0.50703125 0.06015625 0.03671875
22 0.49765625 0.41796875 0.06171875 0.12265625
24 0.3625 0.41484375 0.05859375 0.1171875
53 0.84921875 0.2625 0.2046875 0.09609375
51 0.73984375 0.590625 0.028125 0.03515625
20 0.56796875 0.415625 0.0609375 0.11796875
26 0.4046875 0.35625 0.4125 0.35625 0.415625 0.359375 0.434375 0.359375 0.45 0.35625 0.45625 0.3578125 0.4625 0.3671875 0.4625 0.396875 0.4640625 0.3984375 0.4640625 0.4609375 0.4609375 0.4765625 0.4546875 0.48125 0.4484375 0.4796875 0.4265625 0.4796875 0.415625 0.4828125 0.4046875 0.48125 0.4 0.4703125 0.4 0.4390625 0.4015625 0.4375 0.4 0.3640625 0.4046875 0.3578125