53 0.11484375 0.4375 0.20390625 0.09296875
2 0.52890625 0.67578125 0.06015625 0.0625
53 0.52578125 0.75390625 0.1484375 0.084375
54 0.82265625 0.59765625 0.06015625 0.03828125
54 0.82265625 0.17421875 0.06015625 0.03828125
54 0.75859375 0.17421875 0.0609375 0.03828125
54 0.1703125 0.59765625 0.0578125 0.03515625
54 0.5296875 0.1078125 0.06015625 0.03828125
54 0.23515625 0.59765625 0.0609375 0.03828125
54 0.1703125 0.175 0.06015625 0.03671875
53 0.471875 0.171875 0.14921875 0.0859375
54 0.23515625 0.1765625 0.05859375 0.03984375
53 0.17578125 0.23828125 0.1484375 0.0859375
54 0.1453125 0.3734375 0.06171875 0.03671875
54 0.75859375 0.5984375 0.0609375 0.03984375
54 0.08125 0.3734375 0.06171875 0.03671875
52 0.19609375 0.2984375 0.12421875 0.01328125
54 0.4640625 0.10703125 0.0609375 0.03671875
53 0.8203125 0.23828125 0.1453125 0.0859375
53 0.8109375 0.66328125 0.159375 0.090625
51 0.4015625 0.64296875 0.02734375 0.034375
53 0.17578125 0.6609375 0.1484375 0.0859375
15 0.4640625 0.6765625 0.0609375 0.06328125