53 0.7890625 0.65859375 0.20390625 0.09765625
53 0.87890625 0.43203125 0.20390625 0.09765625
54 0.821875 0.171875 0.06015625 0.03828125
53 0.52578125 0.74921875 0.14609375 0.0875
54 0.5296875 0.10390625 0.06015625 0.03671875
53 0.4734375 0.16875 0.15234375 0.0859375
54 0.75703125 0.171875 0.0609375 0.03828125
53 0.81640625 0.234375 0.1515625 0.0875
53 0.17734375 0.23671875 0.153125 0.0859375
54 0.4640625 0.10390625 0.0609375 0.03515625
53 0.09140625 0.4328125 0.1578125 0.0875
54 0.23515625 0.59453125 0.05859375 0.03828125
54 0.1703125 0.59375 0.0578125 0.03671875
51 0.2734375 0.32421875 0.028125 0.03515625
53 0.19296875 0.65859375 0.1828125 0.09140625
31 0.36171875 0.4140625 0.05859375 0.11796875
49 0.42890625 0.41484375 0.06015625 0.1171875
0 0.49765625 0.41328125 0.0578125 0.12265625
1 0.5640625 0.4171875 0.05859375 0.13046875
52 0.49609375 0.2234375 0.1375 0.01484375
27 0.6328125 0.41484375 0.05859375 0.13046875