10 0.52890625 0.675 0.0578125 0.0609375
54 0.1703125 0.59765625 0.0578125 0.03515625
54 0.23515625 0.17578125 0.05859375 0.03828125
53 0.52421875 0.75390625 0.14921875 0.0875
54 0.82265625 0.596875 0.06015625 0.03671875
54 0.5296875 0.1078125 0.06015625 0.03828125
54 0.75859375 0.17421875 0.05859375 0.03828125
54 0.23515625 0.59765625 0.0609375 0.03828125
54 0.4640625 0.10703125 0.05859375 0.03671875
54 0.1703125 0.175 0.06015625 0.03671875
54 0.82265625 0.17421875 0.06015625 0.03828125
54 0.75859375 0.59765625 0.05859375 0.03828125
53 0.08828125 0.4375 0.14921875 0.090625
51 0.68359375 0.59921875 0.028125 0.03515625
54 0.9125 0.37265625 0.0609375 0.03515625
53 0.4796875 0.17265625 0.16484375 0.0875
54 0.146875 0.37421875 0.06015625 0.03828125
54 0.846875 0.37421875 0.06171875 0.03828125
53 0.8171875 0.66171875 0.14921875 0.0875
53 0.18203125 0.6609375 0.15859375 0.0859375
54 0.08125 0.37265625 0.06015625 0.03515625
53 0.90703125 0.4375 0.15 0.0875
52 0.11171875 0.49296875 0.134375 0.01328125
53 0.815625 0.23828125 0.15 0.0859375
53 0.5796875 0.171875 0.03984375 0.09453125
53 0.1765625 0.23828125 0.1515625 0.0859375
51 0.2859375 0.5609375 0.025 0.0328125
12 0.4915966390625 0.6464497046875 0.4432773109375 0.6464497046875 0.43487394999999995 0.653846153125 0.43487394999999995 0.702662721875 0.4527310921875 0.70857988125 0.49579831875 0.7056213015624999 0.49579831875 0.6523668640625 0.4915966390625 0.6464497046875