53 0.1140625 0.434375 0.2046875 0.09296875
2 0.52890625 0.6734375 0.06015625 0.0625
51 0.2734375 0.32421875 0.028125 0.03515625
53 0.52578125 0.7484375 0.1484375 0.0890625
54 0.23515625 0.1734375 0.05859375 0.03984375
54 0.5296875 0.10390625 0.06015625 0.03671875
50 0.465625 0.67265625 0.06328125 0.0609375
53 0.81484375 0.659375 0.153125 0.0875
54 0.1703125 0.17265625 0.06015625 0.03671875
54 0.4640625 0.10390625 0.0609375 0.03515625
54 0.75703125 0.171875 0.0609375 0.03828125
53 0.17578125 0.23671875 0.14921875 0.0859375
54 0.821875 0.171875 0.06015625 0.03828125
53 0.81875 0.23515625 0.14375 0.0859375
54 0.08125 0.36875 0.06171875 0.03671875
54 0.1453125 0.36953125 0.06015625 0.03828125
52 0.49765625 0.80390625 0.1375 0.01328125
53 0.471875 0.16953125 0.1546875 0.0875
53 0.903125 0.4328125 0.15546875 0.0875