54 0.17265625 0.17109375 0.06015625 0.03671875
53 0.90234375 0.42890625 0.1453125 0.0859375
54 0.2375 0.171875 0.05859375 0.03828125
53 0.5234375 0.7421875 0.146875 0.084375
53 0.17734375 0.234375 0.14375 0.084375
53 0.08984375 0.42890625 0.1484375 0.0859375
54 0.81953125 0.58984375 0.05859375 0.03671875
54 0.17265625 0.58984375 0.06015625 0.03671875
54 0.1484375 0.36796875 0.0578125 0.03984375
54 0.23671875 0.590625 0.05859375 0.03828125
54 0.084375 0.36640625 0.05859375 0.03671875
53 0.81328125 0.6546875 0.146875 0.0875
54 0.7546875 0.590625 0.06015625 0.03828125
53 0.17890625 0.653125 0.146875 0.0875
53 0.80859375 0.2328125 0.153125 0.0875
53 0.496875 0.1671875 0.2015625 0.09140625
52 0.87578125 0.4875 0.1375 0.01328125
51 0.30703125 0.59609375 0.028125 0.03515625
54 0.84375 0.3671875 0.0609375 0.03828125
54 0.90546875 0.36640625 0.05859375 0.03671875
41 0.4640625 0.665625 0.0609375 0.059375
39 0.528125 0.6671875 0.0578125 0.0625