53 0.525 0.74140625 0.1484375 0.0859375
53 0.4703125 0.1640625 0.1453125 0.0828125
54 0.8203125 0.58984375 0.05859375 0.03671875
54 0.17265625 0.58984375 0.06015625 0.03671875
53 0.1796875 0.65390625 0.146875 0.0859375
54 0.75546875 0.590625 0.06015625 0.03828125
53 0.8984375 0.42890625 0.15234375 0.0859375
53 0.09453125 0.42890625 0.153125 0.0859375
54 0.23828125 0.590625 0.05859375 0.03828125
53 0.81015625 0.2328125 0.1546875 0.084375
42 0.465625 0.66640625 0.0609375 0.0578125
52 0.4984375 0.796875 0.13515625 0.01328125
51 0.68046875 0.590625 0.028125 0.0328125
53 0.80546875 0.65390625 0.16484375 0.0890625
21 0.36171875 0.409375 0.05859375 0.11796875
53 0.1859375 0.234375 0.1578125 0.090625
17 0.49609375 0.409375 0.0578125 0.11796875
18 0.52890625 0.66640625 0.06015625 0.0578125
10 0.43125 0.4109375 0.05859375 0.11796875