53 0.528125 0.75234375 0.146875 0.0875
51 0.20234375 0.48828125 0.028125 0.03515625
54 0.88203125 0.2 0.0609375 0.03828125
54 0.53125 0.10390625 0.06015625 0.03671875
30 0.5296875 0.67578125 0.06015625 0.059375
54 0.81796875 0.2 0.06171875 0.03828125
54 0.08125 0.50703125 0.0609375 0.03671875
53 0.08828125 0.57109375 0.1515625 0.0859375
54 0.85 0.50703125 0.06015625 0.03828125
53 0.878125 0.26328125 0.14921875 0.0859375
53 0.47109375 0.16875 0.1484375 0.0859375
54 0.4671875 0.10390625 0.0609375 0.03515625
53 0.909375 0.571875 0.14921875 0.0875
54 0.91484375 0.50703125 0.05859375 0.03671875
49 0.46640625 0.67578125 0.0609375 0.0625
54 0.11328125 0.19921875 0.0609375 0.03671875
54 0.146875 0.50703125 0.0578125 0.03828125
53 0.12109375 0.2625 0.153125 0.0875
54 0.17890625 0.2 0.06171875 0.03828125
52 0.84921875 0.32109375 0.13515625 0.01484375