53 0.12421875 0.42734375 0.2046875 0.09453125
37 0.50234375 0.409375 0.06015625 0.12265625
53 0.2125 0.234375 0.2015625 0.09609375
51 0.4078125 0.63359375 0.0296875 0.034375
53 0.4765625 0.16640625 0.1515625 0.0875
4 0.3671875 0.40859375 0.06015625 0.11796875
53 0.2109375 0.65234375 0.2015625 0.09453125
53 0.8203125 0.65390625 0.146875 0.0859375
53 0.53125 0.74140625 0.1484375 0.0859375
54 0.84921875 0.3671875 0.06015625 0.03828125
29 0.56875 0.40859375 0.0578125 0.11796875
53 0.58515625 0.1828125 0.0359375 0.0609375
53 0.9078125 0.42890625 0.15 0.0859375
35 0.4703125 0.66796875 0.06015625 0.0609375
53 0.79140625 0.23046875 0.20234375 0.09453125
54 0.9125 0.36640625 0.05859375 0.03671875
52 0.86953125 0.4875 0.11484375 0.01328125
5 0.53359375 0.66484375 0.05859375 0.0578125
39 0.43359375 0.409375 0.0609375 0.11953125