53 0.115625 0.43515625 0.20625 0.09453125
53 0.79140625 0.23515625 0.2046875 0.09765625
53 0.52890625 0.75390625 0.15 0.0875
53 0.17734375 0.6609375 0.1515625 0.0890625
53 0.88046875 0.434375 0.2078125 0.09609375
53 0.4734375 0.16953125 0.1515625 0.084375
53 0.8171875 0.66171875 0.15546875 0.0875
49 0.53125 0.67578125 0.06015625 0.0625
35 0.171875 0.159375 0.06015625 0.0609375
50 0.46640625 0.6765625 0.0609375 0.0609375
53 0.1796875 0.2375 0.15546875 0.0875
22 0.56640625 0.41484375 0.06015625 0.1171875
53 0.5921875 0.1765625 0.02109375 0.06328125
51 0.40234375 0.63828125 0.0296875 0.028125
13 0.43046875 0.41640625 0.0578125 0.11953125
5 0.63515625 0.41328125 0.05859375 0.12265625
20 0.4984375 0.41796875 0.06171875 0.12265625
34 0.2668067234375 0.13905325468750002 0.2636554625 0.13165680468750002 0.2069327734375 0.13313609531249998 0.20483193281249998 0.161242603125 0.20903361406249998 0.1923076921875 0.252100840625 0.1937869828125 0.2668067234375 0.1849112421875 0.2668067234375 0.13905325468750002
27 0.33928571406249997 0.45857988125000004 0.335084034375 0.46005917187499995 0.3340336140625 0.47337278125 0.3886554625 0.47633136093750006 0.3918067234375 0.4704142015625 0.3897058828125 0.35946745625 0.3340336140625 0.357988165625 0.3340336140625 0.4349112421875 0.33823529375 0.440828403125 0.33928571406249997 0.45857988125000004