53 0.11328125 0.43515625 0.20390625 0.09453125
54 0.8484375 0.37421875 0.06171875 0.04453125
54 0.234375 0.1734375 0.0609375 0.03984375
53 0.82109375 0.2359375 0.1453125 0.084375
7 0.52890625 0.675 0.06015625 0.0609375
53 0.9109375 0.4359375 0.1453125 0.0875
54 0.759375 0.17265625 0.0609375 0.03984375
53 0.17578125 0.659375 0.1484375 0.0859375
53 0.46875 0.16875 0.15 0.0859375
53 0.17734375 0.2359375 0.15546875 0.084375
54 0.16953125 0.5953125 0.06015625 0.03671875
53 0.528125 0.75234375 0.1484375 0.0875
54 0.08125 0.3703125 0.05859375 0.03671875
52 0.21015625 0.29296875 0.153125 0.01484375
53 0.82109375 0.659375 0.1453125 0.0859375
54 0.16953125 0.1734375 0.06015625 0.03828125
54 0.759375 0.59609375 0.0609375 0.03828125
54 0.465625 0.10390625 0.05859375 0.03515625
54 0.91484375 0.3703125 0.05859375 0.03671875
54 0.825 0.171875 0.06015625 0.03828125
41 0.465625 0.67578125 0.0609375 0.0625
54 0.825 0.5953125 0.0578125 0.03671875
54 0.234375 0.596875 0.05859375 0.03671875
54 0.5296875 0.10390625 0.06015625 0.03671875
54 0.1453125 0.37265625 0.0578125 0.03515625