45 0.4734375 0.665625 0.06171875 0.059375
46 0.57109375 0.41015625 0.06171875 0.1171875
53 0.7953125 0.23203125 0.20390625 0.09453125
51 0.8015625 0.50390625 0.0296875 0.03671875
53 0.2140625 0.234375 0.20234375 0.09609375
54 0.24609375 0.58984375 0.0578125 0.03671875
53 0.478125 0.165625 0.146875 0.0859375
53 0.53359375 0.7421875 0.1453125 0.084375
53 0.88203125 0.42890625 0.20390625 0.09765625
53 0.8203125 0.65390625 0.1515625 0.0859375
53 0.10078125 0.42890625 0.1515625 0.0859375
54 0.18203125 0.58984375 0.06015625 0.03671875
53 0.21484375 0.653125 0.20234375 0.09921875
52 0.50625 0.79765625 0.13828125 0.01171875
11 0.43828125 0.409375 0.05859375 0.11953125
8 0.5375 0.66484375 0.05859375 0.0578125
10 0.5046875 0.409375 0.06015625 0.12109375
25 0.3703125 0.41484375 0.05859375 0.11953125