53 0.115625 0.57109375 0.20625 0.09765625
53 0.52734375 0.7546875 0.14921875 0.0859375
54 0.81796875 0.2 0.06015625 0.03828125
53 0.47109375 0.16875 0.15 0.0859375
54 0.88359375 0.2 0.05859375 0.03828125
54 0.85 0.50703125 0.06171875 0.03828125
53 0.85 0.26171875 0.20703125 0.09453125
51 0.54375 0.27265625 0.0296875 0.034375
53 0.91171875 0.571875 0.14921875 0.0875
54 0.915625 0.50703125 0.05859375 0.03515625
54 0.53046875 0.10546875 0.0609375 0.03984375
54 0.4671875 0.10390625 0.0609375 0.03515625
53 0.12734375 0.2625 0.1671875 0.0875
52 0.49765625 0.22578125 0.1375 0.01328125
47 0.49474789843750006 0.6464497046875 0.44012605000000005 0.6464497046875 0.43592437031250003 0.653846153125 0.43382352968750004 0.6923076921875 0.436974790625 0.70118343125 0.44957983125 0.7071005921875 0.5 0.7056213015624999 0.49474789843750006 0.6464497046875
38 0.5010504203124999 0.649408284375 0.5010504203124999 0.7056213015624999 0.561974790625 0.7041420125 0.55987395 0.64792899375 0.5010504203124999 0.649408284375