53 0.5234375 0.74140625 0.14609375 0.0859375
53 0.2046875 0.65390625 0.2015625 0.09765625
54 0.23671875 0.171875 0.05859375 0.03828125
53 0.8109375 0.2328125 0.14921875 0.084375
53 0.17734375 0.234375 0.146875 0.084375
54 0.4640625 0.103125 0.05859375 0.03671875
54 0.17265625 0.17109375 0.06015625 0.03671875
54 0.81796875 0.58984375 0.06015625 0.03671875
54 0.1484375 0.3671875 0.06015625 0.03828125
53 0.09375 0.42890625 0.153125 0.0859375
54 0.17265625 0.58984375 0.06015625 0.03671875
54 0.08515625 0.36640625 0.05859375 0.03671875
54 0.2375 0.590625 0.05859375 0.03828125
24 0.4640625 0.66796875 0.0609375 0.0609375
54 0.7546875 0.590625 0.06015625 0.03671875
53 0.47109375 0.16640625 0.15 0.0875
54 0.84375 0.36640625 0.05859375 0.03671875
53 0.8984375 0.428125 0.15234375 0.0875
54 0.528125 0.10390625 0.0578125 0.03828125
54 0.90703125 0.36640625 0.06015625 0.03671875
51 0.2109375 0.36484375 0.0296875 0.034375
52 0.87578125 0.4875 0.1375 0.01328125
53 0.29140625 0.25078125 0.03046875 0.0578125
53 0.784375 0.65390625 0.20390625 0.09453125
15 0.5265625 0.6703125 0.0609375 0.0609375