51 0.7921875 0.35390625 0.0296875 0.034375
53 0.11484375 0.57109375 0.20703125 0.09765625
53 0.5296875 0.753125 0.146875 0.0859375
54 0.88359375 0.19921875 0.0609375 0.03671875
54 0.81953125 0.2 0.0609375 0.03828125
53 0.471875 0.16875 0.1484375 0.0859375
53 0.91015625 0.571875 0.15234375 0.0875
52 0.50078125 0.80625 0.13984375 0.01171875
42 0.4671875 0.675 0.06015625 0.0609375
53 0.87734375 0.26328125 0.1515625 0.0859375
53 0.134375 0.2625 0.17890625 0.0875
20 0.53203125 0.67578125 0.06015625 0.059375