51 0.8 0.5046875 0.0296875 0.03671875
53 0.2836134453125 0.6035502953125 0.249789915625 0.6109467453125 0.1334033609375 0.6109467453125 0.122899159375 0.6183431953125 0.1123949578125 0.6390532546875 0.1113445375 0.661242603125 0.1165966390625 0.6775147921875 0.125 0.6893491125 0.1386554625 0.695266271875 0.24204726875000002 0.695266271875 0.282563025 0.70118343125 0.29726890781250004 0.695266271875 0.30987395 0.6789940828125001 0.31407562968749997 0.6642011828125 0.311974790625 0.6331360953125 0.2993697484375 0.6124260359375 0.2836134453125 0.6035502953125
53 0.45903361406250004 0.6997041421875 0.45693277343750005 0.702662721875 0.4663865546875 0.7189349109375 0.469537815625 0.744082840625 0.4663865546875 0.7647929 0.45798319374999996 0.782544378125 0.461134453125 0.7855029578125 0.5735294125 0.7855029578125 0.58823529375 0.7795857984375 0.603991596875 0.75739645 0.6029411765625 0.7263313609375001 0.5840336140625 0.70118343125 0.45903361406250004 0.6997041421875
53 0.7563025203125 0.6390532546875 0.7531512609375 0.653846153125 0.7447478984375 0.656804734375 0.7510504203124999 0.6804733734374999 0.7468487390625 0.695266271875 0.8655462187499999 0.6967455625000001 0.8834033609375 0.6863905328125 0.8939075624999999 0.6597633140625 0.8918067234375 0.6331360953125 0.8718487390625 0.6109467453125 0.7489495796875001 0.6124260359375 0.7563025203125 0.6390532546875
53 0.7794117640625 0.41715976406250005 0.7783613453125 0.437869821875 0.7857142859375 0.4615384609375 0.8056722687500001 0.47781065156249997 0.95798319375 0.471893490625 0.9737394953124999 0.46005917187499995 0.9821428578125 0.4363905328125 0.9768907562500001 0.40532544374999996 0.9548319328125 0.3875739640625 0.8949579828124999 0.38905325468749996 0.8067226890624999 0.3816568046875 0.789915965625 0.393491125 0.7794117640625 0.41715976406250005
53 0.8939075624999999 0.22928994062500002 0.890756303125 0.21301775156249997 0.8781512609375 0.195266271875 0.8686974796875001 0.190828403125 0.7331932765625 0.190828403125 0.7310924375 0.1863905328125 0.72689075625 0.1863905328125 0.72689075625 0.1923076921875 0.7321428578125 0.1923076921875 0.74054621875 0.21597633125 0.7510504203124999 0.2204142015625 0.75945378125 0.2411242609375 0.7468487390625 0.2721893484375 0.7531512609375 0.27662721874999996 0.8697478984375 0.2751479296875 0.8834033609375 0.2647929 0.8918067234375 0.25 0.8939075624999999 0.22928994062500002
53 0.6890756296875 0.22781065156250002 0.6932773109375 0.2396449703125 0.69012605 0.2411242609375 0.6964285718750001 0.26331360937500004 0.6974789921875 0.2544378703125 0.692226890625 0.2411242609375 0.7069327734375 0.2263313609375 0.710084034375 0.1997041421875 0.7237394953125 0.1849112421875 0.705882353125 0.1893491125 0.6911764703125 0.21597633125 0.6890756296875 0.22781065156250002
53 0.4212184875 0.2071005921875 0.532563025 0.210059171875 0.5535714281249999 0.20414201250000003 0.55042016875 0.1863905328125 0.5525210078125 0.13313609531249998 0.5462184875 0.1242603546875 0.42436974843749997 0.12573964531249998 0.41176470624999995 0.134615384375 0.40336134531249995 0.1508875734375 0.40336134531249995 0.1819526625 0.4212184875 0.2071005921875
53 0.58823529375 0.20857988125000002 0.5987394953125 0.195266271875 0.6050420171875001 0.156804734375 0.60189075625 0.1523668640625 0.58298319375 0.168639053125 0.580882353125 0.195266271875 0.5735294125 0.20857988125000002 0.5777310921875001 0.21301775156249997 0.58823529375 0.20857988125000002
53 0.11554621875 0.2588757390625 0.1334033609375 0.27662721874999996 0.2415966390625 0.27810650937500003 0.2563025203125 0.2721893484375 0.2436974796875 0.23224852031249998 0.2552521015625 0.1923076921875 0.1376050421875 0.1923076921875 0.122899159375 0.1997041421875 0.1113445375 0.221893490625 0.1102941171875 0.2411242609375 0.11554621875 0.2588757390625
53 0.02310924375 0.42011834375 0.025210084375000004 0.4497041421875 0.032563025 0.4630177515625 0.0472689078125 0.47337278125 0.1586134453125 0.471893490625 0.201680671875 0.47781065156249997 0.2184873953125 0.4630177515625 0.22689075625 0.4349112421875 0.2205882359375 0.40384615312500005 0.19957983125 0.3831360953125 0.0462184875 0.3875739640625 0.0315126046875 0.399408284375 0.02310924375 0.42011834375
54 0.150210084375 0.153846153125 0.150210084375 0.1893491125 0.21008403437499998 0.187869821875 0.2069327734375 0.1523668640625 0.150210084375 0.153846153125
54 0.25945378125 0.1923076921875 0.27415966406250003 0.183431953125 0.2720588234375 0.1523668640625 0.2142857140625 0.153846153125 0.21638655468749998 0.190828403125 0.25945378125 0.1923076921875
54 0.7426470593750001 0.60946745625 0.79201680625 0.6065088750000001 0.788865546875 0.5710059171874999 0.7310924375 0.5739644968750001 0.7300420171875001 0.60207100625 0.7426470593750001 0.60946745625
54 0.7962184875 0.5739644968750001 0.7962184875 0.6050295859375 0.7993697484375 0.60946745625 0.8550420171875001 0.6050295859375 0.8550420171875001 0.5754437875 0.8518907562500001 0.5710059171874999 0.7962184875 0.5739644968750001
2 0.349789915625 0.34911242656249997 0.33928571406249997 0.3535502953125 0.336134453125 0.3683431953125 0.33823529375 0.467455621875 0.39390756250000003 0.4704142015625 0.39810924375 0.437869821875 0.396008403125 0.3535502953125 0.349789915625 0.34911242656249997
6 0.46428571406249997 0.452662721875 0.46428571406249997 0.3550295859375 0.4212184875 0.3476331359375 0.405462184375 0.3550295859375 0.4044117640625 0.365384615625 0.4065126046875 0.46893491093749995 0.44957983125 0.47337278125 0.461134453125 0.46893491093749995 0.46428571406249997 0.452662721875
39 0.472689075 0.46597633125 0.4758403359375 0.4704142015625 0.4852941171875 0.46597633125 0.5073529406249999 0.47337278125 0.5283613453125 0.46893491093749995 0.532563025 0.4615384609375 0.5315126046875001 0.356508875 0.5262605046875 0.350591715625 0.47689075625 0.35207100625 0.472689075 0.3550295859375 0.47163865468750005 0.365384615625 0.472689075 0.46597633125
32 0.44117647031249996 0.6434911249999999 0.44117647031249996 0.6923076921875 0.46428571406249997 0.6982248515625 0.5 0.695266271875 0.49894957968750003 0.6390532546875 0.4453781515625 0.6375739640625 0.44117647031249996 0.6434911249999999
29 0.50420168125 0.6434911249999999 0.5052521015625 0.695266271875 0.56512605 0.695266271875 0.56512605 0.6449704140625 0.561974790625 0.6375739640625 0.5126050421875 0.636094675 0.50420168125 0.6434911249999999