16 0.43203125 0.415625 0.06015625 0.11796875
21 0.36328125 0.41484375 0.05859375 0.11953125
53 0.8515625 0.2625 0.20703125 0.09609375
53 0.5296875 0.75234375 0.146875 0.0875
53 0.11484375 0.5703125 0.2046875 0.09609375
51 0.7921875 0.35390625 0.0296875 0.034375
54 0.85 0.50703125 0.06015625 0.03828125
53 0.471875 0.16796875 0.1484375 0.084375
53 0.91171875 0.571875 0.14921875 0.0875
54 0.915625 0.50703125 0.05859375 0.03671875
53 0.12578125 0.2625 0.15859375 0.0875
49 0.49921875 0.41640625 0.06015625 0.11953125
42 0.6375 0.41640625 0.0609375 0.1171875
52 0.50078125 0.80625 0.13984375 0.01171875
24 0.4671875 0.675 0.0609375 0.0609375
13 0.53046875 0.67578125 0.0609375 0.059375
17 0.56796875 0.41640625 0.06015625 0.11953125