53 0.5296875 0.7390625 0.14375 0.084375
42 0.50078125 0.409375 0.06015625 0.12109375
22 0.46953125 0.66484375 0.05859375 0.0578125
53 0.8125 0.234375 0.15 0.084375
53 0.903125 0.42890625 0.1484375 0.0859375
21 0.53203125 0.66484375 0.06015625 0.0578125
53 0.81328125 0.65234375 0.153125 0.0859375
51 0.75234375 0.32734375 0.028125 0.034375
53 0.19140625 0.23515625 0.1578125 0.0859375
53 0.1046875 0.428125 0.1609375 0.0875
39 0.43359375 0.409375 0.05859375 0.11953125
32 0.90859375 0.35390625 0.05859375 0.0546875
55 0.36640625 0.409375 0.05859375 0.1171875
20 0.63515625 0.409375 0.05859375 0.11796875
53 0.18984375 0.65078125 0.15546875 0.0859375
53 0.47734375 0.16796875 0.15234375 0.084375
50 0.56796875 0.409375 0.05859375 0.11953125
33 0.84609375 0.35625 0.06015625 0.059375