53 0.5234375 0.74140625 0.14609375 0.0859375
54 0.17265625 0.17109375 0.06015625 0.03671875
54 0.4640625 0.103125 0.05859375 0.03671875
53 0.90078125 0.42890625 0.1484375 0.0859375
53 0.08984375 0.42890625 0.1484375 0.0859375
53 0.17734375 0.234375 0.14375 0.084375
54 0.528125 0.10390625 0.0578125 0.03828125
54 0.2375 0.171875 0.05859375 0.03828125
54 0.81796875 0.58984375 0.06015625 0.03671875
54 0.1484375 0.3671875 0.06015625 0.03828125
54 0.17265625 0.58984375 0.06015625 0.03671875
54 0.7546875 0.590625 0.06015625 0.03828125
54 0.7546875 0.1703125 0.06015625 0.03828125
53 0.18203125 0.65390625 0.1546875 0.0859375
53 0.8140625 0.23359375 0.146875 0.0859375
54 0.084375 0.36640625 0.05859375 0.03671875
53 0.4703125 0.165625 0.146875 0.0859375
54 0.2375 0.590625 0.05859375 0.03828125
54 0.81796875 0.16953125 0.06015625 0.03671875
53 0.8078125 0.65390625 0.1578125 0.0890625
51 0.2109375 0.3640625 0.02734375 0.0328125
18 0.4640625 0.6671875 0.0609375 0.0625
53 0.2921875 0.64765625 0.0265625 0.06484375
52 0.7859375 0.70703125 0.140625 0.01171875
15 0.5296875 0.66875 0.0609375 0.0625