54 0.53359375 0.103125 0.05859375 0.03671875
54 0.4703125 0.10234375 0.06015625 0.03515625
11 0.53359375 0.665625 0.05859375 0.059375
53 0.2125 0.65234375 0.2015625 0.09765625
53 0.88046875 0.43046875 0.2015625 0.09453125
53 0.7921875 0.23125 0.2015625 0.09296875
54 0.76015625 0.590625 0.0609375 0.03828125
53 0.53203125 0.7421875 0.14609375 0.084375
53 0.1828125 0.234375 0.1453125 0.084375
53 0.12265625 0.428125 0.20234375 0.09296875
54 0.24375 0.17265625 0.05859375 0.03984375
54 0.825 0.58984375 0.06015625 0.03671875
51 0.31328125 0.596875 0.02734375 0.034375
54 0.24375 0.58984375 0.05859375 0.03671875
53 0.81796875 0.65390625 0.14921875 0.0859375
54 0.84921875 0.36640625 0.06015625 0.03671875
54 0.17890625 0.17109375 0.05859375 0.03671875
54 0.15625 0.36640625 0.06015625 0.03671875
54 0.09140625 0.36640625 0.0609375 0.03671875
54 0.9125 0.36640625 0.05859375 0.03671875
54 0.17890625 0.58984375 0.05859375 0.03671875
53 0.475 0.16796875 0.14609375 0.090625
21 0.4703125 0.66640625 0.06015625 0.0578125