53 0.5296875 0.75234375 0.14609375 0.0875
54 0.81953125 0.2 0.0609375 0.03828125
54 0.88203125 0.2 0.0609375 0.03828125
54 0.0828125 0.50703125 0.06015625 0.03671875
5 0.5296875 0.6765625 0.06015625 0.0609375
53 0.1140625 0.571875 0.2046875 0.09609375
50 0.46640625 0.67578125 0.0609375 0.0625
53 0.1234375 0.26328125 0.15625 0.0859375
53 0.47109375 0.16953125 0.1484375 0.0875
54 0.11328125 0.2 0.0609375 0.03828125
53 0.909375 0.57109375 0.14921875 0.0859375
54 0.146875 0.50703125 0.0578125 0.03828125
54 0.17890625 0.20078125 0.06015625 0.03984375
54 0.53125 0.10546875 0.06015625 0.03984375
53 0.878125 0.2625 0.146875 0.084375
54 0.46640625 0.10390625 0.05859375 0.03671875
52 0.49921875 0.80703125 0.13984375 0.01328125
51 0.215625 0.3625 0.028125 0.03515625