53 0.5265625 0.74921875 0.14609375 0.0875
53 0.8171875 0.65859375 0.1515625 0.0859375
53 0.9078125 0.43359375 0.15 0.0859375
54 0.23515625 0.1734375 0.05859375 0.03828125
54 0.1703125 0.17265625 0.06015625 0.03671875
53 0.49765625 0.16484375 0.20390625 0.09296875
53 0.11484375 0.4328125 0.20390625 0.09296875
5 0.52890625 0.6734375 0.06015625 0.0609375
54 0.08125 0.36875 0.06171875 0.03671875
53 0.81328125 0.23359375 0.1578125 0.0890625
54 0.1453125 0.36953125 0.06015625 0.03828125
53 0.17578125 0.23671875 0.1484375 0.0859375
51 0.4015625 0.6390625 0.02734375 0.03515625
52 0.4984375 0.80390625 0.1375 0.01328125
31 0.4640625 0.6734375 0.0609375 0.0609375