53 0.475 0.16640625 0.1484375 0.0875
53 0.82265625 0.23359375 0.14609375 0.0859375
54 0.24296875 0.59296875 0.06015625 0.03828125
53 0.534375 0.74375 0.14375 0.0859375
54 0.1546875 0.36796875 0.0578125 0.03671875
51 0.546875 0.27109375 0.028125 0.034375
54 0.76328125 0.171875 0.05859375 0.03828125
54 0.24375 0.17265625 0.05859375 0.03671875
53 0.82421875 0.65625 0.14609375 0.0875
53 0.184375 0.65625 0.14609375 0.0875
54 0.090625 0.36640625 0.05859375 0.03671875
54 0.17890625 0.59140625 0.05859375 0.03515625
54 0.18046875 0.17265625 0.06015625 0.03671875
54 0.82734375 0.590625 0.0578125 0.03671875
53 0.09375 0.43046875 0.14609375 0.0859375
53 0.9109375 0.43046875 0.14921875 0.0859375
54 0.82734375 0.17109375 0.0578125 0.03671875
54 0.76328125 0.59296875 0.05859375 0.03828125
53 0.2109375 0.23203125 0.20390625 0.09453125
31 0.36875 0.41015625 0.0609375 0.11953125
26 0.50234375 0.41171875 0.06171875 0.11953125
23 0.4359375 0.4125 0.0609375 0.12109375
52 0.7953125 0.7125 0.1375 0.01328125