53 0.52578125 0.74921875 0.1484375 0.0875
54 0.23515625 0.1734375 0.05859375 0.03828125
53 0.2046875 0.2359375 0.2046875 0.09609375
53 0.878125 0.43359375 0.20625 0.09453125
24 0.52890625 0.6734375 0.06015625 0.0609375
54 0.23515625 0.59453125 0.0609375 0.03828125
53 0.8171875 0.659375 0.14921875 0.0859375
54 0.1703125 0.17265625 0.06015625 0.03671875
53 0.8140625 0.23515625 0.153125 0.0859375
53 0.4734375 0.16640625 0.15234375 0.0875
54 0.1703125 0.59375 0.0578125 0.03671875
53 0.1828125 0.6578125 0.16171875 0.0875
54 0.1453125 0.3703125 0.06015625 0.03984375
45 0.49609375 0.41484375 0.06171875 0.11953125
54 0.08125 0.36875 0.06015625 0.03671875
31 0.36015625 0.41328125 0.05859375 0.1171875
51 0.4015625 0.6390625 0.028125 0.03515625
39 0.465625 0.6734375 0.0609375 0.06328125
53 0.1140625 0.43671875 0.2046875 0.09453125
7 0.42890625 0.4125 0.0578125 0.12109375
25 0.5966386546875 0.384615384375 0.5934873953124999 0.356508875 0.5462184875 0.3550295859375 0.539915965625 0.356508875 0.5357142859375 0.3698224859375 0.53676470625 0.46893491093749995 0.5514705875 0.47633136093750006 0.5945378156250001 0.47337278125 0.5966386546875 0.384615384375