53 0.52578125 0.75390625 0.1484375 0.0875
51 0.75390625 0.33515625 0.028125 0.034375
53 0.1140625 0.4375 0.2046875 0.09296875
54 0.23515625 0.59921875 0.05859375 0.03828125
53 0.1765625 0.2390625 0.14921875 0.084375
54 0.75859375 0.17421875 0.0609375 0.03828125
53 0.4984375 0.17109375 0.20234375 0.09609375
54 0.1453125 0.3734375 0.06015625 0.03671875
54 0.23515625 0.17578125 0.05859375 0.03828125
54 0.82265625 0.17421875 0.06015625 0.03828125
54 0.1703125 0.17578125 0.06015625 0.03828125
54 0.08125 0.37265625 0.06171875 0.03515625
54 0.9125 0.3734375 0.05859375 0.03671875
53 0.81875 0.23828125 0.14375 0.0859375
54 0.1703125 0.5984375 0.0578125 0.03671875
53 0.178125 0.66171875 0.15234375 0.0875
53 0.909375 0.4375 0.1484375 0.0875
54 0.846875 0.37421875 0.06015625 0.03828125
21 0.4640625 0.67578125 0.0609375 0.0625
53 0.2921875 0.65625 0.02421875 0.07265625
52 0.18046875 0.7171875 0.09453125 0.01484375
9 0.55987395 0.7056213015624999 0.5588235296875 0.649408284375 0.50420168125 0.6464497046875 0.5 0.6523668640625 0.5010504203124999 0.70857988125 0.55987395 0.7056213015624999