19 0.53125 0.67578125 0.06015625 0.059375
51 0.30703125 0.6046875 0.028125 0.0328125
53 0.20546875 0.2375 0.20703125 0.09921875
54 0.23515625 0.1734375 0.05859375 0.03984375
53 0.471875 0.16875 0.15 0.0859375
23 0.4671875 0.67578125 0.06328125 0.059375
53 0.528125 0.75234375 0.146875 0.0875
54 0.1703125 0.1734375 0.06015625 0.03828125
54 0.1703125 0.59609375 0.06015625 0.03828125
53 0.88203125 0.434375 0.20390625 0.09296875
53 0.82265625 0.23515625 0.1453125 0.0859375
53 0.8046875 0.659375 0.1765625 0.0890625
54 0.23515625 0.59609375 0.0609375 0.03828125
53 0.17734375 0.659375 0.1515625 0.0859375
53 0.0859375 0.4359375 0.14921875 0.0875
54 0.8828125 0.3703125 0.12734375 0.03984375
54 0.0828125 0.3703125 0.06015625 0.03671875
54 0.1453125 0.37109375 0.06015625 0.03828125
54 0.76015625 0.1734375 0.06328125 0.04140625
52 0.49921875 0.80703125 0.13515625 0.01328125
54 0.82734375 0.171875 0.06015625 0.03828125