53 0.875 0.42734375 0.2015625 0.09453125
53 0.528125 0.73828125 0.1484375 0.0859375
53 0.2125 0.234375 0.19921875 0.09609375
54 0.17890625 0.17109375 0.05859375 0.03671875
53 0.4734375 0.16640625 0.1484375 0.0875
54 0.24296875 0.17265625 0.05859375 0.03671875
53 0.81484375 0.23359375 0.14609375 0.0859375
54 0.82109375 0.58828125 0.0578125 0.03671875
54 0.75703125 0.5890625 0.06015625 0.03828125
54 0.1546875 0.36640625 0.05859375 0.03671875
54 0.53125 0.10390625 0.05859375 0.03671875
53 0.1859375 0.65 0.14921875 0.084375
54 0.75625 0.1703125 0.0609375 0.03828125
53 0.096875 0.428125 0.1453125 0.084375
54 0.17890625 0.58828125 0.06015625 0.03671875
54 0.81953125 0.1703125 0.06015625 0.03828125
51 0.31328125 0.5953125 0.02734375 0.034375
54 0.46796875 0.10390625 0.06015625 0.03515625
54 0.0921875 0.365625 0.05859375 0.03515625
54 0.24296875 0.58828125 0.05859375 0.03671875
54 0.84375 0.36484375 0.06015625 0.03671875
54 0.9078125 0.36484375 0.0609375 0.03671875
25 0.53203125 0.66171875 0.06015625 0.0609375
53 0.8078125 0.6515625 0.159375 0.0875
52 0.48671875 0.22265625 0.11171875 0.01328125
47 0.46796875 0.66328125 0.06015625 0.0609375