53 0.2109375 0.234375 0.2015625 0.09609375
54 0.4703125 0.103125 0.05859375 0.03671875
53 0.2125 0.653125 0.2015625 0.09609375
53 0.87890625 0.428125 0.20625 0.09921875
22 0.43515625 0.4109375 0.05859375 0.12109375
53 0.7921875 0.23203125 0.20390625 0.09453125
53 0.53046875 0.74140625 0.146875 0.0859375
53 0.47578125 0.16640625 0.1515625 0.0875
54 0.53359375 0.10390625 0.0609375 0.03828125
53 0.8171875 0.65390625 0.1515625 0.0859375
51 0.8 0.503125 0.028125 0.0328125
53 0.1234375 0.42890625 0.20234375 0.09453125
47 0.4703125 0.665625 0.06015625 0.059375
3 0.36796875 0.409375 0.05859375 0.11953125
16 0.53359375 0.665625 0.05859375 0.059375
33 0.5015625 0.4109375 0.06015625 0.12109375