53 0.52578125 0.7515625 0.1484375 0.0859375
53 0.11171875 0.43125 0.19921875 0.090625
54 0.23515625 0.5953125 0.05859375 0.03671875
53 0.17578125 0.23671875 0.1484375 0.0859375
51 0.79765625 0.509375 0.028125 0.034375
53 0.17734375 0.659375 0.1484375 0.0875
54 0.821875 0.171875 0.06015625 0.03828125
53 0.909375 0.43359375 0.14609375 0.0859375
54 0.1703125 0.17265625 0.06015625 0.03671875
54 0.23515625 0.1734375 0.0609375 0.03984375
54 0.75859375 0.59453125 0.0609375 0.03828125
54 0.75859375 0.17265625 0.0609375 0.03984375
54 0.82265625 0.59375 0.0578125 0.03671875
53 0.81796875 0.659375 0.146875 0.0875
54 0.1703125 0.59453125 0.0578125 0.03515625
53 0.8203125 0.23515625 0.1453125 0.0859375
54 0.8484375 0.36953125 0.06015625 0.03828125
54 0.9125 0.36953125 0.0609375 0.03828125
54 0.08125 0.36875 0.0609375 0.03671875
54 0.1453125 0.36953125 0.06015625 0.03828125
52 0.20625 0.715625 0.14609375 0.01484375
40 0.465625 0.67421875 0.0609375 0.0625
37 0.5296875 0.6734375 0.06015625 0.0609375
53 0.29140625 0.65546875 0.028125 0.0796875