54 0.23984375 0.17421875 0.05859375 0.03828125
54 0.921875 0.3734375 0.06015625 0.03671875
51 0.76171875 0.33515625 0.0296875 0.034375
53 0.4765625 0.16953125 0.15 0.0875
53 0.11640625 0.4375 0.2078125 0.09453125
53 0.825 0.2375 0.15234375 0.0875
53 0.2078125 0.23828125 0.20703125 0.09765625
54 0.8328125 0.6 0.06015625 0.03671875
54 0.85703125 0.3734375 0.0609375 0.03671875
54 0.8328125 0.1734375 0.06015625 0.03828125
54 0.0828125 0.3734375 0.0609375 0.03671875
54 0.1484375 0.3734375 0.06015625 0.03671875
54 0.4703125 0.10390625 0.06015625 0.03515625
54 0.17421875 0.6 0.06015625 0.03671875
54 0.17421875 0.1734375 0.06015625 0.03671875
53 0.53203125 0.7578125 0.15 0.0875
53 0.9171875 0.4390625 0.1484375 0.0859375
54 0.23984375 0.60078125 0.05859375 0.03828125
53 0.2078125 0.66328125 0.20703125 0.10234375
54 0.7671875 0.1734375 0.0609375 0.03828125
53 0.825 0.66640625 0.15234375 0.090625
49 0.46875 0.67890625 0.06015625 0.0625
54 0.5359375 0.1046875 0.0609375 0.04140625
54 0.7671875 0.6015625 0.05859375 0.03984375
13 0.53828125 0.68046875 0.06015625 0.0625