38 0.4328125 0.41875 0.06328125 0.12109375
53 0.20625 0.66484375 0.2078125 0.09609375
53 0.4796875 0.16953125 0.15859375 0.0875
51 0.76015625 0.33515625 0.0296875 0.034375
54 0.0828125 0.3734375 0.0609375 0.03671875
53 0.11640625 0.4375 0.2078125 0.09296875
53 0.18046875 0.23828125 0.15234375 0.0859375
53 0.82578125 0.2375 0.1515625 0.0875
54 0.7671875 0.6015625 0.05859375 0.03984375
53 0.82734375 0.665625 0.15234375 0.0890625
54 0.8328125 0.1734375 0.06015625 0.03828125
54 0.8328125 0.6 0.06015625 0.03671875
54 0.1484375 0.3734375 0.06015625 0.03671875
53 0.9171875 0.4375 0.15 0.0890625
52 0.796875 0.71953125 0.1375 0.01328125
54 0.7671875 0.1734375 0.0609375 0.03828125
53 0.52890625 0.75703125 0.1546875 0.0875
10 0.36484375 0.41953125 0.0609375 0.12265625
39 0.5015625 0.4171875 0.06640625 0.12421875
53 0.4109375 0.76953125 0.02734375 0.053125