10 0.53359375 0.66484375 0.05859375 0.0578125
28 0.5015625 0.409375 0.06171875 0.1171875
4 0.43359375 0.40859375 0.05859375 0.11796875
53 0.1234375 0.428125 0.2046875 0.09609375
53 0.2125 0.653125 0.2015625 0.09921875
53 0.2109375 0.23515625 0.2015625 0.09453125
53 0.90703125 0.42890625 0.15 0.0859375
53 0.478125 0.16640625 0.15234375 0.0875
53 0.58828125 0.1828125 0.03125 0.0578125
53 0.528125 0.74296875 0.1546875 0.0890625
17 0.36875 0.409375 0.0609375 0.1171875
54 0.76015625 0.1703125 0.05859375 0.03828125
53 0.81640625 0.2328125 0.15 0.0875
14 0.46875 0.6671875 0.06015625 0.0625
54 0.825 0.16953125 0.06015625 0.03671875
53 0.81796875 0.65390625 0.14921875 0.0859375
51 0.28046875 0.32265625 0.0296875 0.03515625