55 0.53203125 0.67578125 0.06015625 0.0625
51 0.20234375 0.4890625 0.0296875 0.03671875
34 0.43046875 0.41796875 0.0640625 0.11953125
53 0.1386554625 0.613905325 0.1890756296875 0.6198224859375 0.21008403437499998 0.6050295859375 0.2184873953125 0.5769230765625 0.21323529375 0.5443786984375001 0.20063025156249997 0.5281065093749999 0.18487395 0.5221893484375 0.164915965625 0.5295857984375 0.0409663859375 0.5281065093749999 0.0220588234375 0.539940828125 0.013655462500000002 0.559171596875 0.015756303125000003 0.5917159765625 0.02310924375 0.6050295859375 0.0357142859375 0.613905325 0.1386554625 0.613905325
53 0.1974789921875 0.3076923078125 0.2069327734375 0.282544378125 0.20063025156249997 0.26331360937500004 0.20483193281249998 0.248520709375 0.1953781515625 0.2337278109375 0.2027310921875 0.22337278125 0.19957983125 0.2204142015625 0.06932773125 0.221893490625 0.0567226890625 0.22928994062500002 0.0451680671875 0.25147929062499996 0.048319328125 0.28698224843750003 0.0567226890625 0.3002958578125 0.06932773125 0.3076923078125 0.1974789921875 0.3076923078125
53 0.563025209375 0.21745562187499998 0.5766806718749999 0.21597633125 0.55987395 0.20857988125000002 0.5546218484375001 0.1923076921875 0.5567226890625 0.17011834374999998 0.5724789921875 0.149408284375 0.5735294125 0.12130177499999999 0.4222689078125 0.12573964531249998 0.4065126046875 0.136094675 0.39915966406250003 0.1508875734375 0.39915966406250003 0.1863905328125 0.41701680625000004 0.210059171875 0.55567226875 0.210059171875 0.563025209375 0.21745562187499998
53 0.9296218484375001 0.3076923078125 0.942226890625 0.29881656875 0.9527310921875 0.27662721874999996 0.9537815125 0.2588757390625 0.94957983125 0.24260354999999997 0.942226890625 0.23076923124999998 0.9285714281249999 0.221893490625 0.813025209375 0.221893490625 0.8067226890624999 0.2263313609375 0.8182773109375001 0.26331360937500004 0.817226890625 0.27810650937500003 0.8056722687500001 0.3062130171875 0.9296218484375001 0.3076923078125
53 0.8350840343750001 0.6124260359375 0.9621848734375 0.613905325 0.9779411765624999 0.600591715625 0.9852941171875 0.57988165625 0.9810924375000001 0.547337278125 0.96323529375 0.5295857984375 0.8413865546875 0.5266272187500001 0.8340336140625 0.5310650890625 0.8487394953124999 0.559171596875 0.8466386546875 0.596153846875 0.8413865546875 0.5976331359375 0.8350840343750001 0.6124260359375
53 0.45798319374999996 0.7855029578125 0.45798319374999996 0.7958579875 0.5777310921875001 0.7943786984375001 0.590336134375 0.7855029578125 0.60189075625 0.7677514796875 0.60189075625 0.73816568125 0.58823529375 0.71597633125 0.5787815125 0.710059171875 0.45798319374999996 0.710059171875 0.455882353125 0.71597633125 0.4663865546875 0.74260355 0.46533613437500004 0.76923076875 0.45798319374999996 0.7855029578125
54 0.1418067234375 0.1819526625 0.08508403437499999 0.1819526625 0.0840336140625 0.2189349109375 0.1449579828125 0.21745562187499998 0.1449579828125 0.1849112421875 0.1418067234375 0.1819526625
54 0.2069327734375 0.1819526625 0.150210084375 0.1819526625 0.150210084375 0.2189349109375 0.192226890625 0.221893490625 0.21113445312499998 0.210059171875 0.2069327734375 0.1819526625
54 0.8466386546875 0.1819526625 0.788865546875 0.1849112421875 0.7878151265625 0.21301775156249997 0.7993697484375 0.2204142015625 0.8487394953124999 0.21745562187499998 0.8466386546875 0.1819526625
54 0.91176470625 0.1819526625 0.853991596875 0.183431953125 0.8529411765624999 0.21597633125 0.8560924375000001 0.2204142015625 0.9149159656249999 0.21745562187499998 0.91176470625 0.1819526625
16 0.3928571421875 0.46597633125 0.390756303125 0.35946745625 0.3340336140625 0.356508875 0.3319327734375 0.471893490625 0.3413865546875 0.47781065156249997 0.3897058828125 0.47633136093750006 0.3928571421875 0.46597633125
1 0.48109243749999997 0.4837278109375 0.48004201718750006 0.47337278125 0.48844537812500005 0.46597633125 0.49684873906250004 0.4748520703125 0.527310925 0.47337278125 0.5304621843749999 0.406804734375 0.527310925 0.357988165625 0.497899159375 0.3535502953125 0.47373949531250004 0.3550295859375 0.4684873953125 0.36094674531250004 0.46743697500000003 0.4704142015625 0.47373949531250004 0.47633136093750006 0.47373949531250004 0.49704142031250004 0.48109243749999997 0.4837278109375
39 0.49894957968750003 0.6715976328125 0.49474789843750006 0.6464497046875 0.44432773125 0.6449704140625 0.43592437031250003 0.6523668640625 0.43487394999999995 0.6923076921875 0.43907562968749997 0.702662721875 0.497899159375 0.7056213015624999 0.49894957968750003 0.6715976328125