53 0.20703125 0.66484375 0.2078125 0.09609375
53 0.090625 0.4375 0.153125 0.0875
54 0.8578125 0.3734375 0.06015625 0.03671875
54 0.921875 0.3734375 0.06015625 0.03671875
53 0.478125 0.16953125 0.15546875 0.0875
53 0.20625 0.2421875 0.20625 0.09296875
53 0.82578125 0.2375 0.15234375 0.0875
51 0.76015625 0.33515625 0.0296875 0.034375
53 0.5328125 0.7578125 0.15 0.0875
53 0.91640625 0.43984375 0.15 0.09296875
53 0.81953125 0.665625 0.1609375 0.0890625
27 0.5359375 0.678125 0.05859375 0.0609375
31 0.57109375 0.41953125 0.06015625 0.11953125
41 0.43359375 0.41953125 0.0609375 0.12265625
32 0.4703125 0.67890625 0.0640625 0.06484375
17 0.365625 0.41796875 0.0609375 0.12265625
11 0.5 0.42109375 0.0609375 0.12265625