51 0.76171875 0.3359375 0.0296875 0.03515625
46 0.4703125 0.6796875 0.06171875 0.059375
52 0.2078125 0.7234375 0.1453125 0.01640625
26 0.53515625 0.68046875 0.06171875 0.0609375
54 0.1439075625 0.156804734375 0.1439075625 0.1923076921875 0.20483193281249998 0.190828403125 0.2027310921875 0.15532544375 0.1439075625 0.156804734375
54 0.2678571421875 0.15532544375 0.20903361406249998 0.156804734375 0.20903361406249998 0.1923076921875 0.257352940625 0.1937869828125 0.2699579828125 0.1849112421875 0.2678571421875 0.15532544375
54 0.44012605000000005 0.088757396875 0.43907562968749997 0.12278106562499999 0.5010504203124999 0.12278106562499999 0.497899159375 0.0857988171875 0.44012605000000005 0.088757396875
54 0.5661764703125 0.0917159765625 0.5609243703125 0.0843195265625 0.5052521015625 0.088757396875 0.5073529406249999 0.1242603546875 0.5514705875 0.12573964531249998 0.5682773109375 0.11538461562499999 0.5661764703125 0.0917159765625
54 0.7972689078124999 0.187869821875 0.7962184875 0.153846153125 0.7373949578125 0.156804734375 0.7373949578125 0.1863905328125 0.75 0.1923076921875 0.7909663859375 0.1923076921875 0.7972689078124999 0.187869821875
54 0.863445378125 0.187869821875 0.8602941171875 0.153846153125 0.8025210078124999 0.15532544375 0.8025210078124999 0.1893491125 0.8056722687500001 0.1923076921875 0.8571428578125 0.1923076921875 0.863445378125 0.187869821875
54 0.8886554625 0.392011834375 0.8876050421875 0.3550295859375 0.8277310921875 0.356508875 0.826680671875 0.386094675 0.830882353125 0.38905325468749996 0.8392857140625001 0.393491125 0.8886554625 0.392011834375
54 0.8939075624999999 0.3550295859375 0.8949579828124999 0.393491125 0.9527310921875 0.392011834375 0.951680671875 0.3550295859375 0.8939075624999999 0.3550295859375
54 0.7962184875 0.5828402359375 0.7373949578125 0.5843195265625 0.7373949578125 0.615384615625 0.7552521015625 0.6242603546875001 0.7972689078124999 0.6183431953125 0.7962184875 0.5828402359375
54 0.859243696875 0.5828402359375 0.8025210078124999 0.5843195265625 0.8025210078124999 0.6198224859375 0.8623949578125 0.6198224859375 0.8623949578125 0.5857988171875 0.859243696875 0.5828402359375
54 0.1439075625 0.5843195265625 0.1439075625 0.6198224859375 0.20378151249999998 0.6183431953125 0.2027310921875 0.5843195265625 0.1439075625 0.5843195265625
54 0.2678571421875 0.5828402359375 0.21008403437499998 0.5828402359375 0.21008403437499998 0.6198224859375 0.2552521015625 0.621301775 0.2699579828125 0.613905325 0.2678571421875 0.5828402359375
54 0.1123949578125 0.3550295859375 0.053571428125 0.356508875 0.054621848437499995 0.393491125 0.1102941171875 0.393491125 0.11449579843749999 0.38905325468749996 0.1123949578125 0.3550295859375
54 0.18067226875 0.35946745625 0.1775210078125 0.3550295859375 0.1186974796875 0.356508875 0.12079831875 0.393491125 0.1680672265625 0.393491125 0.1796218484375 0.3875739640625 0.18067226875 0.35946745625
53 0.55042016875 0.2115384609375 0.54201680625 0.1982248515625 0.5357142859375 0.1708579875 0.5378151265625 0.1523668640625 0.5483193281250001 0.1301775140625 0.5451680671875 0.12573964531249998 0.423319328125 0.127218934375 0.41071428593750003 0.136094675 0.40126050468749996 0.1582840234375 0.400210084375 0.1745562125 0.405462184375 0.1967455625 0.42436974843749997 0.21301775156249997 0.55042016875 0.2115384609375
53 0.7531512609375 0.2795857984375 0.8728991593750001 0.2810650890625 0.890756303125 0.2721893484375 0.9012605046875001 0.25 0.8991596640624999 0.21597633125 0.8813025203124999 0.195266271875 0.7510504203124999 0.1937869828125 0.7626050421875 0.21449704218750001 0.7668067234375 0.23224852031249998 0.765756303125 0.25147929062499996 0.7531512609375 0.2795857984375
53 0.8581932765625 0.4497041421875 0.8476890750000001 0.48076923125000004 0.9684873953125 0.4822485203125 0.9831932765625 0.471893490625 0.9926470593750001 0.4497041421875 0.9915966390625 0.42159763281249996 0.9821428578125 0.40384615312500005 0.9716386546875 0.3964497046875 0.8466386546875 0.3964497046875 0.8455882359375 0.40532544374999996 0.8529411765624999 0.41272189375 0.8581932765625 0.437869821875 0.8581932765625 0.4497041421875
53 0.8781512609375 0.710059171875 0.8897058828125 0.702662721875 0.9023109249999999 0.6775147921875 0.9023109249999999 0.653846153125 0.8949579828124999 0.636094675 0.8834033609375 0.6242603546875001 0.7563025203125 0.622781065625 0.7668067234375 0.649408284375 0.7678571421875 0.6745562125 0.7510504203124999 0.7130177515625 0.8781512609375 0.710059171875
53 0.460084034375 0.7943786984375001 0.46533613437500004 0.8017751484375 0.580882353125 0.8002958578125 0.5955882359375 0.789940828125 0.6060924375 0.7647929 0.6008403359375001 0.7322485203125 0.58823529375 0.71597633125 0.46533613437500004 0.7144970421875 0.45903361406250004 0.71597633125 0.4705882359375 0.7470414203125 0.469537815625 0.76923076875 0.460084034375 0.7943786984375001
53 0.298319328125 0.6923076921875 0.30357142812500004 0.6967455625000001 0.31092437031250003 0.6775147921875 0.3067226890625 0.6464497046875 0.2962184875 0.6257396453124999 0.29008573125 0.62319945 0.294117646875 0.6331360953125 0.2951680671875 0.6464497046875 0.28676470625 0.661242603125 0.289915965625 0.6686390531249999 0.29726890781250004 0.6671597640625 0.298319328125 0.6923076921875
53 0.242647059375 0.6863905328125 0.24054621874999998 0.6730769234375 0.2415966390625 0.6508875734374999 0.2510504203125 0.628698225 0.24579831875 0.622781065625 0.1281512609375 0.622781065625 0.113445378125 0.6331360953125 0.103991596875 0.656804734375 0.1081932765625 0.6923076921875 0.12920168125 0.710059171875 0.2563025203125 0.70857988125 0.242647059375 0.6863905328125
53 0.1911764703125 0.48668639062499996 0.21008403437499998 0.4748520703125 0.2205882359375 0.4467455625 0.2205882359375 0.4319526625 0.21113445312499998 0.40384615312500005 0.192226890625 0.39053254375 0.03676470625 0.3964497046875 0.0220588234375 0.406804734375 0.013655462500000002 0.4275147921875 0.0168067234375 0.4615384609375 0.0378151265625 0.4822485203125 0.1628151265625 0.48076923125000004 0.1911764703125 0.48668639062499996
53 0.23529411718749998 0.2810650890625 0.2836134453125 0.28698224843750003 0.2951680671875 0.2810650890625 0.3046218484375 0.2677514796875 0.31092437031250003 0.24704142031249998 0.31092437031250003 0.2263313609375 0.30357142812500004 0.2071005921875 0.282563025 0.1893491125 0.25945378125 0.195266271875 0.12920168125 0.195266271875 0.11449579843749999 0.20414201250000003 0.10504201718749999 0.2248520703125 0.103991596875 0.2455621296875 0.1081932765625 0.26331360937500004 0.1302521015625 0.282544378125 0.23529411718749998 0.2810650890625