30 0.4984375 0.4125 0.06328125 0.1140625
51 0.27578125 0.32578125 0.03046875 0.03671875
30 0.461134453125 0.440828403125 0.45903361406250004 0.35946745625 0.455882353125 0.3550295859375 0.4044117640625 0.3550295859375 0.400210084375 0.363905325 0.40126050468749996 0.471893490625 0.44957983125 0.4748520703125 0.45693277343750005 0.4704142015625 0.461134453125 0.440828403125
36 0.45798319374999996 0.356508875 0.40336134531249995 0.3550295859375 0.400210084375 0.3624260359375 0.40126050468749996 0.47337278125 0.44957983125 0.47633136093750006 0.45693277343750005 0.4704142015625 0.4621848734375 0.4319526625 0.45798319374999996 0.356508875
34 0.3319327734375 0.357988165625 0.33298319374999996 0.47337278125 0.390756303125 0.47337278125 0.3918067234375 0.35946745625 0.3571428578125 0.3535502953125 0.335084034375 0.3535502953125 0.3319327734375 0.357988165625
54 0.0525210078125 0.3550295859375 0.053571428125 0.38905325468749996 0.1123949578125 0.3875739640625 0.10924369687499999 0.35207100625 0.0525210078125 0.3550295859375
54 0.1186974796875 0.3535502953125 0.1197478984375 0.39053254375 0.163865546875 0.39053254375 0.178571428125 0.3831360953125 0.178571428125 0.357988165625 0.1743697484375 0.35207100625 0.1186974796875 0.3535502953125
54 0.436974790625 0.08727810625 0.43487394999999995 0.12278106562499999 0.49684873906250004 0.12278106562499999 0.49474789843750006 0.08727810625 0.436974790625 0.08727810625
54 0.5609243703125 0.088757396875 0.557773109375 0.0857988171875 0.5010504203124999 0.08727810625 0.5 0.11538461562499999 0.5031512609375 0.1242603546875 0.5493697484375 0.1242603546875 0.5609243703125 0.11538461562499999 0.5609243703125 0.088757396875
53 0.012605042187500002 0.43934911249999997 0.0178571421875 0.46005917187499995 0.0357142859375 0.47781065156249997 0.1628151265625 0.47633136093750006 0.150210084375 0.4467455625 0.1491596640625 0.42159763281249996 0.15966386562499998 0.399408284375 0.1565126046875 0.393491125 0.03676470625 0.392011834375 0.025210084375000004 0.399408284375 0.013655462500000002 0.4230769234375 0.012605042187500002 0.43934911249999997
53 0.2762605046875 0.6109467453125 0.2321428578125 0.6183431953125 0.1302521015625 0.6168639046875 0.1123949578125 0.627218934375 0.103991596875 0.6464497046875 0.10294117656249999 0.6642011828125 0.1081932765625 0.6863905328125 0.1165966390625 0.6967455625000001 0.1334033609375 0.7041420125 0.2447478984375 0.702662721875 0.2762605046875 0.710059171875 0.2962184875 0.6982248515625 0.30357142812500004 0.6863905328125 0.30882352968750004 0.6642011828125 0.3014705875 0.6301775140625 0.29201680625000004 0.6183431953125 0.2762605046875 0.6109467453125
53 0.1302521015625 0.1937869828125 0.1186974796875 0.1982248515625 0.10504201718749999 0.2204142015625 0.10714285781249999 0.2603550296875 0.11554621875 0.2721893484375 0.12920168125 0.2795857984375 0.227100840625 0.27810650937500003 0.28046218437500003 0.2855029578125 0.3014705875 0.2677514796875 0.307773109375 0.2455621296875 0.307773109375 0.2263313609375 0.3014705875 0.2071005921875 0.2794117640625 0.187869821875 0.2563025203125 0.1937869828125 0.1302521015625 0.1937869828125
53 0.39810924375 0.183431953125 0.402310925 0.195266271875 0.41596638593749996 0.210059171875 0.5451680671875 0.210059171875 0.534663865625 0.190828403125 0.5315126046875001 0.16272189374999999 0.5357142859375 0.1449704140625 0.5472689078124999 0.12573964531249998 0.4212184875 0.12573964531249998 0.40756302499999997 0.134615384375 0.3970588234375 0.156804734375 0.39810924375 0.183431953125
53 0.8823529406249999 0.20118343125 0.8686974796875001 0.1923076921875 0.7447478984375 0.195266271875 0.7573529406249999 0.22337278125 0.7584033609375 0.2396449703125 0.7552521015625 0.2588757390625 0.7436974796875 0.2588757390625 0.7373949578125 0.2795857984375 0.7426470593750001 0.2751479296875 0.7552521015625 0.2795857984375 0.8665966390625 0.27810650937500003 0.87920168125 0.2721893484375 0.8928571421875 0.24704142031249998 0.890756303125 0.21449704218750001 0.8823529406249999 0.20118343125
53 0.8140756296875 0.384615384375 0.789915965625 0.3964497046875 0.7783613453125 0.4230769234375 0.777310925 0.437869821875 0.782563025 0.46005917187499995 0.788865546875 0.471893490625 0.8035714281249999 0.4822485203125 0.9569327734374999 0.47781065156249997 0.9737394953124999 0.467455621875 0.9831932765625 0.445266271875 0.9800420171875001 0.41420118281249996 0.9705882359375 0.399408284375 0.95798319375 0.392011834375 0.8405115546875 0.392011834375 0.8140756296875 0.384615384375
53 0.8718487390625 0.6183431953125 0.7489495796875001 0.6168639046875 0.7447478984375 0.621301775 0.7584033609375 0.64792899375 0.75945378125 0.66272189375 0.7552521015625 0.6863905328125 0.7468487390625 0.6967455625000001 0.7489495796875001 0.7041420125 0.8655462187499999 0.7041420125 0.8834033609375 0.6937869828125 0.8928571421875 0.6745562125 0.890756303125 0.6390532546875 0.8834033609375 0.6257396453124999 0.8718487390625 0.6183431953125
53 0.45693277343750005 0.70857988125 0.455882353125 0.71597633125 0.4663865546875 0.7470414203125 0.46533613437500004 0.76183431875 0.455882353125 0.7855029578125 0.45903361406250004 0.7928994078125 0.5777310921875001 0.79142011875 0.5871848734375 0.7855029578125 0.60189075625 0.7588757390625 0.6029411765625 0.7485207093749999 0.5945378156250001 0.7248520703125 0.5787815125 0.70857988125 0.45693277343750005 0.70857988125