48 0.53125 0.675 0.06015625 0.0609375
53 0.5265625 0.753125 0.14921875 0.0859375
54 0.23515625 0.59609375 0.0609375 0.03828125
54 0.1703125 0.5953125 0.06015625 0.03671875
53 0.81953125 0.23515625 0.1515625 0.0859375
53 0.47421875 0.16875 0.15234375 0.0859375
54 0.76015625 0.59609375 0.0609375 0.03828125
54 0.91484375 0.3703125 0.05859375 0.03671875
53 0.8203125 0.659375 0.146875 0.0890625
54 0.85 0.37109375 0.06171875 0.03828125
54 0.82578125 0.5953125 0.0578125 0.03671875
54 0.1453125 0.37109375 0.06015625 0.03828125
54 0.0828125 0.3703125 0.06015625 0.03671875
53 0.18046875 0.659375 0.15625 0.0890625
52 0.878125 0.49140625 0.128125 0.01484375
53 0.20234375 0.2390625 0.20390625 0.09296875
51 0.79921875 0.509375 0.0265625 0.034375
53 0.9078125 0.43515625 0.1546875 0.0890625
37 0.465625 0.675 0.05859375 0.0609375
53 0.08828125 0.434375 0.1515625 0.084375