8 0.365625 0.41875 0.0609375 0.12109375
53 0.20703125 0.66640625 0.2078125 0.09609375
53 0.47890625 0.16953125 0.1578125 0.0875
54 0.85703125 0.3734375 0.0609375 0.03671875
53 0.090625 0.4375 0.153125 0.0875
54 0.921875 0.3734375 0.06015625 0.03671875
51 0.54765625 0.27578125 0.03046875 0.03671875
53 0.53203125 0.75703125 0.15 0.0859375
54 0.23984375 0.175 0.0609375 0.03984375
54 0.8328125 0.1734375 0.06015625 0.03828125
54 0.17421875 0.1734375 0.06015625 0.03671875
53 0.82421875 0.23671875 0.1546875 0.0859375
53 0.91875 0.4390625 0.146875 0.0859375
54 0.7671875 0.1734375 0.0609375 0.03828125
53 0.79921875 0.66640625 0.2046875 0.09296875
6 0.50234375 0.41875 0.06171875 0.12421875
53 0.18046875 0.2390625 0.15234375 0.0875
26 0.534375 0.67890625 0.0609375 0.0625
27 0.46875 0.67890625 0.06171875 0.0625
7 0.43203125 0.41875 0.05859375 0.12421875
52 0.48671875 0.8125 0.1046875 0.01328125