43 0.4640625 0.67578125 0.0609375 0.0625
53 0.52578125 0.7546875 0.1484375 0.0859375
53 0.1140625 0.43671875 0.2046875 0.09453125
30 0.36015625 0.4171875 0.05859375 0.11796875
53 0.90625 0.43671875 0.15234375 0.0890625
53 0.20390625 0.6625 0.20390625 0.09453125
53 0.790625 0.66015625 0.2046875 0.09609375
31 0.56640625 0.41796875 0.0609375 0.1171875
53 0.80703125 0.23671875 0.17109375 0.09140625
22 0.49765625 0.4171875 0.06015625 0.11796875
53 0.4828125 0.1703125 0.17109375 0.0890625
49 0.1703125 0.58671875 0.06015625 0.0609375
29 0.5296875 0.67578125 0.06171875 0.0625
51 0.403125 0.6390625 0.028125 0.0265625
53 0.178125 0.23828125 0.15 0.0859375
35 0.23515625 0.5875 0.05859375 0.0625
33 0.4621848734375 0.4799467453125 0.46096323593750005 0.3587529578125 0.3994054625 0.3583239640625 0.3994054625 0.47703254375000004 0.4621848734375 0.4799467453125
38 0.6044065125 0.47910059218749995 0.6657626046875 0.47910059218749995 0.665475840625 0.360936390625 0.603399159375 0.360936390625 0.6044065125 0.47910059218749995