53 0.20546875 0.2375 0.2046875 0.09609375
53 0.528125 0.7515625 0.1484375 0.0859375
54 0.1703125 0.5953125 0.06015625 0.03671875
54 0.23515625 0.59609375 0.0609375 0.03828125
51 0.403125 0.640625 0.028125 0.03515625
53 0.81875 0.2359375 0.15 0.0875
53 0.4703125 0.16875 0.1453125 0.0859375
53 0.8046875 0.659375 0.1765625 0.0890625
53 0.9109375 0.4359375 0.146875 0.0875
54 0.0828125 0.3703125 0.06015625 0.03671875
54 0.1453125 0.37109375 0.06015625 0.03828125
53 0.18046875 0.659375 0.1546875 0.0875
0 0.5296875 0.67578125 0.06015625 0.059375
53 0.08515625 0.43359375 0.146875 0.0859375
54 0.915625 0.3703125 0.0609375 0.03671875
54 0.53046875 0.10546875 0.0609375 0.03984375
54 0.46640625 0.10390625 0.05859375 0.03671875
54 0.85 0.3703125 0.06171875 0.03984375
52 0.49921875 0.80625 0.13984375 0.01171875
26 0.46640625 0.67578125 0.0609375 0.0625