41 0.428125 0.4125 0.06171875 0.12109375
53 0.7875 0.234375 0.20390625 0.09609375
53 0.5234375 0.746875 0.1484375 0.0859375
53 0.9046875 0.43203125 0.146875 0.0859375
24 0.5265625 0.6734375 0.06015625 0.0625
53 0.11484375 0.4328125 0.20390625 0.09296875
53 0.49609375 0.16640625 0.2046875 0.09609375
54 0.234375 0.1734375 0.05859375 0.03828125
36 0.46328125 0.6734375 0.0609375 0.0625
30 0.3578125 0.41328125 0.05859375 0.1171875
53 0.17734375 0.2359375 0.15 0.084375
54 0.16953125 0.17265625 0.06015625 0.03671875
53 0.78671875 0.65625 0.20390625 0.09609375
54 0.0796875 0.36796875 0.0609375 0.03515625
53 0.17734375 0.65703125 0.15 0.0859375
54 0.1703125 0.5921875 0.05859375 0.03671875
54 0.14453125 0.36875 0.06015625 0.03671875
52 0.20234375 0.71484375 0.13515625 0.01484375
54 0.234375 0.59296875 0.05859375 0.03828125
51 0.3046875 0.60234375 0.0296875 0.0328125
28 0.56328125 0.41171875 0.0609375 0.11953125
47 0.49609375 0.4125 0.0640625 0.12109375
53 0.29296875 0.253125 0.02734375 0.053125