53 0.5234375 0.75 0.15234375 0.0890625
54 0.23515625 0.1734375 0.0609375 0.03984375
54 0.821875 0.59375 0.06015625 0.03671875
53 0.90625 0.43359375 0.14921875 0.0859375
54 0.1703125 0.17265625 0.06015625 0.03671875
53 0.81796875 0.23515625 0.146875 0.0859375
54 0.75703125 0.59453125 0.0609375 0.03828125
54 0.5296875 0.10546875 0.06171875 0.03984375
53 0.17421875 0.23671875 0.1484375 0.0859375
54 0.846875 0.36953125 0.06015625 0.03828125
54 0.821875 0.171875 0.06015625 0.03828125
53 0.8140625 0.6578125 0.153125 0.090625
54 0.4640625 0.10390625 0.0609375 0.03515625
54 0.9125 0.36875 0.0609375 0.03671875
53 0.46875 0.16875 0.1484375 0.0859375
51 0.75234375 0.33203125 0.0296875 0.034375
53 0.18203125 0.6578125 0.159375 0.0875
54 0.75859375 0.171875 0.05859375 0.03828125
43 0.4640625 0.6734375 0.0609375 0.06328125
52 0.203125 0.29375 0.13984375 0.01328125
39 0.5296875 0.6734375 0.06015625 0.0625