54 0.12421875 0.3671875 0.12578125 0.03828125
43 0.50234375 0.4125 0.06171875 0.12734375
53 0.53125 0.7421875 0.14609375 0.084375
1 0.36640625 0.40859375 0.05859375 0.12109375
24 0.43515625 0.409375 0.0609375 0.11796875
53 0.4765625 0.1671875 0.1484375 0.0828125
53 0.18515625 0.653125 0.14609375 0.084375
53 0.90625 0.428125 0.15 0.0875
53 0.8203125 0.65390625 0.146875 0.0859375
30 0.53359375 0.66640625 0.0609375 0.0578125
53 0.19453125 0.23515625 0.16875 0.0859375
54 0.24375 0.171875 0.05859375 0.03828125
54 0.17890625 0.17109375 0.06015625 0.03671875
40 0.4703125 0.66796875 0.05859375 0.0609375
53 0.81484375 0.2328125 0.15546875 0.0875
52 0.12109375 0.4875 0.13515625 0.01328125
53 0.09296875 0.42890625 0.1421875 0.0828125