55 0.434375 0.4203125 0.0640625 0.12265625
50 0.36640625 0.41953125 0.06171875 0.12109375
48 0.76953125 0.590625 0.06171875 0.06328125
53 0.21008403437499998 0.44378698281249995 0.1890756296875 0.445266271875 0.1859243703125 0.392011834375 0.0409663859375 0.3949704140625 0.025210084375000004 0.4023668640625 0.013655462500000002 0.42455621250000003 0.012605042187500002 0.445266271875 0.0178571421875 0.4644970421875 0.0378151265625 0.4822485203125 0.15126050468750002 0.4822485203125 0.1586134453125 0.47781065156249997 0.163865546875 0.4630177515625 0.1838235296875 0.4630177515625 0.1859243703125 0.45857988125000004 0.21323529375 0.46597633125 0.2184873953125 0.445266271875 0.21323529375 0.437869821875 0.21008403437499998 0.44378698281249995
53 0.252100840625 0.6257396453124999 0.22899159687499998 0.621301775 0.12920168125 0.622781065625 0.11449579843749999 0.6331360953125 0.10504201718749999 0.6523668640625 0.1060924375 0.683431953125 0.1165966390625 0.702662721875 0.1239495796875 0.7071005921875 0.2510504203125 0.710059171875 0.2584033609375 0.71597633125 0.28046218437500003 0.717455621875 0.29726890781250004 0.7115384609375 0.30987395 0.6819526625 0.317226890625 0.6464497046875 0.30882352968750004 0.6449704140625 0.28571428593750003 0.6124260359375 0.252100840625 0.6257396453124999
53 0.4548319328125 0.71597633125 0.46323529375000005 0.7278106515625 0.4705882359375 0.763313609375 0.460084034375 0.7958579875 0.4621848734375 0.8002958578125 0.5777310921875001 0.8002958578125 0.5955882359375 0.789940828125 0.6050420171875001 0.7677514796875 0.6029411765625 0.73816568125 0.586134453125 0.71597633125 0.4621848734375 0.7115384609375 0.4548319328125 0.71597633125
53 0.7647058828125 0.6523668640625 0.765756303125 0.6775147921875 0.7563025203125 0.7130177515625 0.87920168125 0.710059171875 0.8928571421875 0.6997041421875 0.9023109249999999 0.6775147921875 0.9012605046875001 0.6508875734374999 0.8970588234375001 0.6390532546875 0.8834033609375 0.6242603546875001 0.7647058828125 0.6242603546875001 0.7573529406249999 0.636094675 0.7647058828125 0.6523668640625
53 0.747899159375 0.195266271875 0.75945378125 0.210059171875 0.765756303125 0.22928994062500002 0.7647058828125 0.2544378703125 0.7510504203124999 0.2795857984375 0.8771008406249999 0.2810650890625 0.890756303125 0.2736686390625 0.9023109249999999 0.24704142031249998 0.8981092437499999 0.21301775156249997 0.8813025203124999 0.195266271875 0.7510504203124999 0.1937869828125 0.747899159375 0.195266271875
53 0.4275210078125 0.12573964531249998 0.4128151265625 0.13313609531249998 0.40126050468749996 0.156804734375 0.400210084375 0.176035503125 0.405462184375 0.195266271875 0.42542016875 0.21301775156249997 0.52310924375 0.2115384609375 0.5819327734375 0.21745562187499998 0.60189075625 0.1982248515625 0.6081932765625 0.1775147921875 0.6071428578125 0.156804734375 0.599789915625 0.136094675 0.5766806718749999 0.1198224859375 0.54332983125 0.12573964531249998 0.4275210078125 0.12573964531249998
53 0.28046218437500003 0.21301775156249997 0.28046218437500003 0.190828403125 0.257352940625 0.1967455625 0.1302521015625 0.195266271875 0.11554621875 0.20414201250000003 0.10504201718749999 0.2248520703125 0.103991596875 0.24704142031249998 0.1081932765625 0.26183431874999996 0.1218487390625 0.27810650937500003 0.1334033609375 0.282544378125 0.2447478984375 0.282544378125 0.2584033609375 0.26183431874999996 0.294117646875 0.26183431874999996 0.30357142812500004 0.2677514796875 0.30987395 0.2529585796875 0.30882352968750004 0.22781065156250002 0.2878151265625 0.23076923124999998 0.28046218437500003 0.21301775156249997
41 0.053571428125 0.33431952656249997 0.0525210078125 0.3831360953125 0.05567226875 0.393491125 0.113445378125 0.392011834375 0.11554621875 0.346153846875 0.1113445375 0.3328402359375 0.053571428125 0.33431952656249997
43 0.1186974796875 0.33431952656249997 0.1186974796875 0.392011834375 0.1628151265625 0.3949704140625 0.178571428125 0.3875739640625 0.1796218484375 0.338757396875 0.17542016875 0.331360946875 0.1186974796875 0.33431952656249997
25 0.4779411765625 0.4748520703125 0.4852941171875 0.46893491093749995 0.50420168125 0.48076923125000004 0.5126050421875 0.47337278125 0.532563025 0.47781065156249997 0.532563025 0.36094674531250004 0.5262605046875 0.356508875 0.47689075625 0.357988165625 0.47163865468750005 0.371301775 0.47163865468750005 0.471893490625 0.4779411765625 0.4748520703125
49 0.859243696875 0.559171596875 0.8056722687500001 0.559171596875 0.8025210078124999 0.5636094671875 0.8035714281249999 0.6183431953125 0.82457983125 0.622781065625 0.8623949578125 0.6183431953125 0.8623949578125 0.5636094671875 0.859243696875 0.559171596875