53 0.52578125 0.7546875 0.1484375 0.0859375
54 0.75859375 0.175 0.0609375 0.03671875
54 0.5296875 0.1078125 0.06015625 0.03828125
54 0.23515625 0.1765625 0.05859375 0.03984375
53 0.8171875 0.66171875 0.14921875 0.0875
27 0.49609375 0.41796875 0.06171875 0.12265625
54 0.82265625 0.17421875 0.06015625 0.03828125
51 0.2734375 0.3265625 0.028125 0.03515625
54 0.465625 0.10703125 0.0609375 0.03671875
54 0.1703125 0.175 0.06015625 0.03671875
53 0.1765625 0.66171875 0.1515625 0.0875
53 0.78984375 0.2375 0.20625 0.09296875
42 0.465625 0.67578125 0.0609375 0.0625
26 0.36015625 0.4171875 0.0609375 0.11796875
53 0.1 0.4375 0.17421875 0.0890625
24 0.52890625 0.6765625 0.06015625 0.0609375
53 0.475 0.17265625 0.15859375 0.0875
52 0.4984375 0.228125 0.1421875 0.01171875
31 0.42890625 0.4171875 0.06015625 0.11796875
53 0.20234375 0.2390625 0.20390625 0.09296875