51 0.278125 0.328125 0.0296875 0.03671875
28 0.43359375 0.4203125 0.0640625 0.12109375
53 0.2794117640625 0.6168639046875 0.252100840625 0.6242603546875001 0.1302521015625 0.622781065625 0.11554621875 0.6316568046875 0.10504201718749999 0.653846153125 0.103991596875 0.6745562125 0.10924369687499999 0.6923076921875 0.117647059375 0.7041420125 0.13445378125000002 0.710059171875 0.2489495796875 0.70857988125 0.2794117640625 0.71597633125 0.2962184875 0.7071005921875 0.31092437031250003 0.6775147921875 0.31092437031250003 0.656804734375 0.30357142812500004 0.636094675 0.29726890781250004 0.6257396453124999 0.2794117640625 0.6168639046875
53 0.469537815625 0.7514792906250001 0.4684873953125 0.7736686390624999 0.45693277343750005 0.8002958578125 0.5819327734375 0.8002958578125 0.5945378156250001 0.79142011875 0.6071428578125 0.7647929 0.6008403359375001 0.7322485203125 0.580882353125 0.7130177515625 0.45693277343750005 0.7144970421875 0.46743697500000003 0.7352071 0.469537815625 0.7514792906250001
53 0.0430672265625 0.3949704140625 0.0241596640625 0.40384615312500005 0.014705882812500001 0.4230769234375 0.014705882812500001 0.4541420125 0.0220588234375 0.4704142015625 0.034663865625 0.48076923125000004 0.1659663859375 0.479289940625 0.157563025 0.46893491093749995 0.15126050468750002 0.4497041421875 0.15126050468750002 0.4363905328125 0.1659663859375 0.41420118281249996 0.16176470625 0.411242603125 0.16176470625 0.4008875734375 0.1659663859375 0.3964497046875 0.0430672265625 0.3949704140625
53 0.11554621875 0.20414201250000003 0.10504201718749999 0.2248520703125 0.103991596875 0.248520709375 0.1081932765625 0.26331360937500004 0.1197478984375 0.27662721874999996 0.1334033609375 0.282544378125 0.2794117640625 0.2884615390625 0.2962184875 0.2795857984375 0.31092437031250003 0.248520709375 0.30882352968750004 0.2263313609375 0.2909663859375 0.22928994062500002 0.2626050421875 0.195266271875 0.12920168125 0.195266271875 0.11554621875 0.20414201250000003
53 0.405462184375 0.1967455625 0.423319328125 0.21301775156249997 0.5514705875 0.21301775156249997 0.538865546875 0.1923076921875 0.534663865625 0.17011834374999998 0.5493697484375 0.12573964531249998 0.428571428125 0.12573964531249998 0.41071428593750003 0.136094675 0.40126050468749996 0.156804734375 0.400210084375 0.1745562125 0.405462184375 0.1967455625
53 0.7510504203124999 0.1937869828125 0.747899159375 0.195266271875 0.7626050421875 0.21449704218750001 0.765756303125 0.2337278109375 0.7647058828125 0.2544378703125 0.7510504203124999 0.2795857984375 0.875 0.2810650890625 0.8886554625 0.2751479296875 0.9012605046875001 0.25147929062499996 0.9023109249999999 0.2263313609375 0.8939075624999999 0.2056213015625 0.8813025203124999 0.195266271875 0.7510504203124999 0.1937869828125
53 0.8571428578125 0.4497041421875 0.8455882359375 0.47781065156249997 0.8476890750000001 0.4822485203125 0.9663865546875 0.4822485203125 0.9831932765625 0.471893490625 0.9926470593750001 0.4497041421875 0.9905462187499999 0.4230769234375 0.9758403359375001 0.39792899375 0.842436975 0.3964497046875 0.8571428578125 0.4319526625 0.8571428578125 0.4497041421875
54 0.44012605000000005 0.088757396875 0.43907562968749997 0.12278106562499999 0.5010504203124999 0.12278106562499999 0.497899159375 0.0857988171875 0.44012605000000005 0.088757396875
54 0.5052521015625 0.088757396875 0.5073529406249999 0.1242603546875 0.5514705875 0.12573964531249998 0.567226890625 0.1168639046875 0.5661764703125 0.0917159765625 0.561974790625 0.0843195265625 0.5052521015625 0.088757396875
8 0.390756303125 0.357988165625 0.33823529375 0.357988165625 0.335084034375 0.363905325 0.336134453125 0.479289940625 0.3928571421875 0.479289940625 0.396008403125 0.471893490625 0.3949579828125 0.3624260359375 0.390756303125 0.357988165625
34 0.4873949578125 0.479289940625 0.5063025203125 0.46893491093749995 0.5178571421875 0.4822485203125 0.5336134453125 0.47337278125 0.532563025 0.36094674531250004 0.5262605046875 0.356508875 0.4894957984375 0.356508875 0.47689075625 0.357988165625 0.472689075 0.363905325 0.472689075 0.47337278125 0.4873949578125 0.479289940625