53 0.90703125 0.42890625 0.15 0.0859375
54 0.24296875 0.590625 0.06015625 0.03828125
54 0.53359375 0.10390625 0.05859375 0.03828125
54 0.4703125 0.103125 0.05859375 0.03671875
53 0.53125 0.7421875 0.1484375 0.084375
53 0.81953125 0.2328125 0.146875 0.0875
54 0.76015625 0.1703125 0.05859375 0.03828125
53 0.47578125 0.16640625 0.14921875 0.0875
54 0.17890625 0.17109375 0.06015625 0.03671875
54 0.24375 0.171875 0.05859375 0.03828125
53 0.8203125 0.653125 0.146875 0.0875
51 0.28046875 0.32265625 0.0296875 0.03515625
53 0.19140625 0.23515625 0.159375 0.0859375
54 0.17890625 0.58984375 0.05859375 0.03671875
54 0.825 0.16953125 0.06015625 0.03671875
53 0.19140625 0.653125 0.159375 0.0875
52 0.50390625 0.79765625 0.1375 0.01171875
10 0.53359375 0.665625 0.0609375 0.059375
53 0.59375 0.1796875 0.02109375 0.0484375
37 0.4703125 0.665625 0.06015625 0.059375