52 0.78984375 0.715625 0.1375 0.01328125
51 0.75390625 0.3328125 0.0296875 0.03515625
42 0.56640625 0.4140625 0.06328125 0.11796875
26 0.4296875 0.415625 0.06171875 0.11953125
40 0.36171875 0.415625 0.06484375 0.12109375
53 0.127100840625 0.1937869828125 0.11449579843749999 0.20118343125 0.10294117656249999 0.22337278125 0.10504201718749999 0.25739645 0.127100840625 0.2795857984375 0.2260504203125 0.27810650937500003 0.277310925 0.2855029578125 0.29201680625000004 0.27810650937500003 0.3025210078125 0.26183431874999996 0.3067226890625 0.24408284062500002 0.3067226890625 0.22781065156250002 0.30042016875 0.2071005921875 0.2783613453125 0.187869821875 0.2552521015625 0.1937869828125 0.127100840625 0.1937869828125
53 0.19432773125 0.42011834375 0.188025209375 0.4097633140625 0.19012605 0.386094675 0.186974790625 0.384615384375 0.1628151265625 0.392011834375 0.0357142859375 0.392011834375 0.02310924375 0.4008875734375 0.014705882812500001 0.41715976406250005 0.012605042187500002 0.43934911249999997 0.015756303125000003 0.45562130156249997 0.025210084375000004 0.4704142015625 0.038865546875000004 0.47781065156249997 0.1953781515625 0.48076923125000004 0.21323529375 0.4615384609375 0.2205882359375 0.42603550312499994 0.219537815625 0.4023668640625 0.2142857140625 0.40384615312500005 0.215336134375 0.41568047343750003 0.19957983125 0.42455621250000003 0.19432773125 0.42011834375
53 0.1123949578125 0.6257396453124999 0.10294117656249999 0.6464497046875 0.10189075624999999 0.6671597640625 0.1060924375 0.683431953125 0.1239495796875 0.70118343125 0.25 0.702662721875 0.252100840625 0.690828403125 0.24579831875 0.656804734375 0.2552521015625 0.6523668640625 0.2563025203125 0.622781065625 0.2489495796875 0.6168639046875 0.21743697499999998 0.615384615625 0.127100840625 0.6168639046875 0.1123949578125 0.6257396453124999
53 0.5661764703125 0.7056213015624999 0.4527310921875 0.7056213015624999 0.46428571406249997 0.7352071 0.46533613437500004 0.75 0.46323529375000005 0.7662721890624999 0.4527310921875 0.789940828125 0.539915965625 0.7928994078125 0.5724789921875 0.79142011875 0.585084034375 0.7855029578125 0.5966386546875 0.7677514796875 0.6008403359375001 0.744082840625 0.58823529375 0.71597633125 0.5661764703125 0.7056213015624999
53 0.7415966390625 0.622781065625 0.7510504203124999 0.6301775140625 0.7573529406249999 0.656804734375 0.7552521015625 0.6789940828125001 0.7468487390625 0.702662721875 0.8676470593750001 0.702662721875 0.8855042015624999 0.687869821875 0.8928571421875 0.6642011828125 0.8886554625 0.636094675 0.8697478984375 0.6168639046875 0.7426470593750001 0.6183431953125 0.7415966390625 0.622781065625
53 0.83298319375 0.39792899375 0.844537815625 0.42011834375 0.8434873953125 0.45562130156249997 0.8340336140625 0.47337278125 0.83823529375 0.47781065156249997 0.9600840343750001 0.47633136093750006 0.974789915625 0.4630177515625 0.9821428578125 0.44378698281249995 0.9768907562500001 0.4097633140625 0.9569327734374999 0.392011834375 0.8340336140625 0.392011834375 0.83298319375 0.39792899375
53 0.7573529406249999 0.2263313609375 0.7552521015625 0.2529585796875 0.7468487390625 0.2721893484375 0.7510504203124999 0.2795857984375 0.8686974796875001 0.27810650937500003 0.8813025203124999 0.26923076875 0.8918067234375 0.24704142031249998 0.890756303125 0.2189349109375 0.8813025203124999 0.20118343125 0.8718487390625 0.1937869828125 0.7447478984375 0.1937869828125 0.7573529406249999 0.2263313609375
53 0.3970588234375 0.183431953125 0.40126050468749996 0.195266271875 0.41596638593749996 0.210059171875 0.5472689078124999 0.20857988125000002 0.532563025 0.1671597640625 0.532563025 0.1582840234375 0.544117646875 0.143491125 0.5462184875 0.1242603546875 0.4201680671875 0.12573964531249998 0.4065126046875 0.134615384375 0.3970588234375 0.1523668640625 0.3970588234375 0.183431953125
54 0.49579831875 0.12278106562499999 0.49684873906250004 0.0902366859375 0.49264705937500003 0.0857988171875 0.43487394999999995 0.088757396875 0.43487394999999995 0.1242603546875 0.49579831875 0.12278106562499999
54 0.5 0.088757396875 0.5010504203124999 0.12278106562499999 0.5472689078124999 0.1242603546875 0.55987395 0.11538461562499999 0.55987395 0.0902366859375 0.5567226890625 0.0857988171875 0.5 0.088757396875
54 0.728991596875 0.153846153125 0.728991596875 0.1849112421875 0.7436974796875 0.1923076921875 0.788865546875 0.1893491125 0.788865546875 0.156804734375 0.7857142859375 0.1523668640625 0.728991596875 0.153846153125
54 0.7962184875 0.190828403125 0.8529411765624999 0.1893491125 0.8518907562500001 0.1523668640625 0.79201680625 0.15532544375 0.79201680625 0.1863905328125 0.7962184875 0.190828403125
54 0.7930672265625 0.5813609468750001 0.794117646875 0.613905325 0.8529411765624999 0.6124260359375 0.853991596875 0.5843195265625 0.8508403359375001 0.5769230765625 0.7972689078124999 0.5769230765625 0.7930672265625 0.5813609468750001
54 0.788865546875 0.57988165625 0.7857142859375 0.5769230765625 0.7300420171875001 0.5769230765625 0.728991596875 0.60946745625 0.7426470593750001 0.615384615625 0.78676470625 0.613905325 0.788865546875 0.60946745625 0.788865546875 0.57988165625
26 0.39810924375 0.372781065625 0.400210084375 0.471893490625 0.45693277343750005 0.471893490625 0.45798319374999996 0.357988165625 0.4453781515625 0.3535502953125 0.402310925 0.3550295859375 0.39810924375 0.372781065625
8 0.511554621875 0.47633136093750006 0.5262605046875 0.46893491093749995 0.5262605046875 0.35946745625 0.49894957968750003 0.3535502953125 0.4684873953125 0.357988165625 0.4663865546875 0.44230769218750005 0.469537815625 0.4644970421875 0.48634453750000006 0.47781065156249997 0.511554621875 0.47633136093750006