52 0.88046875 0.48671875 0.13828125 0.01484375
51 0.21875 0.3671875 0.028125 0.03515625
54 0.15126050468750002 0.1523668640625 0.150210084375 0.1893491125 0.21008403437499998 0.1893491125 0.2069327734375 0.1523668640625 0.15126050468750002 0.1523668640625
54 0.2584033609375 0.1923076921875 0.27415966406250003 0.1849112421875 0.2720588234375 0.1523668640625 0.2142857140625 0.153846153125 0.21638655468749998 0.190828403125 0.2584033609375 0.1923076921875
54 0.44222689062500004 0.0843195265625 0.44222689062500004 0.12278106562499999 0.5 0.12130177499999999 0.497899159375 0.0843195265625 0.44222689062500004 0.0843195265625
54 0.5073529406249999 0.0843195265625 0.50420168125 0.088757396875 0.5073529406249999 0.12278106562499999 0.5514705875 0.12278106562499999 0.56512605 0.11538461562499999 0.561974790625 0.0843195265625 0.5073529406249999 0.0843195265625
54 0.8193277312499999 0.35207100625 0.8182773109375001 0.378698225 0.8214285718750001 0.3816568046875 0.830882353125 0.386094675 0.87920168125 0.3831360953125 0.8781512609375 0.350591715625 0.8193277312499999 0.35207100625
54 0.886554621875 0.386094675 0.9432773109375001 0.3831360953125 0.942226890625 0.350591715625 0.8834033609375 0.35207100625 0.8834033609375 0.3816568046875 0.886554621875 0.386094675
54 0.7436974796875 0.60946745625 0.79201680625 0.6065088750000001 0.788865546875 0.5710059171874999 0.7310924375 0.5739644968750001 0.7321428578125 0.6035502953125 0.7436974796875 0.60946745625
54 0.7962184875 0.5724852078125 0.7962184875 0.6065088750000001 0.7993697484375 0.60946745625 0.8550420171875001 0.6050295859375 0.8550420171875001 0.5754437875 0.8518907562500001 0.5710059171874999 0.7962184875 0.5724852078125
54 0.25945378125 0.60946745625 0.275210084375 0.60207100625 0.2720588234375 0.5710059171874999 0.2142857140625 0.5739644968750001 0.21638655468749998 0.60946745625 0.25945378125 0.60946745625
54 0.150210084375 0.5724852078125 0.150210084375 0.607988165625 0.20903361406249998 0.6065088750000001 0.2069327734375 0.5710059171874999 0.150210084375 0.5724852078125
54 0.1260504203125 0.350591715625 0.127100840625 0.386094675 0.173319328125 0.386094675 0.18487395 0.378698225 0.1859243703125 0.3550295859375 0.182773109375 0.34911242656249997 0.1260504203125 0.350591715625
54 0.1218487390625 0.384615384375 0.1218487390625 0.3535502953125 0.1186974796875 0.34911242656249997 0.0609243703125 0.35207100625 0.061974790625 0.386094675 0.1218487390625 0.384615384375
53 0.2720588234375 0.5991124265625001 0.2699579828125 0.6050295859375 0.2552521015625 0.6109467453125 0.13445378125000002 0.6109467453125 0.122899159375 0.6183431953125 0.1123949578125 0.6375739640625 0.11449579843749999 0.6730769234375 0.12079831875 0.6849112421875 0.1355042015625 0.695266271875 0.24733928593750001 0.695266271875 0.2878151265625 0.70118343125 0.30357142812500004 0.6893491125 0.31407562968749997 0.6642011828125 0.31407562968749997 0.6464497046875 0.3046218484375 0.6198224859375 0.298319328125 0.6109467453125 0.275210084375 0.6050295859375 0.2720588234375 0.5991124265625001
53 0.5892857140625 0.7781065093749999 0.603991596875 0.75739645 0.6029411765625 0.7278106515625 0.5840336140625 0.70118343125 0.45798319374999996 0.70118343125 0.469537815625 0.7322485203125 0.45903361406250004 0.7855029578125 0.5777310921875001 0.78402366875 0.5892857140625 0.7781065093749999
53 0.8056722687500001 0.3831360953125 0.7878151265625 0.3964497046875 0.7794117640625 0.42159763281249996 0.7783613453125 0.4363905328125 0.7857142859375 0.4615384609375 0.7983193281250001 0.4748520703125 0.8140756296875 0.479289940625 0.83823529375 0.4704142015625 0.9548319328125 0.47337278125 0.9716386546875 0.4630177515625 0.9821428578125 0.4363905328125 0.9779411765624999 0.406804734375 0.9569327734374999 0.3875739640625 0.8340336140625 0.38905325468749996 0.8056722687500001 0.3831360953125
53 0.7163865546875 0.1849112421875 0.7027310921875001 0.1937869828125 0.6911764703125 0.21597633125 0.69012605 0.2411242609375 0.6974789921875 0.2647929 0.705882353125 0.2751479296875 0.7216386546875 0.282544378125 0.7510504203124999 0.2736686390625 0.8697478984375 0.2751479296875 0.8876050421875 0.2588757390625 0.8939075624999999 0.2352071 0.886554621875 0.2056213015625 0.8686974796875001 0.190828403125 0.7552521015625 0.190828403125 0.7163865546875 0.1849112421875
53 0.41806722656249995 0.2056213015625 0.43487394999999995 0.210059171875 0.5147058828125 0.20857988125000002 0.538865546875 0.1923076921875 0.5357142859375 0.153846153125 0.5483193281250001 0.12573964531249998 0.4296218484375 0.1242603546875 0.41176470624999995 0.13313609531249998 0.402310925 0.153846153125 0.40336134531249995 0.1804733734375 0.41806722656249995 0.2056213015625
53 0.257352940625 0.2751479296875 0.242647059375 0.2396449703125 0.2447478984375 0.2189349109375 0.2552521015625 0.1923076921875 0.1313025203125 0.1937869828125 0.122899159375 0.1997041421875 0.1113445375 0.221893490625 0.1123949578125 0.25 0.1302521015625 0.2751479296875 0.257352940625 0.2751479296875
53 0.044117646875 0.38905325468749996 0.0294117640625 0.4023668640625 0.02310924375 0.42011834375 0.0220588234375 0.4349112421875 0.027310925000000003 0.4541420125 0.03676470625 0.467455621875 0.048319328125 0.47337278125 0.19957983125 0.47781065156249997 0.21743697499999998 0.4630177515625 0.2258403359375 0.437869821875 0.219537815625 0.4023668640625 0.20588235312499997 0.3875739640625 0.1859243703125 0.3816568046875 0.15737184843750002 0.3875739640625 0.044117646875 0.38905325468749996
32 0.45903361406250004 0.6982248515625 0.5010504203124999 0.6937869828125 0.49894957968750003 0.6390532546875 0.44117647031249996 0.64053254375 0.44012605000000005 0.6923076921875 0.45903361406250004 0.6982248515625
10 0.5640756296875 0.695266271875 0.5640756296875 0.6390532546875 0.5147058828125 0.634615384375 0.50420168125 0.6434911249999999 0.5052521015625 0.695266271875 0.5640756296875 0.695266271875
53 0.7489495796875001 0.6109467453125 0.7573529406249999 0.634615384375 0.7584033609375 0.6523668640625 0.75420168125 0.6804733734374999 0.74579831875 0.695266271875 0.863445378125 0.6967455625000001 0.8813025203124999 0.687869821875 0.8918067234375 0.6686390531249999 0.8939075624999999 0.64792899375 0.890756303125 0.6331360953125 0.8844537812500001 0.621301775 0.87079831875 0.6109467453125 0.7489495796875001 0.6109467453125