51 0.20234375 0.4890625 0.0296875 0.03671875
52 0.49921875 0.80859375 0.13984375 0.01328125
54 0.8813025203124999 0.4911242609375 0.8781512609375 0.48816568125000004 0.8203781515624999 0.4911242609375 0.8193277312499999 0.5177514796875 0.8287815125 0.5251479296875 0.8823529406249999 0.5251479296875 0.8813025203124999 0.4911242609375
54 0.8876050421875 0.4896449703125 0.886554621875 0.5251479296875 0.9464285718750001 0.5251479296875 0.9453781515624999 0.4896449703125 0.8876050421875 0.4896449703125
54 0.1743697484375 0.48816568125000004 0.117647059375 0.4896449703125 0.1197478984375 0.5266272187500001 0.164915965625 0.5266272187500001 0.1775210078125 0.5177514796875 0.1743697484375 0.48816568125000004
54 0.10924369687499999 0.48816568125000004 0.0525210078125 0.4896449703125 0.0525210078125 0.5251479296875 0.1123949578125 0.5251479296875 0.113445378125 0.5 0.10924369687499999 0.48816568125000004
54 0.21008403437499998 0.2115384609375 0.21008403437499998 0.1849112421875 0.2069327734375 0.1819526625 0.08508403437499999 0.1819526625 0.08298319374999999 0.21745562187499998 0.0892857140625 0.2204142015625 0.1932773109375 0.2204142015625 0.21008403437499998 0.2115384609375
54 0.49474789843750006 0.0857988171875 0.436974790625 0.088757396875 0.436974790625 0.12278106562499999 0.49684873906250004 0.12278106562499999 0.497899159375 0.0902366859375 0.49474789843750006 0.0857988171875
54 0.561974790625 0.11538461562499999 0.55987395 0.0857988171875 0.5010504203124999 0.08727810625 0.5 0.1124260359375 0.50420168125 0.1242603546875 0.5462184875 0.127218934375 0.561974790625 0.11538461562499999
53 0.163865546875 0.613905325 0.1890756296875 0.6198224859375 0.21008403437499998 0.6050295859375 0.2184873953125 0.5739644968750001 0.2142857140625 0.547337278125 0.20378151249999998 0.5310650890625 0.18067226875 0.5221893484375 0.164915965625 0.5281065093749999 0.039915965625 0.5281065093749999 0.02310924375 0.5384615390625 0.012605042187500002 0.562130178125 0.0178571421875 0.5976331359375 0.0315126046875 0.6124260359375 0.0472689078125 0.615384615625 0.163865546875 0.613905325
53 0.45693277343750005 0.7958579875 0.5724789921875 0.7958579875 0.58823529375 0.7884615390625 0.6029411765625 0.76183431875 0.60189075625 0.736686390625 0.580882353125 0.710059171875 0.45798319374999996 0.70857988125 0.4537815125 0.7130177515625 0.46533613437500004 0.74260355 0.45903361406250004 0.7795857984375 0.4527310921875 0.7928994078125 0.45693277343750005 0.7958579875
53 0.1838235296875 0.2884615390625 0.1796218484375 0.2677514796875 0.1817226890625 0.24704142031249998 0.1932773109375 0.22337278125 0.06932773125 0.221893490625 0.0567226890625 0.22928994062500002 0.0451680671875 0.25147929062499996 0.0472689078125 0.2855029578125 0.06722689062500001 0.3076923078125 0.1953781515625 0.3062130171875 0.1838235296875 0.2884615390625
53 0.539915965625 0.2071005921875 0.5315126046875001 0.16272189374999999 0.5462184875 0.12573964531249998 0.42436974843749997 0.12573964531249998 0.40966386562499996 0.13313609531249998 0.39810924375 0.153846153125 0.39915966406250003 0.1863905328125 0.41596638593749996 0.210059171875 0.5294117640625 0.21301775156249997 0.539915965625 0.2071005921875
53 0.9275210078124999 0.3076923078125 0.9474789921875001 0.289940828125 0.9537815125 0.2662721890625 0.9474789921875001 0.23816568125 0.9275210078124999 0.221893490625 0.8067226890624999 0.2204142015625 0.8035714281249999 0.22337278125 0.8056722687500001 0.22928994062500002 0.7647058828125 0.25739645 0.747899159375 0.25147929062499996 0.752100840625 0.2884615390625 0.75945378125 0.30325443750000003 0.7720588234375 0.3106508875 0.9275210078124999 0.3076923078125
53 0.8466386546875 0.615384615625 0.96323529375 0.613905325 0.978991596875 0.5991124265625001 0.9852941171875 0.5813609468750001 0.9810924375000001 0.547337278125 0.96323529375 0.5295857984375 0.8392857140625001 0.5281065093749999 0.8487394953124999 0.559171596875 0.8466386546875 0.600591715625 0.8392857140625001 0.6050295859375 0.8466386546875 0.615384615625
30 0.497899159375 0.7056213015624999 0.497899159375 0.6508875734374999 0.49474789843750006 0.6464497046875 0.44117647031249996 0.6464497046875 0.43592437031250003 0.6597633140625 0.43487394999999995 0.6923076921875 0.438025209375 0.702662721875 0.451680671875 0.70857988125 0.497899159375 0.7056213015624999
2 0.557773109375 0.6464497046875 0.5010504203124999 0.649408284375 0.5010504203124999 0.7056213015624999 0.5609243703125 0.7056213015624999 0.561974790625 0.6582840234375 0.557773109375 0.6464497046875