37 0.4984375 0.415625 0.06015625 0.12734375
33 0.4671875 0.67578125 0.0609375 0.0625
53 0.5296875 0.75234375 0.146875 0.0875
53 0.11640625 0.5703125 0.20625 0.09609375
54 0.88359375 0.2 0.0609375 0.03828125
54 0.81953125 0.2 0.0609375 0.03828125
54 0.85 0.50703125 0.06015625 0.03828125
53 0.47265625 0.16875 0.14921875 0.0859375
54 0.46875 0.10390625 0.0609375 0.03671875
53 0.9109375 0.571875 0.14921875 0.0875
51 0.21875 0.3625 0.0296875 0.03515625
54 0.915625 0.50703125 0.05859375 0.03671875
54 0.53203125 0.10625 0.06015625 0.04140625
4 0.56640625 0.41484375 0.05859375 0.11953125
20 0.5328125 0.675 0.0578125 0.0609375
53 0.14375 0.26015625 0.19765625 0.09140625
53 0.878125 0.26328125 0.14921875 0.0859375
21 0.36328125 0.415625 0.0609375 0.11796875
25 0.460084034375 0.36094674531250004 0.455882353125 0.3550295859375 0.44222689062500004 0.3535502953125 0.402310925 0.357988165625 0.402310925 0.47337278125 0.45798319374999996 0.4748520703125 0.461134453125 0.467455621875 0.460084034375 0.36094674531250004