51 0.76171875 0.33515625 0.0296875 0.03671875
46 0.434375 0.4203125 0.06484375 0.12265625
53 0.40126050468749996 0.15532544375 0.400210084375 0.176035503125 0.405462184375 0.1967455625 0.42436974843749997 0.21301775156249997 0.55567226875 0.21301775156249997 0.5430672265625 0.1997041421875 0.5357142859375 0.176035503125 0.5378151265625 0.153846153125 0.5493697484375 0.13313609531249998 0.5483193281250001 0.12573964531249998 0.428571428125 0.12573964531249998 0.41071428593750003 0.136094675 0.40126050468749996 0.15532544375
53 0.2489495796875 0.195266271875 0.12920168125 0.195266271875 0.1165966390625 0.20266272187499998 0.10504201718749999 0.2248520703125 0.10714285781249999 0.2603550296875 0.1165966390625 0.2736686390625 0.132352940625 0.282544378125 0.2605042015625 0.2795857984375 0.2647058828125 0.28698224843750003 0.275210084375 0.2884615390625 0.2962184875 0.2795857984375 0.3067226890625 0.26331360937500004 0.31092437031250003 0.2396449703125 0.307773109375 0.2263313609375 0.29201680625000004 0.23076923124999998 0.2489495796875 0.195266271875
53 0.025210084375000004 0.47337278125 0.034663865625 0.48076923125000004 0.1659663859375 0.48076923125000004 0.15126050468750002 0.45118343125000004 0.15966386562499998 0.437869821875 0.164915965625 0.3964497046875 0.03676470625 0.3964497046875 0.0220588234375 0.406804734375 0.014705882812500001 0.4230769234375 0.014705882812500001 0.4541420125 0.025210084375000004 0.47337278125
53 0.12920168125 0.622781065625 0.1165966390625 0.6301775140625 0.10504201718749999 0.6523668640625 0.103991596875 0.6745562125 0.10924369687499999 0.6923076921875 0.1186974796875 0.7041420125 0.13445378125000002 0.710059171875 0.2815126046875 0.71597633125 0.2951680671875 0.70857988125 0.31092437031250003 0.6775147921875 0.30882352968750004 0.6464497046875 0.29726890781250004 0.6257396453124999 0.28571428593750003 0.6183431953125 0.2531512609375 0.6242603546875001 0.12920168125 0.622781065625
53 0.455882353125 0.71597633125 0.46428571406249997 0.7248520703125 0.4705882359375 0.7455621296875 0.4705882359375 0.7677514796875 0.460084034375 0.8002958578125 0.580882353125 0.8002958578125 0.5955882359375 0.789940828125 0.6060924375 0.7677514796875 0.603991596875 0.7411242609375 0.58823529375 0.71597633125 0.45903361406250004 0.7130177515625 0.455882353125 0.71597633125
53 0.7510504203124999 0.6257396453124999 0.7636554624999999 0.6434911249999999 0.765756303125 0.6760355031249999 0.75420168125 0.7071005921875 0.7436974796875 0.710059171875 0.7436974796875 0.717455621875 0.8760504203125 0.7115384609375 0.8949579828124999 0.6967455625000001 0.9033613453125 0.6715976328125 0.8981092437499999 0.64053254375 0.8802521015625 0.622781065625 0.7804621843749999 0.621301775 0.7510504203124999 0.6257396453124999
53 0.844537815625 0.406804734375 0.8529411765624999 0.41420118281249996 0.8571428578125 0.4319526625 0.8571428578125 0.45118343125000004 0.8466386546875 0.48076923125000004 0.9684873953125 0.4822485203125 0.9831932765625 0.471893490625 0.9926470593750001 0.4497041421875 0.9915966390625 0.4230769234375 0.9758403359375001 0.39792899375 0.8455882359375 0.3964497046875 0.844537815625 0.406804734375
53 0.765756303125 0.2352071 0.761554621875 0.26331360937500004 0.7436974796875 0.282544378125 0.8781512609375 0.2810650890625 0.8897058828125 0.2751479296875 0.9023109249999999 0.248520709375 0.8981092437499999 0.21301775156249997 0.87920168125 0.1937869828125 0.75 0.195266271875 0.7626050421875 0.21301775156249997 0.765756303125 0.2352071
54 0.7373949578125 0.15532544375 0.7363445375000001 0.1849112421875 0.7394957984375 0.187869821875 0.75 0.1923076921875 0.7972689078124999 0.1893491125 0.7972689078124999 0.153846153125 0.7373949578125 0.15532544375
54 0.8025210078124999 0.15532544375 0.8025210078124999 0.190828403125 0.863445378125 0.1893491125 0.8602941171875 0.153846153125 0.8025210078124999 0.15532544375
54 0.8939075624999999 0.3550295859375 0.8949579828124999 0.393491125 0.9527310921875 0.392011834375 0.951680671875 0.3550295859375 0.8939075624999999 0.3550295859375
54 0.8277310921875 0.357988165625 0.826680671875 0.384615384375 0.8392857140625001 0.393491125 0.8886554625 0.39053254375 0.8876050421875 0.3550295859375 0.8340336140625 0.3535502953125 0.8277310921875 0.357988165625
30 0.39390756250000003 0.47781065156249997 0.39390756250000003 0.36094674531250004 0.340336134375 0.357988165625 0.336134453125 0.3624260359375 0.336134453125 0.47781065156249997 0.39390756250000003 0.47781065156249997
19 0.525210084375 0.3550295859375 0.497899159375 0.3550295859375 0.47373949531250004 0.3624260359375 0.472689075 0.4748520703125 0.497899159375 0.4822485203125 0.5304621843749999 0.4748520703125 0.532563025 0.3624260359375 0.525210084375 0.3550295859375
44 0.60189075625 0.36094674531250004 0.5640756296875 0.357988165625 0.5430672265625 0.365384615625 0.5430672265625 0.46597633125 0.5609243703125 0.479289940625 0.6008403359375001 0.47781065156249997 0.6050420171875001 0.40828402343750003 0.60189075625 0.36094674531250004
32 0.44012605000000005 0.653846153125 0.44012605000000005 0.7056213015624999 0.4527310921875 0.7115384609375 0.5 0.710059171875 0.5 0.6508875734374999 0.4621848734375 0.64792899375 0.44012605000000005 0.653846153125
39 0.5052521015625 0.653846153125 0.5073529406249999 0.710059171875 0.5567226890625 0.7130177515625 0.567226890625 0.70857988125 0.56512605 0.6523668640625 0.5493697484375 0.64792899375 0.5052521015625 0.653846153125