53 0.5484375 0.74140625 0.146875 0.0859375
53 0.23125 0.23515625 0.2015625 0.09453125
54 0.55390625 0.10390625 0.06015625 0.03828125
54 0.48984375 0.103125 0.05859375 0.03671875
54 0.84296875 0.58984375 0.06015625 0.03671875
53 0.8390625 0.23359375 0.1453125 0.0859375
54 0.93203125 0.36640625 0.06015625 0.03671875
54 0.8671875 0.3671875 0.06015625 0.03828125
53 0.49609375 0.1671875 0.14921875 0.0890625
54 0.7796875 0.590625 0.06015625 0.03828125
53 0.83671875 0.6546875 0.15 0.0875
53 0.92578125 0.42890625 0.14609375 0.0859375
54 0.11015625 0.36640625 0.05859375 0.03671875
54 0.2625 0.590625 0.05859375 0.03828125
53 0.115625 0.428125 0.146875 0.084375
54 0.84296875 0.16953125 0.06015625 0.03671875
54 0.19765625 0.58984375 0.06015625 0.03671875
54 0.7796875 0.1703125 0.06015625 0.03828125
54 0.17421875 0.3671875 0.06015625 0.03828125
51 0.42734375 0.63359375 0.028125 0.034375
12 0.553125 0.665625 0.06015625 0.059375
53 0.20234375 0.653125 0.146875 0.0875
38 0.48984375 0.66796875 0.06015625 0.0625