28 0.53046875 0.67421875 0.0609375 0.0625
53 0.88046875 0.434375 0.20703125 0.09609375
45 0.465625 0.6734375 0.0609375 0.06328125
51 0.753125 0.33203125 0.0296875 0.034375
10 0.42890625 0.4171875 0.05859375 0.12421875
53 0.528125 0.7515625 0.1453125 0.0859375
53 0.1765625 0.23671875 0.14921875 0.0859375
54 0.1703125 0.1734375 0.06015625 0.03828125
53 0.81953125 0.23515625 0.14609375 0.0859375
54 0.23671875 0.1734375 0.05859375 0.03984375
52 0.49921875 0.80546875 0.13984375 0.01328125
54 0.0828125 0.36953125 0.06015625 0.03828125
54 0.1453125 0.3703125 0.06015625 0.03671875
54 0.825 0.59453125 0.06015625 0.03828125
53 0.1828125 0.659375 0.159375 0.0859375
54 0.759375 0.59609375 0.05859375 0.03828125
23 0.3625 0.41328125 0.05859375 0.1171875
53 0.79140625 0.659375 0.20234375 0.09609375
20 0.63515625 0.41640625 0.05859375 0.1171875
26 0.5671875 0.4140625 0.06328125 0.115625
32 0.49765625 0.415625 0.06171875 0.12109375
53 0.10625 0.43515625 0.1859375 0.09140625