53 0.20703125 0.665625 0.2078125 0.09765625
54 0.0828125 0.3734375 0.0609375 0.03671875
53 0.53203125 0.7578125 0.15 0.0875
53 0.11484375 0.4375 0.20703125 0.09453125
53 0.82734375 0.665625 0.15234375 0.0890625
54 0.8328125 0.6 0.06015625 0.03671875
54 0.1484375 0.3734375 0.06015625 0.03671875
53 0.47578125 0.16953125 0.1515625 0.0875
46 0.46875 0.678125 0.06171875 0.0609375
54 0.17265625 0.6 0.06171875 0.03671875
53 0.91796875 0.4375 0.14921875 0.0890625
52 0.80078125 0.72109375 0.13984375 0.01328125
53 0.825 0.2375 0.1546875 0.0875
54 0.4703125 0.10390625 0.06015625 0.03515625
54 0.23984375 0.60078125 0.0609375 0.03828125
54 0.7671875 0.6015625 0.05859375 0.03984375
51 0.30859375 0.61015625 0.0296875 0.034375
54 0.5359375 0.1046875 0.0609375 0.04140625
16 0.534375 0.678125 0.05859375 0.0609375