53 0.815625 0.2328125 0.14375 0.084375
54 0.9078125 0.365625 0.05859375 0.03828125
54 0.84375 0.36640625 0.06015625 0.03984375
53 0.18359375 0.234375 0.14375 0.084375
53 0.528125 0.73828125 0.1453125 0.0859375
53 0.478125 0.16875 0.15546875 0.0859375
54 0.82109375 0.5875 0.06015625 0.03515625
53 0.903125 0.42734375 0.1484375 0.0859375
29 0.46953125 0.6625 0.05859375 0.059375
54 0.17890625 0.58828125 0.06015625 0.03671875
54 0.24296875 0.1734375 0.05859375 0.03828125
54 0.53125 0.10390625 0.05859375 0.03671875
54 0.46875 0.10390625 0.0609375 0.03515625
54 0.17890625 0.171875 0.05859375 0.03515625
53 0.2125 0.65 0.19921875 0.09921875
54 0.24296875 0.58828125 0.05859375 0.03671875
54 0.15625 0.365625 0.06015625 0.03828125
54 0.75625 0.58828125 0.0609375 0.03671875
54 0.75625 0.1703125 0.0609375 0.03828125
54 0.82109375 0.17109375 0.0578125 0.03671875
54 0.0921875 0.36484375 0.05859375 0.03671875
51 0.5453125 0.26953125 0.0296875 0.0328125
53 0.78671875 0.65 0.2015625 0.09609375
53 0.11953125 0.428125 0.19140625 0.090625
1 0.53125 0.6625 0.05859375 0.059375