2 0.85703125 0.54765625 0.08203125 0.165625
53 0.6375 0.215625 0.2015625 0.1171875
11 0.48984375 0.54765625 0.08203125 0.165625
48 0.58046875 0.5484375 0.0828125 0.1625
53 0.24375 0.8765625 0.20390625 0.1171875
22 0.67421875 0.5484375 0.08515625 0.1640625
53 0.7125 0.96875 0.19921875 0.059375
51 0.92265625 0.7953125 0.03671875 0.04609375
53 0.9640625 0.30390625 0.07109375 0.12578125
49 0.62890625 0.896875 0.08203125 0.084375
53 0.24140625 0.30703125 0.1984375 0.1140625
45 0.20078125 0.47265625 0.08125 0.08125
33 0.115625 0.471875 0.084375 0.0828125
29 0.7171875 0.8953125 0.0828125 0.0796875
1 0.765625 0.5484375 0.08203125 0.1640625
53 0.1578125 0.5734375 0.2765625 0.12265625