53 0.7953125 0.23203125 0.20390625 0.09453125
54 0.4734375 0.103125 0.0578125 0.03671875
54 0.5375 0.1046875 0.05859375 0.04140625
54 0.24609375 0.590625 0.06015625 0.03828125
53 0.88203125 0.428125 0.20390625 0.09296875
54 0.24609375 0.171875 0.06015625 0.03828125
53 0.81796875 0.65390625 0.1546875 0.0859375
53 0.53359375 0.74140625 0.146875 0.0859375
53 0.1875 0.234375 0.1484375 0.084375
53 0.4765625 0.16640625 0.14375 0.0875
54 0.09375 0.36640625 0.06015625 0.03671875
54 0.15859375 0.3671875 0.05859375 0.03828125
52 0.50546875 0.79765625 0.13828125 0.01171875
54 0.18203125 0.17109375 0.06015625 0.03671875
19 0.5375 0.66484375 0.0609375 0.0578125
53 0.0984375 0.42890625 0.14609375 0.0859375
54 0.18203125 0.58984375 0.06015625 0.03671875
53 0.303125 0.24140625 0.028125 0.03828125
53 0.19296875 0.653125 0.1578125 0.0875
51 0.31640625 0.59296875 0.028125 0.0296875
40 0.4734375 0.6671875 0.06015625 0.0625