4 0.43125 0.41484375 0.06015625 0.11953125
25 0.3625 0.41484375 0.05859375 0.1171875
38 0.46875 0.67578125 0.0609375 0.0625
51 0.7921875 0.35390625 0.0296875 0.034375
53 0.8515625 0.2625 0.20703125 0.09609375
11 0.5671875 0.41796875 0.0609375 0.12578125
53 0.11484375 0.57109375 0.20703125 0.09765625
53 0.5296875 0.75234375 0.1484375 0.0875
53 0.47109375 0.16875 0.1484375 0.0859375
24 0.49765625 0.41796875 0.0640625 0.12578125
54 0.4671875 0.10390625 0.06015625 0.03671875
54 0.53203125 0.10625 0.06015625 0.04140625
53 0.9109375 0.571875 0.15 0.0875
53 0.1296875 0.26171875 0.1671875 0.0890625
5 0.53125 0.67578125 0.06015625 0.0625
52 0.4984375 0.22578125 0.1375 0.01328125