51 0.761584 0.334693 0.029447 0.036108
54 0.833266 0.601003 0.059044 0.038300
54 0.240320 0.173802 0.059890 0.039846
54 0.240185 0.600934 0.060977 0.039171
54 0.767494 0.601655 0.060205 0.040494
54 0.175036 0.173503 0.061698 0.038066
54 0.536409 0.105310 0.061437 0.041598
54 0.767754 0.172503 0.061532 0.039503
54 0.832589 0.172127 0.059554 0.038626
54 0.149189 0.373682 0.060740 0.039791
54 0.083362 0.373645 0.061444 0.039159
53 0.476241 0.169766 0.149191 0.088752
54 0.471019 0.103918 0.060540 0.038492
54 0.858405 0.374363 0.060702 0.041057
54 0.174396 0.601079 0.061537 0.038060
54 0.922805 0.373376 0.060136 0.039815
53 0.828334 0.665442 0.148628 0.089007
53 0.116835 0.438068 0.205611 0.100610
53 0.535303 0.757456 0.141049 0.087834
53 0.207109 0.664864 0.208147 0.102852
53 0.206581 0.236932 0.207189 0.100356
52 0.499095 0.812627 0.134429 0.015007
53 0.827467 0.237150 0.149482 0.089910
53 0.919588 0.438502 0.145432 0.089509
53 0.176274 0.238435 0.144623 0.090474
53 0.176201 0.665473 0.144215 0.090472
