51 0.761604 0.334693 0.029222 0.036100
54 0.833248 0.600955 0.059043 0.038087
54 0.240260 0.601582 0.061090 0.040869
54 0.536432 0.104751 0.061587 0.040505
54 0.240142 0.174583 0.060264 0.041670
54 0.767654 0.601693 0.060155 0.040318
54 0.832637 0.172130 0.059610 0.038537
54 0.470943 0.104024 0.059882 0.038438
54 0.767668 0.172567 0.061421 0.039659
54 0.083376 0.373552 0.061430 0.039055
54 0.175051 0.173498 0.061671 0.038161
54 0.149139 0.374599 0.060616 0.041729
54 0.174324 0.600983 0.061406 0.037949
54 0.858491 0.374057 0.060416 0.040141
53 0.178541 0.238059 0.149891 0.088531
53 0.178746 0.666022 0.149274 0.090997
53 0.827502 0.665408 0.151499 0.089892
54 0.922854 0.373492 0.059773 0.039073
53 0.827342 0.237255 0.150060 0.089839
53 0.088301 0.438935 0.148890 0.089143
53 0.504299 0.167740 0.204452 0.100395
53 0.477035 0.168678 0.150892 0.090628
52 0.500259 0.812594 0.138870 0.015353
53 0.534770 0.757611 0.142254 0.089126
53 0.922295 0.439399 0.141296 0.088870
51 0.696870 0.555907 0.027398 0.045664
