54 0.822985 0.594970 0.059990 0.037858
54 0.912925 0.370288 0.060448 0.037625
54 0.146983 0.370665 0.059512 0.038136
53 0.498793 0.167855 0.203426 0.100414
53 0.525761 0.750716 0.145008 0.087784
54 0.848260 0.370738 0.060030 0.038497
54 0.081380 0.370426 0.060336 0.037310
51 0.402081 0.638931 0.029306 0.037124
54 0.758481 0.595875 0.060369 0.037467
54 0.171516 0.172851 0.060670 0.037568
53 0.176060 0.235845 0.148233 0.088365
54 0.236401 0.173458 0.059226 0.039464
52 0.879996 0.491089 0.144537 0.016323
53 0.817717 0.659224 0.147060 0.089474
53 0.789276 0.233711 0.203121 0.102256
53 0.114668 0.432681 0.203541 0.098039
53 0.815701 0.233938 0.150851 0.095023
