54 0.826408 0.596725 0.058717 0.036778
54 0.145821 0.371418 0.059123 0.037203
54 0.170771 0.596532 0.059655 0.036814
54 0.914670 0.371161 0.059294 0.037385
54 0.530733 0.105003 0.058811 0.039135
54 0.760611 0.597645 0.060028 0.040228
54 0.826013 0.170726 0.059650 0.039404
54 0.760423 0.171605 0.061747 0.040917
54 0.849811 0.372734 0.060236 0.040125
54 0.235087 0.597067 0.059662 0.038817
54 0.234986 0.173855 0.059307 0.040493
54 0.081205 0.371038 0.058654 0.036614
54 0.466153 0.104126 0.058000 0.037003
54 0.171111 0.172859 0.058806 0.037521
53 0.821982 0.660639 0.144651 0.089471
53 0.527355 0.752774 0.144239 0.086704
52 0.184772 0.294096 0.102540 0.014488
53 0.821517 0.235233 0.144685 0.090108
53 0.175035 0.660539 0.145843 0.090264
52 0.201835 0.293914 0.138910 0.016271
51 0.402406 0.643108 0.029644 0.035398
53 0.468635 0.168200 0.145877 0.086458
53 0.175204 0.236106 0.146466 0.090787
53 0.911110 0.435932 0.147388 0.089067
53 0.203344 0.658193 0.203007 0.096780
53 0.113300 0.434294 0.202997 0.099595
53 0.084522 0.435365 0.144424 0.088337
