54 0.823609 0.595197 0.060049 0.037800
54 0.531067 0.104841 0.058858 0.038166
54 0.913466 0.370616 0.060273 0.037644
51 0.798015 0.507696 0.029111 0.035633
54 0.465925 0.104245 0.058660 0.036611
54 0.147002 0.370979 0.059678 0.038427
54 0.848702 0.371492 0.060273 0.040019
54 0.823958 0.170670 0.060082 0.038470
54 0.758921 0.596031 0.061133 0.038557
54 0.759627 0.171659 0.060457 0.039769
53 0.526158 0.750502 0.144507 0.086195
54 0.236259 0.173162 0.059855 0.039134
54 0.171597 0.595228 0.060727 0.037195
54 0.171564 0.172862 0.059485 0.037758
54 0.081479 0.370830 0.060464 0.037531
54 0.236363 0.596069 0.060033 0.039194
53 0.818762 0.659062 0.147104 0.088896
53 0.820467 0.234544 0.143553 0.085428
53 0.176847 0.659427 0.148263 0.092677
53 0.176381 0.236240 0.146878 0.090937
53 0.469081 0.167902 0.146666 0.091220
53 0.908663 0.434605 0.147923 0.088919
53 0.114984 0.433769 0.204971 0.099031
53 0.499059 0.166358 0.206145 0.095903
