54 0.761497 0.589787 0.059973 0.039191
54 0.913865 0.367078 0.059066 0.037183
53 0.531779 0.740901 0.143741 0.085391
54 0.243744 0.589511 0.059498 0.038968
54 0.825319 0.588327 0.059139 0.035881
54 0.850059 0.367271 0.059966 0.037274
54 0.825431 0.169088 0.059080 0.037621
54 0.244132 0.171421 0.060769 0.039107
54 0.761706 0.169835 0.060109 0.039474
51 0.546937 0.270274 0.029919 0.035378
54 0.535156 0.103224 0.059883 0.039797
54 0.470880 0.102830 0.059437 0.038291
54 0.091970 0.366795 0.058974 0.036735
54 0.156033 0.366960 0.059211 0.037984
54 0.179584 0.589169 0.059656 0.037666
54 0.179699 0.170654 0.059050 0.037242
53 0.183427 0.233862 0.144676 0.087241
53 0.503913 0.166414 0.200741 0.098663
53 0.212640 0.651961 0.202018 0.100247
53 0.820447 0.652494 0.146408 0.089180
53 0.125571 0.430124 0.199819 0.099001
53 0.821415 0.233003 0.143542 0.088100
53 0.476232 0.166371 0.145772 0.088980
54 0.534707 0.664250 0.059416 0.061187
53 0.881468 0.428770 0.202531 0.100685
53 0.792388 0.231589 0.203990 0.096461
