54 0.827086 0.596039 0.059167 0.038068
54 0.916005 0.371531 0.060595 0.038811
54 0.761602 0.171581 0.062827 0.040390
54 0.826980 0.170883 0.059211 0.039533
54 0.236309 0.172666 0.060549 0.040006
54 0.146902 0.371360 0.059577 0.037557
54 0.171538 0.172567 0.059861 0.038549
54 0.851189 0.371915 0.060017 0.039633
54 0.761423 0.596579 0.061830 0.039076
54 0.467490 0.103897 0.059149 0.037768
53 0.820561 0.660398 0.148178 0.088752
54 0.531163 0.105239 0.059473 0.040287
54 0.171622 0.596022 0.059280 0.037865
54 0.082390 0.371749 0.060283 0.038111
53 0.471381 0.168657 0.145924 0.088311
53 0.528047 0.752640 0.146281 0.086647
53 0.820904 0.235441 0.146737 0.088548
51 0.684475 0.595883 0.029036 0.032157
53 0.177552 0.660191 0.148479 0.090821
54 0.236006 0.597171 0.059802 0.039679
53 0.205186 0.236215 0.204598 0.099149
53 0.175522 0.236992 0.144607 0.089778
53 0.116051 0.433560 0.206315 0.101398
53 0.882431 0.434154 0.207401 0.101270
51 0.287712 0.559275 0.025547 0.034030
