54 0.845395 0.367015 0.059340 0.037685
53 0.501743 0.167941 0.199696 0.098572
54 0.908857 0.366251 0.059427 0.035917
53 0.126285 0.426914 0.201615 0.101232
54 0.242821 0.171781 0.059712 0.038909
54 0.242581 0.587362 0.059341 0.038294
51 0.280460 0.321614 0.028580 0.034763
53 0.903307 0.428416 0.146255 0.086813
54 0.179528 0.171232 0.058989 0.037384
53 0.529962 0.739363 0.142179 0.086009
53 0.788164 0.649592 0.199970 0.101162
54 0.178946 0.586752 0.059099 0.036777
53 0.212842 0.650170 0.199849 0.100686
53 0.183446 0.234060 0.142882 0.087917
53 0.788859 0.232166 0.200217 0.100296
