54 0.761967 0.592325 0.060117 0.040058
51 0.757447 0.330934 0.028229 0.032728
54 0.155004 0.368452 0.057008 0.038514
54 0.916572 0.367576 0.057461 0.037170
54 0.243925 0.591598 0.058499 0.039203
53 0.532884 0.743938 0.142657 0.088631
54 0.852742 0.369418 0.057298 0.040246
54 0.827507 0.591101 0.057561 0.036903
54 0.091223 0.367563 0.058272 0.036723
54 0.243667 0.172171 0.059217 0.039628
54 0.762369 0.171178 0.060691 0.039461
54 0.179382 0.171153 0.058964 0.037280
54 0.179397 0.591690 0.058758 0.036376
53 0.822800 0.233153 0.144685 0.090035
54 0.471112 0.103525 0.059409 0.037007
54 0.827568 0.169338 0.057877 0.037396
53 0.823985 0.653891 0.143316 0.089617
53 0.474589 0.166056 0.145140 0.086219
53 0.912866 0.430448 0.145009 0.088804
54 0.536064 0.104350 0.059345 0.038996
53 0.182939 0.234294 0.144728 0.088310
53 0.098770 0.430480 0.154241 0.088382
53 0.182993 0.654533 0.143366 0.091014
52 0.476538 0.800785 0.084769 0.014678
54 0.875695 0.821513 0.074103 0.038412
53 0.212658 0.652758 0.203632 0.098972
54 0.535481 0.667047 0.059522 0.059755
54 0.958791 0.820509 0.074386 0.038798
