51 0.202142 0.488849 0.029919 0.036365
54 0.916143 0.506890 0.060828 0.038161
54 0.851380 0.507309 0.060040 0.039167
53 0.116130 0.570176 0.205645 0.102220
54 0.467728 0.103800 0.058811 0.037499
54 0.531893 0.105120 0.059037 0.039906
53 0.912890 0.570543 0.146399 0.087760
53 0.879043 0.264351 0.147360 0.089655
53 0.528179 0.750740 0.147783 0.090156
53 0.472753 0.168282 0.149350 0.089173
53 0.122807 0.263777 0.155316 0.089987
53 0.147231 0.262010 0.205030 0.097962
52 0.496376 0.226812 0.135186 0.015967
