51 0.749599 0.329331 0.030034 0.036753
53 0.525805 0.741981 0.144925 0.085661
53 0.090860 0.430216 0.146494 0.088538
53 0.787025 0.652303 0.201905 0.099091
53 0.207887 0.651375 0.202145 0.104821
53 0.897566 0.429552 0.156232 0.087388
53 0.182150 0.233904 0.149520 0.088766
54 0.086753 0.367202 0.060116 0.037076
54 0.150713 0.367681 0.058565 0.039472
53 0.814465 0.232660 0.146093 0.088413
53 0.471399 0.165967 0.148351 0.090169
52 0.496714 0.795514 0.133977 0.014130
54 0.529210 0.665502 0.058909 0.060169
