54 0.762011 0.171688 0.063013 0.040462
54 0.827493 0.170956 0.059433 0.039738
53 0.206114 0.237267 0.202839 0.100607
53 0.821789 0.235692 0.145904 0.089754
54 0.171760 0.596519 0.060669 0.038034
53 0.881738 0.435389 0.206252 0.098804
53 0.177955 0.661751 0.150034 0.088535
54 0.236095 0.597522 0.059900 0.039517
53 0.820129 0.660861 0.149053 0.089065
51 0.684936 0.596659 0.029194 0.033353
53 0.528846 0.752775 0.145728 0.087580
52 0.500278 0.806773 0.138555 0.016588
53 0.472616 0.167870 0.149115 0.091200
53 0.090893 0.435557 0.154077 0.090976
53 0.499965 0.167013 0.204615 0.099923
53 0.116886 0.435271 0.207371 0.098232
