54 0.761557 0.590107 0.059970 0.037960
53 0.532341 0.740683 0.143815 0.085389
54 0.243904 0.590079 0.059590 0.040082
53 0.880809 0.431453 0.203064 0.098832
51 0.281722 0.321445 0.028755 0.036018
54 0.825252 0.588514 0.059891 0.037095
54 0.761657 0.169899 0.060080 0.039827
54 0.825400 0.169088 0.059246 0.037742
54 0.244172 0.171590 0.060923 0.039371
54 0.470910 0.102818 0.059368 0.038152
54 0.091402 0.366992 0.058919 0.036526
54 0.179535 0.589090 0.059651 0.037575
54 0.534615 0.103721 0.059259 0.039385
54 0.156033 0.366951 0.059163 0.037998
54 0.179666 0.170636 0.059118 0.037194
53 0.819896 0.231663 0.146946 0.088675
53 0.476934 0.166355 0.147503 0.090910
53 0.183575 0.234120 0.145072 0.088055
53 0.819461 0.653385 0.147976 0.089129
53 0.125591 0.430018 0.199933 0.098900
54 0.534804 0.663662 0.058564 0.060864
53 0.186716 0.652809 0.150811 0.090990
