53 0.883917 0.430133 0.200969 0.099350
54 0.247164 0.589846 0.059461 0.039439
53 0.534413 0.741269 0.145056 0.087261
51 0.284872 0.320876 0.028546 0.036572
54 0.474227 0.102719 0.060629 0.038282
54 0.828617 0.169281 0.058212 0.037990
54 0.764544 0.169868 0.060844 0.039132
54 0.182642 0.588932 0.059689 0.037453
54 0.182633 0.170610 0.059729 0.037246
54 0.246970 0.170743 0.059499 0.039789
53 0.098666 0.430276 0.143519 0.089395
54 0.537975 0.103699 0.059249 0.039880
54 0.094625 0.367093 0.059900 0.036512
53 0.477308 0.166705 0.142829 0.087402
54 0.159580 0.367909 0.059519 0.039522
53 0.823492 0.233130 0.144658 0.086196
53 0.818396 0.653210 0.156291 0.090237
53 0.188152 0.234474 0.146958 0.090181
53 0.216868 0.651027 0.201981 0.102248
54 0.537587 0.664793 0.061136 0.059264
53 0.216689 0.232301 0.204808 0.096870
53 0.795711 0.230463 0.202887 0.095514
