54 0.240338 0.173813 0.059866 0.039798
54 0.240228 0.600948 0.060917 0.039144
54 0.767770 0.172472 0.061515 0.039464
54 0.175068 0.173522 0.061684 0.038136
54 0.832592 0.172071 0.059665 0.038582
54 0.083362 0.373648 0.061447 0.039161
54 0.149179 0.373678 0.060746 0.039743
53 0.475859 0.169618 0.148475 0.088668
54 0.536414 0.105366 0.061392 0.041604
54 0.471014 0.103975 0.060347 0.038561
54 0.174394 0.601089 0.061489 0.038078
54 0.858395 0.374290 0.060745 0.041082
54 0.922677 0.373391 0.059775 0.039021
53 0.116834 0.438121 0.205586 0.100732
51 0.548220 0.275775 0.030183 0.037060
53 0.532888 0.756099 0.146026 0.088393
53 0.828297 0.665324 0.148276 0.090196
53 0.827178 0.236601 0.151235 0.088630
53 0.206539 0.237001 0.207172 0.100440
53 0.919596 0.438522 0.145296 0.089439
53 0.177784 0.666077 0.147804 0.090925
53 0.176088 0.238420 0.143895 0.090220
52 0.207789 0.721633 0.140980 0.015689
53 0.207919 0.664520 0.207145 0.102392
