53 0.879015 0.433760 0.204544 0.097643
53 0.526139 0.750711 0.143813 0.086497
54 0.236256 0.172916 0.060051 0.039029
54 0.146861 0.370918 0.059660 0.038831
54 0.171500 0.172724 0.059467 0.037612
54 0.235806 0.595976 0.059681 0.037635
54 0.081350 0.370437 0.060403 0.037279
54 0.171611 0.594571 0.060981 0.037042
53 0.204373 0.235351 0.203766 0.098917
53 0.472935 0.167245 0.152315 0.089454
51 0.402087 0.639015 0.029451 0.036956
53 0.176536 0.658202 0.148050 0.091122
53 0.816030 0.658378 0.148380 0.091298
53 0.817075 0.234433 0.150100 0.089413
53 0.086490 0.434070 0.147345 0.089498
53 0.174845 0.236418 0.144046 0.090127
