53 0.529890 0.739199 0.141260 0.085712
54 0.242869 0.587849 0.059992 0.039266
54 0.845532 0.366916 0.059036 0.037117
54 0.909190 0.366471 0.058900 0.037094
54 0.155844 0.366871 0.058952 0.039278
54 0.757290 0.170808 0.059462 0.039504
54 0.821561 0.169871 0.059273 0.038451
54 0.821602 0.586084 0.059906 0.037325
54 0.092316 0.366466 0.059197 0.035997
54 0.756939 0.587230 0.059219 0.038212
54 0.468740 0.104364 0.058142 0.036485
54 0.532899 0.105497 0.059019 0.038611
54 0.179022 0.586343 0.059451 0.037309
53 0.098278 0.427933 0.147990 0.088180
53 0.473868 0.167217 0.144809 0.086029
53 0.816964 0.233247 0.142016 0.086170
53 0.186597 0.650887 0.148624 0.088542
52 0.859239 0.484175 0.101059 0.014890
53 0.874601 0.428405 0.206020 0.101632
54 0.532128 0.662079 0.060478 0.060919
53 0.787848 0.649804 0.201516 0.098508
53 0.904088 0.429031 0.145101 0.090670
53 0.817518 0.650631 0.141460 0.090659
