54 0.823632 0.595398 0.060265 0.037734
54 0.146926 0.371088 0.059578 0.038161
54 0.913545 0.370672 0.060183 0.037846
54 0.848760 0.371871 0.060454 0.040402
54 0.759306 0.171832 0.061034 0.039536
54 0.236399 0.173005 0.060122 0.039041
54 0.823832 0.170730 0.060121 0.038656
53 0.526353 0.750733 0.143825 0.086225
54 0.530628 0.104813 0.058885 0.038658
54 0.466265 0.104084 0.058096 0.037006
54 0.236159 0.595997 0.059964 0.038607
54 0.171542 0.172797 0.059479 0.037492
51 0.402246 0.639914 0.029199 0.036827
54 0.081627 0.370824 0.060246 0.037936
54 0.758830 0.596052 0.060511 0.038282
54 0.171665 0.595124 0.060775 0.037155
53 0.471535 0.168361 0.149421 0.089654
53 0.176557 0.659584 0.148140 0.088632
53 0.818619 0.234984 0.147478 0.086882
53 0.175932 0.237167 0.146588 0.090189
53 0.820249 0.659546 0.143265 0.090206
53 0.908377 0.434589 0.149100 0.088046
53 0.115361 0.431936 0.204721 0.101170
52 0.199730 0.294336 0.136556 0.016146
53 0.204393 0.236956 0.205920 0.101275
53 0.790306 0.657457 0.205569 0.101198
