53 0.212693 0.233658 0.200988 0.099844
54 0.845369 0.366846 0.059429 0.037336
54 0.908962 0.366405 0.059556 0.036304
53 0.530917 0.739491 0.139010 0.086141
54 0.242462 0.587765 0.059139 0.039131
53 0.787809 0.649645 0.200755 0.099121
51 0.682242 0.588641 0.027736 0.033889
54 0.179065 0.586345 0.059325 0.037363
53 0.100655 0.428558 0.150375 0.088056
53 0.815180 0.232847 0.145691 0.088150
53 0.186776 0.650559 0.149516 0.088492
53 0.475699 0.166632 0.149110 0.089094
52 0.503796 0.792708 0.143561 0.016086
53 0.876670 0.427533 0.201374 0.100182
