51 0.217192 0.361833 0.028432 0.035425
54 0.916210 0.506773 0.060754 0.038246
54 0.146975 0.507186 0.059836 0.039349
54 0.851486 0.507252 0.059833 0.039118
54 0.113993 0.199846 0.060461 0.037306
54 0.467729 0.103859 0.058998 0.037663
54 0.082159 0.506778 0.060572 0.038295
54 0.179404 0.201614 0.060092 0.040193
54 0.531840 0.105081 0.059143 0.039869
53 0.471436 0.169066 0.144975 0.088829
53 0.912883 0.570389 0.146680 0.087912
53 0.120484 0.263978 0.151914 0.089864
53 0.528500 0.752970 0.146825 0.088390
52 0.499325 0.806910 0.136363 0.016352
53 0.088459 0.570654 0.150532 0.089054
