51 0.755501 0.333366 0.029261 0.035332
54 0.916332 0.371795 0.060764 0.038964
53 0.206034 0.237356 0.202867 0.100404
54 0.851374 0.372081 0.060044 0.039589
53 0.529095 0.752763 0.145401 0.086311
53 0.820577 0.235272 0.149071 0.090121
53 0.820623 0.660796 0.148571 0.089139
53 0.473665 0.167844 0.150226 0.088008
51 0.440741 0.599924 0.027726 0.038744
52 0.498444 0.807424 0.134436 0.016764
53 0.181970 0.661832 0.156550 0.091574
53 0.091414 0.435502 0.154813 0.091565
53 0.883169 0.434649 0.206316 0.099977
53 0.117093 0.435159 0.207179 0.098707
53 0.500028 0.168830 0.204228 0.093743
