54 0.237417 0.595646 0.060181 0.038515
54 0.825129 0.170712 0.060028 0.038431
54 0.760539 0.171570 0.061600 0.039424
54 0.237523 0.172812 0.060474 0.039310
54 0.147910 0.370730 0.060177 0.037834
51 0.274913 0.324480 0.031094 0.036085
54 0.172989 0.172704 0.060332 0.037944
53 0.527242 0.751264 0.146739 0.086918
54 0.532002 0.104769 0.059312 0.038650
54 0.467010 0.104044 0.058183 0.037202
54 0.172675 0.595090 0.060035 0.037294
54 0.082559 0.370924 0.060082 0.038129
53 0.820427 0.235110 0.146129 0.087833
53 0.472231 0.167906 0.147216 0.087590
53 0.817809 0.658555 0.151319 0.089938
53 0.880381 0.433704 0.204570 0.096873
53 0.116047 0.433774 0.204134 0.098696
53 0.205822 0.659557 0.204549 0.100927
53 0.205265 0.235799 0.204917 0.099353
53 0.175438 0.236540 0.143899 0.089990
52 0.497952 0.804533 0.136039 0.014797
53 0.177405 0.659101 0.147244 0.091373
