54 0.823122 0.594953 0.060139 0.037975
53 0.525806 0.750535 0.144230 0.086536
54 0.913035 0.370363 0.060345 0.037638
51 0.305778 0.602773 0.028999 0.034300
54 0.758977 0.171272 0.060564 0.039495
54 0.465898 0.104182 0.058655 0.036482
54 0.235708 0.595685 0.059600 0.037579
54 0.146972 0.370650 0.059513 0.038072
54 0.081446 0.370439 0.060400 0.037237
54 0.848228 0.370796 0.060002 0.038603
54 0.823157 0.170557 0.060143 0.038803
54 0.531004 0.105344 0.058697 0.039227
54 0.758503 0.595876 0.060392 0.037478
54 0.171644 0.172907 0.059358 0.037280
54 0.171429 0.594738 0.059327 0.037126
53 0.176418 0.236126 0.148024 0.088861
54 0.236044 0.173429 0.059560 0.038132
53 0.177314 0.658648 0.148510 0.092313
53 0.818620 0.235042 0.145568 0.087377
53 0.469341 0.167562 0.147552 0.090330
53 0.818097 0.659084 0.145909 0.088769
53 0.115071 0.432756 0.204265 0.097475
