51 0.688011 0.594250 0.028056 0.034134
53 0.124563 0.428309 0.201508 0.092650
54 0.180207 0.171534 0.060215 0.037131
54 0.244125 0.172758 0.058745 0.039954
54 0.764087 0.170852 0.058585 0.039359
54 0.828249 0.169811 0.057543 0.037269
53 0.474793 0.165550 0.146268 0.087756
53 0.913213 0.430232 0.146879 0.086738
53 0.182890 0.234565 0.144313 0.088852
53 0.533561 0.744671 0.143126 0.088566
53 0.827501 0.233941 0.134430 0.086627
53 0.822562 0.654547 0.148792 0.090999
52 0.793331 0.290640 0.146515 0.016469
