53 0.530820 0.742150 0.146749 0.086450
54 0.155986 0.367000 0.058666 0.038686
53 0.096723 0.430043 0.147863 0.088328
51 0.799094 0.503349 0.028862 0.036029
54 0.092250 0.366817 0.058775 0.036864
53 0.907508 0.429825 0.147882 0.086691
53 0.211472 0.233366 0.199093 0.096840
53 0.819916 0.232549 0.147226 0.088930
53 0.479591 0.167141 0.153008 0.088215
54 0.534755 0.664182 0.059790 0.061019
53 0.818153 0.651782 0.149683 0.088456
52 0.501705 0.795761 0.139724 0.015259
53 0.188883 0.652055 0.152935 0.091645
