54 0.528415 0.103861 0.058232 0.040119
53 0.524637 0.748169 0.145702 0.086700
54 0.756553 0.594018 0.060046 0.039201
54 0.821653 0.592593 0.059225 0.038459
54 0.235130 0.594105 0.060240 0.039311
54 0.146272 0.369394 0.059295 0.037687
54 0.464537 0.103314 0.058484 0.037910
54 0.757036 0.170715 0.060070 0.039316
53 0.903106 0.433059 0.149454 0.088694
54 0.234952 0.172169 0.060274 0.039530
51 0.273346 0.323704 0.029315 0.035606
54 0.170498 0.593071 0.060498 0.037066
54 0.821596 0.169815 0.059273 0.038873
54 0.081214 0.369419 0.060071 0.037776
54 0.170624 0.171522 0.060409 0.039030
53 0.177306 0.656969 0.149915 0.091487
53 0.467363 0.168460 0.144744 0.091282
53 0.815995 0.234101 0.144853 0.087409
53 0.176307 0.235976 0.147890 0.090815
53 0.114499 0.432407 0.203593 0.098054
53 0.815454 0.656243 0.148060 0.087897
