54 0.761466 0.589919 0.059967 0.039440
54 0.913845 0.367090 0.059106 0.037215
54 0.243725 0.589497 0.059528 0.038975
54 0.825195 0.588337 0.059672 0.036715
53 0.531455 0.741079 0.145025 0.085431
51 0.755024 0.329192 0.028264 0.035036
54 0.825429 0.169067 0.059053 0.037585
54 0.244129 0.171410 0.060788 0.039107
54 0.761687 0.169839 0.060121 0.039520
54 0.850090 0.367250 0.060000 0.037250
54 0.091962 0.366797 0.058970 0.036724
54 0.156034 0.366948 0.059230 0.037990
54 0.470872 0.102815 0.059417 0.038337
54 0.535131 0.103213 0.059929 0.039817
54 0.179589 0.589150 0.059687 0.037644
54 0.179694 0.170652 0.059057 0.037248
53 0.183413 0.233811 0.144773 0.087221
53 0.504038 0.166412 0.201001 0.098935
53 0.819766 0.651793 0.146942 0.087898
53 0.125557 0.430131 0.199845 0.099060
53 0.212545 0.652123 0.202238 0.100342
53 0.820700 0.233007 0.144910 0.087910
53 0.475594 0.166154 0.144618 0.088330
52 0.488094 0.796286 0.110243 0.014599
53 0.794222 0.231459 0.199795 0.094452
53 0.881584 0.428315 0.202134 0.100454
51 0.692351 0.548741 0.026443 0.039466
