54 0.761651 0.171561 0.062865 0.040440
54 0.826904 0.170853 0.059381 0.039560
51 0.306682 0.604714 0.029331 0.035011
54 0.236327 0.172725 0.060543 0.039911
54 0.146903 0.371406 0.059625 0.037604
54 0.171555 0.172559 0.059855 0.038548
53 0.528007 0.752883 0.146343 0.085513
54 0.235950 0.597597 0.059774 0.041094
53 0.881147 0.435049 0.206344 0.098224
54 0.082414 0.371751 0.060251 0.038123
54 0.171676 0.596058 0.059134 0.037997
53 0.820844 0.235648 0.147015 0.089205
53 0.178707 0.661195 0.151578 0.088367
53 0.205419 0.236527 0.204649 0.099200
53 0.819257 0.660401 0.149452 0.090171
53 0.472867 0.167961 0.149267 0.087947
52 0.498124 0.806503 0.134096 0.016714
53 0.174572 0.237101 0.142675 0.089729
53 0.116169 0.433212 0.206932 0.102317
