53 0.879022 0.432371 0.206340 0.096094
54 0.823629 0.595220 0.060087 0.037543
53 0.525780 0.750860 0.145035 0.086574
54 0.147007 0.371163 0.059399 0.038812
54 0.236421 0.173280 0.060315 0.039329
54 0.758908 0.596078 0.061015 0.038589
54 0.081445 0.370822 0.060322 0.037515
51 0.402336 0.639693 0.029079 0.036582
54 0.171758 0.172691 0.059326 0.037697
53 0.176728 0.236243 0.148744 0.089138
53 0.819191 0.658832 0.145959 0.087987
53 0.499172 0.166820 0.205575 0.098375
53 0.819424 0.234548 0.145976 0.089435
52 0.788634 0.715193 0.133094 0.014626
53 0.088341 0.434642 0.151680 0.090452
53 0.469453 0.167731 0.149278 0.091719
