53 0.525953 0.741279 0.144224 0.085116
54 0.756323 0.589617 0.059024 0.038901
54 0.238604 0.590036 0.059822 0.039525
54 0.819803 0.588451 0.059232 0.037255
54 0.756344 0.170100 0.059654 0.039802
54 0.908078 0.367002 0.059082 0.036132
54 0.844783 0.367668 0.059309 0.037802
54 0.466300 0.102860 0.058328 0.038025
54 0.530339 0.103315 0.058216 0.040414
51 0.213440 0.366614 0.027767 0.035631
54 0.238914 0.171303 0.060308 0.039524
54 0.174614 0.588864 0.060265 0.035799
53 0.090829 0.430541 0.146485 0.089036
54 0.150761 0.367643 0.058808 0.039381
54 0.820598 0.168472 0.058543 0.037114
54 0.086745 0.367166 0.060108 0.036950
54 0.175143 0.170662 0.060699 0.037859
53 0.468919 0.166485 0.142261 0.087475
53 0.901831 0.430212 0.148885 0.088858
53 0.179856 0.652573 0.147373 0.090722
53 0.179116 0.233465 0.145656 0.086749
53 0.814690 0.231716 0.146049 0.087406
54 0.529564 0.664797 0.058297 0.060140
52 0.766654 0.290100 0.093756 0.016041
53 0.815319 0.652399 0.144674 0.088491
53 0.785774 0.651163 0.204774 0.096316
