54 0.850866 0.506843 0.060778 0.039336
54 0.915766 0.506197 0.060778 0.038214
54 0.147051 0.506648 0.060472 0.039591
54 0.113997 0.199814 0.060504 0.037488
51 0.741140 0.589516 0.028406 0.035358
54 0.467526 0.103804 0.058786 0.037564
54 0.082146 0.506317 0.060499 0.038494
54 0.179283 0.201437 0.060343 0.040167
53 0.911899 0.570213 0.147473 0.088413
54 0.531738 0.105079 0.059256 0.040053
53 0.088052 0.570529 0.149676 0.088398
53 0.528231 0.750525 0.147254 0.090056
53 0.876459 0.264013 0.151284 0.090840
53 0.474839 0.167375 0.155652 0.091039
53 0.120614 0.265233 0.153419 0.092050
