54 0.824977 0.595330 0.060213 0.037585
54 0.914565 0.370738 0.059431 0.037893
54 0.825237 0.170681 0.059901 0.038341
54 0.147895 0.370604 0.060245 0.037619
54 0.760545 0.171723 0.061526 0.039228
54 0.237142 0.596203 0.060152 0.039284
54 0.531688 0.105315 0.059423 0.039776
54 0.466946 0.103933 0.058081 0.036957
54 0.850103 0.371090 0.060519 0.038746
54 0.760223 0.595743 0.060334 0.037785
51 0.274900 0.324570 0.030912 0.035646
53 0.527566 0.750786 0.145431 0.085842
54 0.082576 0.370860 0.060111 0.038049
54 0.173052 0.172612 0.060431 0.037841
54 0.172767 0.595147 0.060145 0.037537
53 0.177124 0.236210 0.148147 0.089061
54 0.237330 0.172865 0.060481 0.039175
53 0.177898 0.659233 0.148817 0.090001
53 0.470605 0.168524 0.144864 0.089774
53 0.820013 0.235137 0.146554 0.088102
52 0.852607 0.492228 0.085248 0.015359
53 0.116254 0.433821 0.203498 0.098341
53 0.821634 0.659587 0.142909 0.092282
53 0.881483 0.433317 0.206216 0.101058
53 0.791357 0.658452 0.205693 0.102015
53 0.911605 0.434903 0.145302 0.088968
