51 0.797703 0.510382 0.028389 0.035833
54 0.824205 0.173824 0.059765 0.038027
54 0.759506 0.174774 0.061390 0.039105
53 0.498648 0.169726 0.205366 0.101322
53 0.526196 0.751599 0.146293 0.089088
53 0.090517 0.437315 0.153963 0.088649
53 0.816572 0.662165 0.149148 0.088379
53 0.820170 0.237960 0.144105 0.087269
53 0.903247 0.436607 0.156912 0.090157
53 0.187135 0.662527 0.166200 0.096533
53 0.177598 0.239706 0.148817 0.091116
53 0.205459 0.239012 0.205433 0.097990
51 0.789797 0.403078 0.028123 0.040137
53 0.790178 0.235616 0.206221 0.098056
