54 0.761484 0.590009 0.060051 0.039623
54 0.913863 0.366980 0.059036 0.037069
53 0.531561 0.740908 0.144701 0.084980
53 0.125395 0.429515 0.200354 0.098220
54 0.243772 0.590118 0.059559 0.040293
54 0.850029 0.367328 0.060252 0.037212
53 0.212815 0.233121 0.201448 0.100325
54 0.825236 0.588536 0.059859 0.037134
54 0.761666 0.169874 0.060049 0.039826
54 0.825420 0.168969 0.059070 0.037487
54 0.179567 0.589116 0.059632 0.037621
51 0.685682 0.590943 0.027977 0.035657
53 0.477713 0.165737 0.149804 0.090972
53 0.819967 0.232091 0.146596 0.088562
53 0.819679 0.652962 0.147075 0.087952
53 0.186869 0.652700 0.151172 0.090955
53 0.881491 0.428679 0.202173 0.101273
52 0.792070 0.289859 0.134400 0.016967
