54 0.823592 0.595223 0.060045 0.037694
54 0.913537 0.370404 0.060160 0.037007
54 0.236551 0.595745 0.060099 0.038340
54 0.823794 0.170714 0.059645 0.038415
54 0.758909 0.596029 0.061144 0.038513
51 0.797918 0.507769 0.029387 0.035771
54 0.759761 0.171723 0.060237 0.039590
54 0.848776 0.371062 0.060399 0.038404
54 0.171845 0.595120 0.058747 0.037189
54 0.147046 0.371036 0.059467 0.038562
53 0.526276 0.750889 0.144645 0.084979
53 0.176570 0.236539 0.148798 0.089336
54 0.081589 0.370681 0.060272 0.037543
54 0.236281 0.173510 0.059896 0.038029
53 0.818495 0.658869 0.146560 0.089037
54 0.171691 0.172780 0.059575 0.037618
53 0.820605 0.234378 0.143301 0.087973
53 0.173627 0.659169 0.141290 0.090607
53 0.204675 0.661217 0.205177 0.104574
53 0.910345 0.434016 0.146821 0.088552
53 0.112021 0.434810 0.198895 0.092269
