54 0.845471 0.366906 0.059462 0.037658
54 0.468664 0.104465 0.057587 0.035902
54 0.532849 0.105118 0.058166 0.037640
54 0.092155 0.366331 0.058612 0.036287
54 0.242709 0.587633 0.059504 0.038915
54 0.242772 0.171950 0.059072 0.038856
54 0.908877 0.366475 0.059398 0.036269
54 0.757685 0.170240 0.058835 0.039499
54 0.821606 0.169220 0.059232 0.037918
51 0.544612 0.270351 0.028501 0.035502
53 0.530056 0.739345 0.140648 0.085394
54 0.155969 0.366146 0.058729 0.037958
54 0.179933 0.170741 0.057850 0.038266
53 0.183673 0.234323 0.145411 0.086650
53 0.903330 0.428496 0.145650 0.086210
54 0.178961 0.586386 0.059050 0.037355
53 0.474648 0.167108 0.145867 0.089637
53 0.125947 0.429412 0.198523 0.098508
52 0.504196 0.792456 0.144484 0.016198
53 0.788772 0.649661 0.199049 0.094597
53 0.816720 0.233266 0.142728 0.087466
53 0.787911 0.231189 0.201441 0.094461
53 0.818020 0.649861 0.138966 0.091535
53 0.212303 0.649918 0.201060 0.095187
