54 0.850764 0.507138 0.060822 0.039338
54 0.916266 0.505952 0.059885 0.038929
54 0.531798 0.104480 0.058992 0.038980
54 0.113955 0.199736 0.060450 0.037307
54 0.467452 0.103926 0.059162 0.037930
51 0.403221 0.641753 0.029122 0.035112
54 0.179207 0.200858 0.060006 0.039132
53 0.909517 0.570068 0.152580 0.088592
53 0.877130 0.264637 0.150027 0.089515
53 0.147947 0.262872 0.203895 0.100494
53 0.528507 0.752337 0.145506 0.088300
53 0.501442 0.167986 0.201142 0.099721
53 0.115722 0.568981 0.205141 0.092910
53 0.471347 0.168646 0.145938 0.090053
