53 0.880964 0.430327 0.200972 0.099560
53 0.531752 0.740823 0.143962 0.084886
54 0.825399 0.169080 0.059161 0.037661
54 0.156033 0.367300 0.058443 0.038927
54 0.761701 0.169830 0.060151 0.039552
51 0.408001 0.633027 0.029051 0.034990
53 0.212914 0.652052 0.201931 0.101737
53 0.096031 0.430315 0.148118 0.089467
54 0.092166 0.366814 0.058746 0.036778
53 0.819646 0.652408 0.146453 0.087979
53 0.480746 0.167276 0.154772 0.091818
53 0.821108 0.232946 0.144303 0.087376
53 0.792710 0.231176 0.203213 0.097904
52 0.123694 0.486024 0.137581 0.015310
