54 0.761465 0.590000 0.060093 0.039670
54 0.243795 0.590033 0.059289 0.039967
53 0.532124 0.741104 0.144395 0.085148
54 0.850362 0.367840 0.059647 0.038093
54 0.913822 0.367002 0.059166 0.037031
51 0.313563 0.596974 0.027794 0.034083
54 0.825203 0.588523 0.059926 0.037164
54 0.761666 0.169928 0.060110 0.039871
54 0.825396 0.169126 0.059250 0.037825
54 0.244024 0.171032 0.060267 0.038180
54 0.156178 0.366998 0.058959 0.038160
54 0.179476 0.589100 0.059670 0.037739
53 0.909254 0.430035 0.145798 0.087701
54 0.091441 0.366902 0.059028 0.036472
54 0.470910 0.102837 0.059322 0.038131
54 0.179675 0.170733 0.059250 0.037382
54 0.534709 0.104317 0.059151 0.041264
53 0.820043 0.232710 0.146361 0.087888
53 0.819780 0.653004 0.146899 0.088162
53 0.095704 0.430126 0.146471 0.088778
53 0.476792 0.165206 0.148697 0.090341
54 0.535155 0.664794 0.059784 0.060031
53 0.211843 0.233091 0.202947 0.098221
53 0.185406 0.652523 0.146929 0.090299
53 0.184239 0.234454 0.144917 0.090454
