54 0.916658 0.506304 0.060793 0.038387
54 0.148055 0.506646 0.060911 0.039753
54 0.819655 0.200412 0.059767 0.039396
54 0.852114 0.506969 0.059320 0.039217
54 0.884219 0.199470 0.060693 0.037568
54 0.114828 0.199625 0.060433 0.037216
54 0.083067 0.506300 0.060696 0.038403
54 0.180532 0.201211 0.060917 0.039571
53 0.913751 0.570434 0.145908 0.088183
54 0.468140 0.103784 0.058928 0.037704
53 0.473041 0.168891 0.146783 0.088283
54 0.532766 0.104982 0.059708 0.039923
51 0.545413 0.273733 0.028975 0.036142
53 0.529449 0.752322 0.147232 0.087809
53 0.120709 0.263795 0.148893 0.088269
52 0.485625 0.806759 0.107681 0.016569
53 0.115859 0.571158 0.205631 0.099885
53 0.879671 0.264249 0.146128 0.089649
53 0.091134 0.570915 0.154760 0.090367
53 0.851208 0.262209 0.205874 0.099245
