54 0.832609 0.600587 0.059489 0.038930
54 0.767301 0.601734 0.060705 0.040174
54 0.471271 0.104110 0.060475 0.038055
54 0.239569 0.601471 0.060604 0.040065
54 0.858421 0.374413 0.060446 0.041327
54 0.832977 0.172227 0.060147 0.038525
53 0.208328 0.237954 0.205835 0.101090
54 0.767155 0.172743 0.060373 0.040075
54 0.149442 0.373555 0.060958 0.039110
54 0.083462 0.373612 0.061380 0.039102
54 0.536432 0.105250 0.061474 0.040421
54 0.174420 0.600927 0.061451 0.037991
54 0.922837 0.373393 0.059770 0.038948
53 0.179636 0.665867 0.151172 0.090280
53 0.828433 0.664983 0.148046 0.087120
53 0.474756 0.169315 0.146631 0.088769
51 0.406734 0.646480 0.029069 0.035639
53 0.828207 0.236516 0.148911 0.089180
53 0.532899 0.755776 0.145681 0.088775
53 0.919198 0.438699 0.146108 0.089140
54 0.535539 0.678947 0.061044 0.060608
53 0.117437 0.437317 0.207502 0.102425
52 0.798866 0.294022 0.140692 0.015602
