54 0.240195 0.600989 0.061021 0.039185
54 0.083360 0.373651 0.061444 0.039095
54 0.149305 0.373464 0.060993 0.039325
54 0.174385 0.601033 0.061483 0.037915
53 0.116769 0.438150 0.205567 0.100221
53 0.916940 0.437805 0.148124 0.089344
53 0.480091 0.169926 0.158072 0.090138
53 0.828458 0.665442 0.148086 0.090418
53 0.798432 0.236644 0.208351 0.101857
53 0.532733 0.755959 0.146383 0.090081
51 0.406680 0.646365 0.029149 0.035845
53 0.182068 0.238384 0.152650 0.090278
53 0.206802 0.666127 0.209124 0.104738
53 0.828401 0.236129 0.148390 0.094033
53 0.183914 0.665795 0.160309 0.092288
54 0.536227 0.679366 0.060602 0.061628
