54 0.825042 0.595404 0.060135 0.037738
54 0.237517 0.595645 0.060419 0.038466
54 0.147916 0.370851 0.060179 0.037337
54 0.825146 0.170618 0.059982 0.038400
54 0.760459 0.171442 0.061733 0.039499
54 0.237568 0.172852 0.060424 0.039147
54 0.760296 0.596009 0.060124 0.038029
54 0.172997 0.172739 0.060265 0.037840
54 0.531934 0.104892 0.059368 0.038797
54 0.467004 0.104032 0.058206 0.037207
53 0.527425 0.750685 0.145437 0.086144
54 0.082548 0.370898 0.060088 0.037998
54 0.172618 0.595135 0.059931 0.037326
51 0.403181 0.639999 0.029016 0.036876
53 0.819773 0.234916 0.147678 0.087941
53 0.818066 0.659057 0.149711 0.089368
53 0.472401 0.167783 0.148225 0.089882
53 0.115617 0.433947 0.203814 0.098415
53 0.205741 0.659615 0.204576 0.101200
53 0.175253 0.236960 0.144168 0.089593
52 0.197492 0.295792 0.126439 0.015235
53 0.205445 0.237157 0.206350 0.101099
53 0.177220 0.659117 0.146878 0.091163
