51 0.795380 0.501821 0.028190 0.034982
53 0.530157 0.739047 0.141681 0.085611
53 0.212840 0.649666 0.200381 0.101570
54 0.242830 0.171849 0.059655 0.039083
54 0.757052 0.587354 0.058785 0.038208
53 0.126317 0.426851 0.201449 0.101271
54 0.532857 0.104937 0.058467 0.037920
54 0.179881 0.170788 0.057959 0.038213
54 0.821627 0.586190 0.060112 0.037076
54 0.468703 0.104249 0.057902 0.036480
53 0.901649 0.428480 0.147660 0.086436
53 0.501929 0.166720 0.198417 0.097604
53 0.814908 0.232477 0.145813 0.088196
52 0.209659 0.290166 0.143448 0.017352
53 0.182897 0.233873 0.142561 0.087625
53 0.474692 0.167123 0.145524 0.088923
53 0.787323 0.649564 0.202456 0.097140
53 0.816795 0.650531 0.142923 0.089997
