54 0.155119 0.368377 0.057036 0.038348
54 0.916568 0.367611 0.057497 0.037167
54 0.761931 0.592335 0.060301 0.040167
53 0.532190 0.744680 0.144161 0.088419
51 0.408458 0.633794 0.028976 0.032325
54 0.852612 0.369521 0.057566 0.040402
54 0.827525 0.591145 0.057591 0.037015
54 0.091223 0.367534 0.058293 0.036639
54 0.243650 0.172171 0.059138 0.039666
54 0.762248 0.171379 0.060556 0.039969
54 0.179484 0.171208 0.058879 0.037266
53 0.823866 0.653564 0.143089 0.089112
54 0.827467 0.169382 0.058013 0.037580
53 0.474505 0.167410 0.145689 0.086038
53 0.822432 0.232552 0.144283 0.089792
53 0.913362 0.430740 0.144057 0.089242
53 0.184633 0.234485 0.148220 0.088349
53 0.117276 0.431343 0.191396 0.091832
52 0.792387 0.290400 0.134595 0.016111
54 0.471491 0.669402 0.060204 0.062477
