53 0.798218 0.666234 0.206276 0.102976
54 0.240182 0.174507 0.060187 0.041477
54 0.536403 0.105337 0.061410 0.041615
54 0.175074 0.173484 0.061619 0.038036
53 0.208493 0.665125 0.206253 0.100998
51 0.309712 0.609546 0.029480 0.036305
54 0.471058 0.103905 0.060498 0.038448
53 0.476528 0.169677 0.150001 0.088465
53 0.916775 0.437852 0.148322 0.089669
53 0.798264 0.236870 0.208177 0.101673
53 0.178532 0.237727 0.149614 0.090456
53 0.532765 0.755580 0.147597 0.089839
52 0.207951 0.297385 0.145088 0.017112
53 0.091385 0.437550 0.155059 0.089828
53 0.829095 0.236184 0.146680 0.093971
28 0.572624 0.418445 0.060966 0.118506
