54 0.756583 0.594070 0.060063 0.039266
54 0.821630 0.592615 0.059206 0.038551
54 0.234941 0.172116 0.060293 0.039438
54 0.146445 0.369930 0.059972 0.038710
53 0.524475 0.747995 0.146323 0.084473
53 0.903459 0.433456 0.148270 0.088064
54 0.170571 0.171463 0.060380 0.038982
53 0.787433 0.234149 0.203308 0.099440
51 0.400572 0.637821 0.029011 0.037895
54 0.081198 0.369243 0.060170 0.037392
53 0.086711 0.433566 0.148065 0.089877
53 0.175941 0.235834 0.147191 0.090536
53 0.815176 0.656783 0.147759 0.089113
53 0.177756 0.657266 0.150518 0.090944
52 0.115851 0.489224 0.142463 0.017267
53 0.480255 0.167435 0.171354 0.092996
53 0.819563 0.233985 0.139589 0.090293
