51 0.754747 0.335017 0.028605 0.033783
54 0.826331 0.596620 0.058521 0.036789
54 0.235265 0.596833 0.059447 0.039268
54 0.145738 0.371400 0.059205 0.037483
54 0.171217 0.596450 0.058410 0.036539
54 0.914704 0.371202 0.059188 0.037377
54 0.530695 0.105000 0.058756 0.039111
54 0.234923 0.173866 0.059638 0.040706
54 0.171078 0.172860 0.059040 0.037652
54 0.826000 0.170709 0.059653 0.039283
54 0.760569 0.597273 0.059991 0.039623
54 0.760437 0.171593 0.061752 0.040849
54 0.849831 0.372735 0.060095 0.040053
54 0.466169 0.104129 0.057945 0.037002
54 0.081187 0.371106 0.058690 0.036785
53 0.821633 0.235687 0.144485 0.090779
53 0.527492 0.752645 0.144358 0.088647
53 0.174781 0.236086 0.146689 0.088426
53 0.174496 0.660169 0.145138 0.088924
53 0.822305 0.660890 0.144686 0.088822
53 0.468657 0.168401 0.145697 0.086705
53 0.909730 0.435892 0.150569 0.089433
53 0.084858 0.435372 0.144863 0.089065
53 0.115274 0.434372 0.205490 0.094624
52 0.204849 0.716501 0.145807 0.015071
53 0.202949 0.659380 0.204233 0.098521
