53 0.204831 0.236752 0.202821 0.100854
54 0.758752 0.171611 0.061038 0.039790
54 0.146783 0.370638 0.058740 0.037270
54 0.823168 0.170546 0.060012 0.038605
53 0.526178 0.749823 0.144286 0.089101
53 0.789031 0.658072 0.203025 0.102765
53 0.905050 0.434081 0.152297 0.088693
54 0.081606 0.370370 0.059918 0.037547
53 0.472822 0.167269 0.152510 0.089606
53 0.818704 0.234773 0.146202 0.088104
53 0.179901 0.659584 0.153333 0.090809
52 0.114058 0.490603 0.139338 0.017301
51 0.305975 0.599936 0.027793 0.029521
53 0.085467 0.434171 0.145948 0.089309
