54 0.916190 0.506808 0.061008 0.038102
54 0.147068 0.506959 0.060203 0.039477
54 0.819217 0.200502 0.059999 0.039380
54 0.851425 0.507226 0.060104 0.039387
54 0.113997 0.199837 0.060453 0.037281
54 0.883863 0.199805 0.060987 0.037633
54 0.467768 0.103844 0.058876 0.037663
53 0.913362 0.570136 0.145932 0.087923
54 0.179404 0.201602 0.060114 0.040168
54 0.082148 0.506805 0.060502 0.038255
54 0.531842 0.105055 0.059134 0.039862
53 0.472209 0.168360 0.146358 0.087356
51 0.544144 0.273689 0.028699 0.036011
53 0.120589 0.263880 0.152186 0.089695
53 0.528087 0.752960 0.147694 0.087289
53 0.115087 0.571235 0.204828 0.099976
52 0.499570 0.806693 0.139890 0.015610
53 0.878411 0.264495 0.147831 0.089220
51 0.762018 0.545166 0.024756 0.034562
53 0.090562 0.571094 0.154812 0.091094
53 0.850492 0.262357 0.205951 0.099263
