53 0.524379 0.740928 0.145044 0.085298
54 0.237525 0.589619 0.059981 0.039054
54 0.755114 0.589667 0.059509 0.038778
54 0.755132 0.170017 0.059943 0.039477
54 0.819039 0.588311 0.059353 0.037059
54 0.237886 0.171422 0.060272 0.039991
53 0.900370 0.429487 0.150085 0.087602
54 0.529402 0.103157 0.058665 0.040039
54 0.149637 0.367391 0.059799 0.038807
54 0.464586 0.102640 0.058790 0.038456
54 0.819096 0.169256 0.058621 0.038204
54 0.173376 0.588944 0.059479 0.036765
53 0.088993 0.430519 0.144414 0.088706
54 0.173882 0.170675 0.060124 0.038008
54 0.085670 0.367022 0.060314 0.036759
53 0.178312 0.233525 0.145837 0.089254
53 0.468637 0.166735 0.143979 0.088087
53 0.813593 0.232143 0.147741 0.088172
53 0.206380 0.652548 0.201621 0.100751
53 0.178670 0.652573 0.146653 0.089855
53 0.813938 0.652448 0.146989 0.088782
54 0.528515 0.664565 0.058836 0.060925
