54 0.824118 0.597700 0.059479 0.037240
54 0.824229 0.173831 0.059783 0.037954
51 0.273557 0.328620 0.029594 0.036742
54 0.530662 0.107750 0.060077 0.039799
54 0.759449 0.599182 0.059988 0.039286
54 0.465613 0.107422 0.059224 0.038257
54 0.236401 0.176926 0.059845 0.041229
54 0.759552 0.174777 0.061439 0.039042
54 0.172012 0.175311 0.058654 0.037714
53 0.178445 0.662724 0.152378 0.089077
54 0.236556 0.599194 0.060014 0.039834
54 0.171606 0.598085 0.059826 0.037227
54 0.081454 0.373606 0.060617 0.038272
54 0.913622 0.373700 0.060015 0.038417
53 0.176505 0.240060 0.148622 0.088441
54 0.848904 0.374325 0.060221 0.038972
52 0.868664 0.494559 0.124583 0.013751
54 0.146974 0.374561 0.060233 0.039406
53 0.818682 0.663175 0.146760 0.088619
53 0.526770 0.752891 0.142899 0.088166
53 0.087405 0.437979 0.149621 0.088690
53 0.819475 0.238005 0.145186 0.087196
53 0.467912 0.171206 0.142751 0.088544
53 0.499644 0.169642 0.201464 0.099539
53 0.912977 0.438306 0.137738 0.087239
51 0.790491 0.402669 0.028275 0.037868
