54 0.825117 0.595477 0.060395 0.037832
53 0.880998 0.433720 0.204068 0.099689
53 0.116553 0.433212 0.204508 0.099718
54 0.825219 0.170920 0.060183 0.038085
51 0.683883 0.596398 0.029166 0.034400
53 0.527852 0.752184 0.145796 0.086686
54 0.760570 0.172122 0.061543 0.038586
54 0.760327 0.595905 0.060358 0.038109
53 0.180126 0.236405 0.151671 0.089777
53 0.820115 0.234392 0.147315 0.089375
53 0.473815 0.167051 0.151695 0.089932
53 0.791373 0.658981 0.206115 0.102342
52 0.497713 0.805264 0.134684 0.015126
53 0.821032 0.659985 0.144744 0.089793
53 0.186264 0.660826 0.162866 0.095756
