54 0.825025 0.595443 0.060356 0.037662
54 0.914465 0.370789 0.059746 0.038089
54 0.237487 0.595653 0.060500 0.038411
54 0.825161 0.170680 0.059993 0.038346
53 0.206050 0.236835 0.203373 0.100297
54 0.760526 0.171587 0.061739 0.039321
54 0.147938 0.370743 0.060189 0.037881
54 0.850060 0.371300 0.060716 0.039206
54 0.760302 0.596006 0.060079 0.038071
53 0.527560 0.750692 0.145072 0.085696
54 0.532015 0.104864 0.059354 0.038730
54 0.467041 0.104013 0.058182 0.037131
54 0.172570 0.595103 0.059847 0.037368
54 0.082562 0.370875 0.060103 0.038139
51 0.403172 0.640036 0.028998 0.036889
53 0.818143 0.659135 0.149436 0.088928
53 0.819552 0.235112 0.147636 0.087839
53 0.472229 0.167943 0.147816 0.088782
51 0.230056 0.491386 0.026520 0.033772
53 0.205695 0.659581 0.204596 0.100972
53 0.115296 0.434216 0.203339 0.099598
53 0.910005 0.434881 0.148178 0.088093
53 0.178295 0.658936 0.149040 0.091189
53 0.880922 0.434183 0.205238 0.091392
