53 0.524684 0.748135 0.145473 0.087026
51 0.304589 0.601438 0.028809 0.033682
54 0.146275 0.369371 0.059252 0.037647
54 0.235089 0.594134 0.060130 0.039091
53 0.903665 0.433587 0.147615 0.088027
54 0.234924 0.172154 0.060298 0.039445
54 0.170495 0.593052 0.060443 0.036924
54 0.081219 0.369373 0.060116 0.037727
53 0.787336 0.234063 0.203178 0.099203
54 0.170577 0.171524 0.060367 0.039014
53 0.176866 0.656918 0.149358 0.091438
53 0.788190 0.657536 0.201961 0.098491
53 0.114340 0.432591 0.203703 0.097889
53 0.176006 0.235924 0.147387 0.090585
53 0.480051 0.167457 0.170968 0.092866
28 0.563439 0.413289 0.060151 0.121923
53 0.819316 0.233851 0.139982 0.089965
53 0.817298 0.657265 0.142893 0.092708
52 0.204751 0.712359 0.136056 0.016592
