51 0.273541 0.328811 0.029689 0.036735
54 0.824221 0.173815 0.059760 0.038013
54 0.530668 0.107704 0.060029 0.039512
54 0.236419 0.176912 0.059848 0.041167
54 0.465722 0.107281 0.059052 0.037713
54 0.759502 0.174786 0.061355 0.039113
54 0.172013 0.175290 0.058654 0.037673
53 0.176327 0.240169 0.148372 0.088154
53 0.089661 0.436938 0.153155 0.089096
53 0.526264 0.753395 0.144046 0.087262
53 0.498890 0.170005 0.203144 0.098982
53 0.816326 0.661751 0.149329 0.088664
53 0.820225 0.237830 0.143980 0.087153
52 0.500192 0.228229 0.141331 0.017623
53 0.176679 0.662047 0.147056 0.091865
53 0.205550 0.660702 0.205130 0.097794
53 0.468366 0.170983 0.143770 0.087867
53 0.790269 0.235421 0.205542 0.097080
