51 0.217205 0.361836 0.028433 0.035506
54 0.819186 0.200501 0.059934 0.039348
54 0.147093 0.506933 0.060158 0.039461
54 0.114001 0.199851 0.060455 0.037273
54 0.467766 0.103844 0.058943 0.037629
54 0.883889 0.199617 0.060860 0.037389
54 0.531836 0.105064 0.059219 0.039845
53 0.910293 0.570149 0.149431 0.087826
54 0.179414 0.201603 0.060114 0.040163
54 0.082150 0.506808 0.060482 0.038279
53 0.471774 0.168575 0.145460 0.087769
53 0.528630 0.753344 0.146535 0.086946
53 0.120457 0.264143 0.152088 0.090118
53 0.878779 0.264499 0.146751 0.089812
53 0.115043 0.571215 0.204869 0.099811
52 0.499186 0.807074 0.136130 0.016404
53 0.091068 0.570963 0.155765 0.091022
53 0.850704 0.262338 0.205329 0.099445
