54 0.822960 0.594915 0.060013 0.037839
53 0.205057 0.236833 0.202681 0.101276
51 0.753181 0.331954 0.029520 0.037112
54 0.823169 0.170481 0.059961 0.038295
53 0.115939 0.431675 0.204974 0.101349
54 0.758710 0.171681 0.060661 0.039628
54 0.757782 0.595786 0.060918 0.037809
53 0.525971 0.748168 0.146235 0.089358
53 0.472806 0.167395 0.152566 0.089601
53 0.905493 0.434167 0.151792 0.088177
53 0.819143 0.234076 0.146081 0.087620
53 0.184362 0.659243 0.162502 0.094009
52 0.790788 0.290856 0.140176 0.015430
53 0.789422 0.656793 0.205375 0.102794
53 0.819237 0.658605 0.144112 0.091712
