54 0.827082 0.596152 0.059136 0.038093
51 0.306739 0.604711 0.029364 0.034937
54 0.826904 0.170829 0.059319 0.039658
54 0.761582 0.171730 0.062881 0.040343
54 0.236340 0.172723 0.060487 0.039878
54 0.761464 0.596649 0.061649 0.039083
54 0.235938 0.597642 0.059752 0.041227
54 0.171506 0.172566 0.059955 0.038609
54 0.146985 0.372075 0.060423 0.039877
54 0.171622 0.596071 0.059203 0.038061
54 0.082415 0.371565 0.060333 0.037889
53 0.820197 0.660198 0.149581 0.088679
53 0.821260 0.236169 0.147868 0.092360
53 0.178577 0.661375 0.151438 0.088579
53 0.205323 0.236568 0.204325 0.098910
53 0.881460 0.435523 0.206950 0.100010
53 0.086436 0.436192 0.146209 0.088785
53 0.528722 0.752079 0.145160 0.088669
53 0.174684 0.237195 0.142848 0.089972
