54 0.827645 0.596383 0.059547 0.037903
54 0.827404 0.170970 0.059525 0.039837
54 0.147135 0.371623 0.060405 0.038168
54 0.236483 0.172818 0.060632 0.039900
54 0.916309 0.371677 0.060744 0.038736
54 0.762055 0.171385 0.062965 0.040039
51 0.403276 0.642745 0.029432 0.035688
54 0.851602 0.372308 0.059676 0.040022
54 0.762209 0.597755 0.061999 0.039510
54 0.467753 0.103830 0.059056 0.037625
54 0.171650 0.172731 0.059871 0.038390
54 0.236604 0.597689 0.060463 0.039863
53 0.471735 0.168942 0.145879 0.088630
54 0.082406 0.371990 0.060210 0.037799
54 0.171727 0.596405 0.058942 0.037729
54 0.531588 0.105474 0.059836 0.040685
53 0.178043 0.661450 0.150338 0.088376
53 0.821490 0.660813 0.147054 0.088305
53 0.821786 0.236036 0.145916 0.088694
51 0.230075 0.492299 0.026476 0.033402
53 0.528823 0.752437 0.145133 0.088760
53 0.115258 0.435794 0.204052 0.099863
53 0.205098 0.237607 0.206471 0.100995
53 0.174506 0.237685 0.143126 0.089240
52 0.197615 0.296177 0.127278 0.016029
53 0.792562 0.233871 0.206630 0.098204
53 0.910447 0.435901 0.150580 0.091229
51 0.792888 0.400925 0.028750 0.038686
