51 0.280819 0.321322 0.028784 0.036766
54 0.821623 0.586432 0.059989 0.037374
54 0.821660 0.169430 0.059118 0.038295
54 0.757222 0.170431 0.059669 0.038944
54 0.756819 0.587604 0.059432 0.038597
54 0.092811 0.366141 0.058305 0.036513
53 0.097156 0.428014 0.144395 0.086266
54 0.156056 0.366385 0.059044 0.038357
53 0.529882 0.738983 0.142568 0.085611
53 0.878901 0.429038 0.193298 0.096888
53 0.816805 0.233032 0.141860 0.086860
53 0.186645 0.234340 0.148202 0.087546
53 0.476167 0.166761 0.150591 0.089224
53 0.790128 0.231439 0.195991 0.093985
53 0.819142 0.650109 0.139117 0.089120
53 0.191773 0.649595 0.159276 0.092931
