54 0.823654 0.595205 0.060029 0.037654
54 0.913432 0.370635 0.060333 0.037692
54 0.530892 0.104986 0.058686 0.038542
51 0.753073 0.332610 0.029817 0.035026
54 0.758863 0.596130 0.061123 0.038553
54 0.759418 0.171610 0.060581 0.039618
54 0.848670 0.371493 0.060332 0.039959
54 0.466058 0.104210 0.058313 0.036686
54 0.147036 0.370905 0.059660 0.038340
53 0.525944 0.750773 0.146296 0.088214
54 0.823910 0.170698 0.060046 0.038671
54 0.236064 0.596601 0.059807 0.039591
54 0.236237 0.173130 0.059854 0.039152
54 0.171581 0.172890 0.059357 0.037730
54 0.171538 0.595046 0.059515 0.037265
54 0.081444 0.370832 0.060543 0.037524
53 0.177461 0.659466 0.150272 0.090446
53 0.818546 0.658932 0.146629 0.088667
53 0.819729 0.235262 0.143722 0.087372
53 0.176441 0.236544 0.146698 0.091339
53 0.469227 0.168080 0.146693 0.090872
53 0.908002 0.434610 0.149418 0.088766
53 0.114929 0.433704 0.205055 0.098906
