54 0.155176 0.368477 0.057018 0.038511
54 0.761939 0.592345 0.060290 0.040033
54 0.916574 0.367594 0.057511 0.037185
54 0.852765 0.369533 0.057234 0.040482
54 0.243670 0.172162 0.059332 0.039609
54 0.091278 0.367539 0.058208 0.036594
54 0.827535 0.591143 0.057532 0.036980
54 0.762351 0.171174 0.060813 0.039514
53 0.532475 0.744037 0.143011 0.089046
54 0.179398 0.591714 0.058573 0.036376
54 0.179469 0.171152 0.058893 0.037197
53 0.823896 0.653892 0.143380 0.089453
54 0.827529 0.169362 0.057932 0.037438
53 0.822754 0.232991 0.144704 0.089595
54 0.471134 0.103519 0.059468 0.036989
54 0.243268 0.591827 0.058010 0.038596
53 0.474550 0.166238 0.145262 0.086593
54 0.536043 0.104372 0.059308 0.039064
53 0.182908 0.234130 0.144685 0.088328
53 0.913428 0.430643 0.144180 0.089132
51 0.687147 0.593327 0.028379 0.032396
54 0.535640 0.666515 0.059658 0.060048
53 0.098989 0.431127 0.156180 0.088907
52 0.120636 0.487419 0.132480 0.015392
53 0.182422 0.654040 0.142626 0.090282
53 0.211604 0.653781 0.203758 0.102403
