54 0.833374 0.600859 0.058837 0.037835
54 0.239620 0.601565 0.061145 0.040548
54 0.767644 0.601521 0.060529 0.040003
54 0.083387 0.373553 0.061426 0.038976
54 0.174371 0.600819 0.061484 0.038041
54 0.149226 0.374621 0.060675 0.041292
51 0.406750 0.646378 0.029087 0.035449
53 0.179800 0.665703 0.151146 0.090786
53 0.888016 0.437368 0.206474 0.100966
53 0.478749 0.169188 0.154742 0.089786
53 0.532765 0.755883 0.146681 0.089263
53 0.088746 0.438909 0.150011 0.089090
53 0.183211 0.238041 0.154779 0.091371
53 0.830471 0.665020 0.145261 0.088265
53 0.798381 0.235858 0.207816 0.102714
53 0.825561 0.236315 0.153568 0.093346
52 0.802864 0.721196 0.147920 0.015886
54 0.536185 0.679125 0.060428 0.061205
