54 0.825114 0.595561 0.060409 0.037855
54 0.915478 0.371132 0.060322 0.038364
54 0.147022 0.370784 0.060040 0.038106
54 0.825274 0.170934 0.060034 0.038021
54 0.531772 0.104735 0.059839 0.041163
54 0.237212 0.596384 0.060831 0.039727
54 0.466054 0.103235 0.059413 0.038553
54 0.760589 0.172135 0.061522 0.038596
54 0.760265 0.596002 0.060406 0.038134
54 0.850340 0.371391 0.060857 0.039188
54 0.082496 0.371256 0.060132 0.038036
54 0.171981 0.595522 0.061368 0.037782
51 0.403184 0.640384 0.028710 0.035908
53 0.528255 0.751548 0.145015 0.087118
53 0.820066 0.235364 0.146691 0.088493
53 0.115992 0.434441 0.203190 0.098124
53 0.178337 0.660484 0.150608 0.090126
53 0.472194 0.167137 0.149038 0.090527
53 0.881695 0.433443 0.205606 0.100365
53 0.791607 0.658894 0.205865 0.102109
53 0.822041 0.659986 0.142589 0.092317
