53 0.116068 0.570897 0.205584 0.098494
54 0.916847 0.506529 0.060014 0.039081
54 0.819239 0.200615 0.060006 0.039686
54 0.851449 0.507338 0.059887 0.039032
54 0.883906 0.199757 0.060949 0.037709
53 0.912247 0.570250 0.148437 0.088003
51 0.544212 0.273946 0.028764 0.036416
53 0.474492 0.168699 0.152182 0.087996
53 0.528444 0.751001 0.147443 0.090655
53 0.878466 0.264516 0.147508 0.089325
53 0.147303 0.261782 0.205049 0.098661
53 0.850282 0.263010 0.203448 0.096979
52 0.884386 0.627592 0.139974 0.015747
53 0.122964 0.263685 0.155593 0.089911
