51 0.806724 0.511761 0.028400 0.035397
54 0.239803 0.601231 0.061116 0.039333
54 0.767782 0.172424 0.061400 0.039675
54 0.832600 0.172088 0.059494 0.038693
54 0.083371 0.373641 0.061476 0.039175
54 0.149291 0.373493 0.061015 0.039350
54 0.174383 0.601132 0.061499 0.038032
53 0.478964 0.169106 0.154932 0.090693
53 0.917204 0.437622 0.148312 0.089289
53 0.116853 0.438270 0.205558 0.100379
53 0.181943 0.238609 0.152332 0.090175
53 0.828355 0.665240 0.148196 0.089524
53 0.207178 0.664685 0.208361 0.102881
53 0.827799 0.236878 0.148919 0.090133
53 0.183966 0.665690 0.160210 0.092408
53 0.532582 0.756594 0.148514 0.091491
52 0.495116 0.812753 0.126111 0.015595
54 0.535983 0.678746 0.060594 0.060440
