54 0.819383 0.201208 0.059478 0.040727
51 0.217206 0.361862 0.028443 0.035543
54 0.147102 0.506928 0.060147 0.039447
54 0.467755 0.103860 0.058916 0.037624
54 0.114005 0.199870 0.060463 0.037287
54 0.883819 0.199659 0.060776 0.037476
54 0.531864 0.105086 0.059098 0.039853
54 0.082151 0.506811 0.060490 0.038272
54 0.179419 0.201608 0.060122 0.040163
53 0.528047 0.753082 0.146956 0.086132
53 0.471291 0.168390 0.144728 0.087391
53 0.880171 0.264624 0.144399 0.089340
53 0.910034 0.570246 0.149839 0.087419
53 0.120617 0.264245 0.152111 0.090133
52 0.499726 0.806785 0.139533 0.015949
53 0.115034 0.571279 0.204861 0.099972
53 0.090898 0.571255 0.155494 0.091410
