51 0.761547 0.334784 0.029539 0.036399
54 0.833264 0.601123 0.059072 0.038346
54 0.767763 0.172468 0.061449 0.039570
54 0.832611 0.172092 0.059540 0.038682
54 0.767497 0.601681 0.060347 0.040516
54 0.083364 0.373645 0.061512 0.039080
54 0.149198 0.373655 0.060765 0.039723
53 0.208199 0.664373 0.205891 0.101925
53 0.116880 0.438144 0.205608 0.100413
53 0.829695 0.664697 0.146629 0.088865
53 0.916863 0.437909 0.148152 0.089308
53 0.479599 0.169218 0.157528 0.088362
53 0.182326 0.238685 0.153242 0.090823
53 0.827648 0.236817 0.150324 0.089796
53 0.531849 0.755021 0.150669 0.089625
52 0.796522 0.721435 0.138059 0.015542
