53 0.525026 0.740722 0.143609 0.085532
51 0.792834 0.502754 0.027404 0.034682
54 0.755007 0.170277 0.059672 0.039891
54 0.755236 0.589626 0.059612 0.038792
54 0.818823 0.588441 0.059591 0.037290
54 0.149697 0.367584 0.059932 0.038808
54 0.843731 0.367535 0.059630 0.037495
54 0.907076 0.366842 0.058620 0.036744
54 0.238019 0.170814 0.059803 0.039843
54 0.528894 0.103590 0.057434 0.040285
54 0.818804 0.169388 0.059093 0.037757
53 0.091527 0.430821 0.150573 0.089514
53 0.900672 0.429994 0.149496 0.087896
53 0.470260 0.167727 0.147687 0.088629
54 0.173859 0.170238 0.060277 0.038461
53 0.206993 0.652402 0.200461 0.102072
54 0.085506 0.367177 0.060342 0.037007
53 0.813300 0.232274 0.147133 0.087820
54 0.465103 0.103428 0.059159 0.037351
53 0.177274 0.234074 0.143791 0.089174
54 0.528529 0.664614 0.058439 0.059574
53 0.786736 0.652105 0.203924 0.097816
52 0.113122 0.485743 0.131557 0.015988
53 0.815961 0.652593 0.142146 0.090604
