54 0.827737 0.596353 0.059294 0.037919
51 0.755507 0.333193 0.029094 0.035213
54 0.827323 0.170962 0.059679 0.039707
54 0.762163 0.597703 0.062063 0.039445
54 0.236490 0.172785 0.060671 0.039946
54 0.916320 0.371705 0.060676 0.038745
54 0.761983 0.171498 0.062922 0.039947
54 0.851659 0.372247 0.059557 0.039838
54 0.147094 0.371499 0.060304 0.038631
54 0.171632 0.172748 0.059885 0.038469
54 0.236276 0.598063 0.060035 0.040761
54 0.082423 0.371991 0.060282 0.037916
54 0.467771 0.103839 0.058926 0.037706
54 0.171774 0.596538 0.060684 0.038049
54 0.531999 0.105131 0.059507 0.040357
53 0.528808 0.752834 0.144713 0.087395
53 0.472385 0.168945 0.147221 0.088291
53 0.178882 0.661898 0.151906 0.088969
52 0.487424 0.807957 0.111353 0.016517
53 0.821582 0.236014 0.145936 0.088945
53 0.115500 0.435549 0.204347 0.099657
53 0.821536 0.660635 0.147248 0.088577
53 0.205011 0.236344 0.204973 0.099193
53 0.175664 0.237273 0.144794 0.090111
53 0.910927 0.436012 0.149795 0.091175
