54 0.530958 0.104924 0.058695 0.038414
53 0.526433 0.750933 0.145634 0.085397
54 0.147043 0.370994 0.059527 0.038795
54 0.466028 0.104211 0.058451 0.036554
51 0.210162 0.369583 0.028939 0.035473
53 0.906530 0.434297 0.150443 0.090187
54 0.236236 0.173115 0.059838 0.039122
54 0.081421 0.370824 0.060489 0.037511
54 0.171613 0.172885 0.059295 0.037724
53 0.469518 0.167899 0.147794 0.089121
53 0.817628 0.658943 0.148241 0.089838
53 0.820111 0.234787 0.145450 0.089292
53 0.175533 0.235985 0.145399 0.089542
53 0.086672 0.434900 0.148200 0.090410
52 0.502086 0.803791 0.134649 0.013465
53 0.116257 0.434147 0.206362 0.095659
