54 0.826381 0.596691 0.058424 0.036708
54 0.235112 0.596822 0.059152 0.039350
54 0.145748 0.371374 0.059287 0.037531
54 0.170825 0.596480 0.059641 0.036756
54 0.914709 0.371195 0.059183 0.037439
54 0.826041 0.170733 0.059608 0.039402
54 0.530723 0.104893 0.058897 0.038951
54 0.235004 0.173832 0.059596 0.040622
54 0.170969 0.172827 0.059250 0.037662
54 0.760438 0.171647 0.061724 0.040761
54 0.081188 0.371121 0.058722 0.036873
54 0.849809 0.372696 0.060108 0.040085
51 0.306297 0.605466 0.028935 0.032423
54 0.760580 0.597395 0.059971 0.039616
54 0.465248 0.104126 0.059445 0.037112
53 0.821527 0.235399 0.144706 0.090390
53 0.175002 0.660138 0.145761 0.089639
53 0.175511 0.236268 0.148142 0.087602
53 0.822301 0.661003 0.144270 0.089751
52 0.480818 0.226023 0.103237 0.015723
53 0.527657 0.753229 0.144717 0.088327
53 0.468409 0.168772 0.145396 0.086542
53 0.911356 0.435426 0.147736 0.088744
53 0.113383 0.434342 0.202831 0.099038
53 0.203572 0.658762 0.203570 0.096412
