54 0.822988 0.594931 0.060073 0.037774
51 0.752800 0.332230 0.029751 0.035280
54 0.912981 0.370289 0.060477 0.037641
53 0.525677 0.750683 0.145915 0.086086
54 0.848138 0.371354 0.060352 0.039615
54 0.758754 0.171630 0.060946 0.039663
54 0.757887 0.595611 0.060695 0.037438
54 0.236239 0.172902 0.060066 0.039137
54 0.235807 0.595886 0.059820 0.037515
54 0.530569 0.104720 0.058909 0.038601
54 0.823130 0.170551 0.060044 0.038570
54 0.466034 0.104057 0.058209 0.036962
54 0.146888 0.370883 0.059611 0.038833
54 0.171515 0.172742 0.059474 0.037596
54 0.081346 0.370363 0.060334 0.037173
54 0.171654 0.594541 0.061012 0.037066
53 0.471590 0.168116 0.149848 0.089400
53 0.176150 0.659051 0.147764 0.088940
53 0.818716 0.234943 0.146189 0.087575
53 0.204421 0.235210 0.203694 0.099178
53 0.908139 0.434182 0.147830 0.088257
53 0.789325 0.657371 0.204409 0.100868
53 0.175136 0.236260 0.144576 0.090092
53 0.086542 0.434516 0.147464 0.088825
53 0.821325 0.658275 0.139472 0.092116
52 0.495616 0.803654 0.131390 0.013869
