54 0.761493 0.589982 0.060002 0.037409
54 0.825308 0.588322 0.059207 0.035891
54 0.850344 0.367802 0.059639 0.038059
54 0.243838 0.589900 0.059465 0.039580
54 0.913849 0.366997 0.059097 0.037028
51 0.546852 0.270187 0.029526 0.035309
54 0.761670 0.169947 0.060047 0.039829
54 0.825419 0.169107 0.059240 0.037740
53 0.531026 0.741335 0.145630 0.086431
54 0.244027 0.171043 0.060475 0.038226
54 0.155860 0.366987 0.058856 0.038206
54 0.179676 0.170736 0.059340 0.037387
54 0.092125 0.366844 0.058924 0.036910
54 0.470889 0.102808 0.059362 0.038169
54 0.534706 0.104196 0.059138 0.041068
53 0.909272 0.430086 0.145816 0.087565
54 0.179575 0.589036 0.059615 0.037452
53 0.477610 0.165745 0.148820 0.090714
53 0.820564 0.231657 0.146284 0.088387
53 0.820448 0.652187 0.145438 0.086830
53 0.186953 0.652774 0.151233 0.091022
52 0.503597 0.795622 0.143807 0.015044
54 0.534752 0.664016 0.059442 0.060713
53 0.211778 0.232749 0.203426 0.099265
53 0.106624 0.429784 0.167855 0.092240
53 0.184419 0.233676 0.145782 0.087319
