53 0.526164 0.741133 0.143696 0.085558
54 0.238623 0.590003 0.059903 0.039441
54 0.756253 0.589559 0.058970 0.038700
54 0.819892 0.588296 0.059112 0.036817
53 0.090420 0.430376 0.145818 0.088738
54 0.238902 0.171265 0.060328 0.039449
54 0.174611 0.588842 0.060277 0.035794
51 0.308515 0.596721 0.029647 0.033683
54 0.175144 0.170661 0.060723 0.037873
53 0.899905 0.429277 0.153369 0.088069
54 0.086754 0.367175 0.060112 0.036984
54 0.150702 0.367703 0.058781 0.039622
53 0.470789 0.166081 0.147498 0.090496
53 0.179465 0.233272 0.145704 0.086079
53 0.179993 0.652563 0.147534 0.090490
53 0.813205 0.232642 0.149085 0.087625
54 0.529413 0.664971 0.058282 0.060062
28 0.529895 0.665179 0.057681 0.060699
