54 0.761455 0.590016 0.060077 0.039678
54 0.850364 0.367797 0.059648 0.037928
54 0.243768 0.590003 0.059366 0.039938
53 0.531727 0.741206 0.144774 0.084834
54 0.913885 0.367024 0.059044 0.036918
51 0.313580 0.596943 0.027880 0.034127
54 0.825228 0.588551 0.059988 0.037152
54 0.091395 0.366976 0.058920 0.036521
54 0.156055 0.366933 0.059144 0.037981
54 0.244041 0.171013 0.060325 0.038188
54 0.179530 0.589107 0.059624 0.037595
53 0.909475 0.430097 0.146773 0.087964
54 0.179680 0.170724 0.059281 0.037385
53 0.818633 0.232394 0.150212 0.087573
53 0.477151 0.167060 0.148917 0.092019
53 0.819686 0.652928 0.147145 0.088033
53 0.211780 0.233457 0.203433 0.098460
53 0.125506 0.430132 0.199696 0.098904
53 0.185647 0.652517 0.147357 0.090235
54 0.535187 0.664907 0.059625 0.060252
53 0.183539 0.234524 0.143667 0.090363
