51 0.790832 0.355039 0.029809 0.035997
54 0.915812 0.506237 0.060678 0.038399
54 0.818664 0.201108 0.060046 0.040337
54 0.850910 0.506862 0.060690 0.039525
53 0.500741 0.168707 0.202854 0.100445
54 0.883363 0.199506 0.061061 0.037422
53 0.528510 0.752515 0.146288 0.086697
53 0.911150 0.570594 0.149101 0.089435
53 0.878192 0.264168 0.147435 0.090098
52 0.499896 0.806163 0.138253 0.016257
53 0.146244 0.262424 0.203319 0.097359
53 0.122547 0.263983 0.155640 0.089035
53 0.115916 0.570108 0.205772 0.099133
