54 0.780345 0.589613 0.059291 0.038670
53 0.550121 0.740912 0.144947 0.085570
51 0.773822 0.329538 0.029228 0.036590
54 0.844016 0.588328 0.059375 0.037059
54 0.262767 0.589583 0.060151 0.038917
54 0.780381 0.170045 0.059767 0.039326
54 0.263174 0.170775 0.059922 0.039760
54 0.869024 0.367599 0.059549 0.037638
54 0.198593 0.588883 0.059595 0.035849
54 0.844235 0.169159 0.058323 0.037795
53 0.927770 0.430202 0.144106 0.087963
54 0.199038 0.170207 0.060184 0.038384
54 0.174896 0.367516 0.059686 0.038699
54 0.932405 0.366693 0.058644 0.036554
54 0.110945 0.367088 0.060400 0.036773
53 0.116402 0.430292 0.149145 0.087903
53 0.839780 0.232185 0.145942 0.088260
53 0.231561 0.652307 0.201672 0.100992
54 0.553728 0.664831 0.058237 0.059756
53 0.811924 0.652171 0.203505 0.097617
53 0.202771 0.234045 0.144295 0.088761
52 0.520487 0.795558 0.132672 0.014136
53 0.204442 0.652672 0.147647 0.090168
51 0.711454 0.547809 0.026942 0.039784
53 0.840751 0.652167 0.142731 0.090247
