54 0.468684 0.104423 0.057454 0.035916
53 0.529854 0.739025 0.141629 0.085173
54 0.532760 0.105119 0.058005 0.037628
54 0.242785 0.171950 0.059099 0.038830
54 0.242411 0.587584 0.058936 0.038797
54 0.821567 0.586243 0.060079 0.037085
51 0.406437 0.631134 0.029352 0.034940
54 0.756942 0.587525 0.059204 0.038610
54 0.092649 0.365926 0.058133 0.036432
54 0.156055 0.366197 0.058618 0.037889
54 0.180022 0.170643 0.057930 0.038403
53 0.788046 0.232971 0.201089 0.098945
53 0.183819 0.234176 0.145706 0.086785
54 0.179011 0.586413 0.059034 0.037234
53 0.902319 0.428562 0.146606 0.086311
53 0.125639 0.429559 0.198536 0.098989
53 0.472747 0.166963 0.142436 0.089097
53 0.875502 0.428654 0.200537 0.090349
53 0.818040 0.650804 0.141326 0.089112
53 0.212251 0.648940 0.203669 0.102946
53 0.096184 0.428539 0.143715 0.087116
54 0.532147 0.662276 0.060156 0.060562
