54 0.824198 0.597883 0.059323 0.037115
54 0.759444 0.599150 0.059842 0.038794
54 0.824221 0.173838 0.059789 0.037935
54 0.530659 0.107811 0.060127 0.039884
54 0.465592 0.107457 0.059271 0.038286
54 0.236410 0.176968 0.059907 0.041293
54 0.759553 0.174798 0.061457 0.039059
54 0.172016 0.175330 0.058652 0.037726
54 0.236556 0.599183 0.060038 0.039829
54 0.171612 0.598067 0.059852 0.037221
53 0.178229 0.662653 0.151728 0.088917
54 0.081456 0.373611 0.060586 0.038286
51 0.541776 0.276117 0.029427 0.036763
54 0.913578 0.373704 0.060075 0.038537
53 0.176441 0.240386 0.148652 0.088831
54 0.848622 0.374550 0.059697 0.039494
54 0.146979 0.374587 0.060215 0.039488
53 0.818685 0.661893 0.147749 0.087336
53 0.087307 0.437942 0.149041 0.088168
53 0.526593 0.753108 0.143690 0.088125
53 0.819341 0.237903 0.145198 0.087037
53 0.499972 0.169723 0.200524 0.097757
51 0.790409 0.402786 0.028287 0.037983
53 0.908769 0.438039 0.148671 0.088187
53 0.469478 0.171100 0.145531 0.088522
52 0.776214 0.717909 0.109362 0.013996
