54 0.833227 0.600984 0.059131 0.038365
54 0.239739 0.601218 0.061015 0.039524
54 0.767701 0.601427 0.060453 0.040046
54 0.858426 0.374316 0.060783 0.041150
54 0.174447 0.601124 0.061674 0.038505
54 0.922717 0.373368 0.059769 0.039001
53 0.478808 0.169409 0.154700 0.090776
53 0.798451 0.236491 0.208619 0.101774
53 0.207054 0.665086 0.208456 0.103783
53 0.919318 0.438466 0.146058 0.088955
53 0.091538 0.438251 0.155108 0.090247
53 0.534539 0.757501 0.143313 0.088977
53 0.182788 0.238217 0.153422 0.091775
52 0.502869 0.812630 0.144458 0.016016
53 0.828376 0.236450 0.148412 0.094204
53 0.828190 0.665575 0.149696 0.090973
53 0.798706 0.665872 0.207907 0.099872
