54 0.822977 0.594976 0.059983 0.037899
54 0.913007 0.370294 0.060325 0.037542
54 0.759257 0.171391 0.060663 0.039507
54 0.465900 0.104160 0.058687 0.036479
54 0.823185 0.170400 0.060029 0.038597
54 0.146991 0.370705 0.059488 0.038498
53 0.525923 0.750241 0.144541 0.088340
54 0.235802 0.595736 0.059702 0.037482
54 0.081411 0.370438 0.060390 0.037219
54 0.848251 0.370755 0.060000 0.038395
51 0.210068 0.369030 0.029118 0.035805
54 0.530955 0.105239 0.058632 0.039085
54 0.758499 0.595881 0.060344 0.037483
54 0.171505 0.594755 0.059343 0.037173
54 0.171646 0.172722 0.059350 0.037726
53 0.176326 0.236098 0.147024 0.090664
53 0.177341 0.658783 0.148434 0.092082
54 0.236044 0.173456 0.059632 0.038106
53 0.468715 0.168083 0.146518 0.088992
53 0.818301 0.233897 0.146841 0.088897
52 0.879188 0.490765 0.144323 0.015572
53 0.818118 0.659285 0.146249 0.089438
53 0.114899 0.433971 0.204856 0.098605
53 0.910113 0.434698 0.145343 0.087979
