54 0.827697 0.596450 0.059607 0.038096
54 0.916309 0.371763 0.060852 0.038920
54 0.827470 0.170979 0.059408 0.039608
51 0.307031 0.605575 0.029292 0.034873
54 0.762021 0.171678 0.062957 0.040327
54 0.236506 0.172793 0.060657 0.039971
54 0.851255 0.372175 0.060312 0.039733
54 0.761862 0.597549 0.061988 0.039470
54 0.467776 0.103829 0.058915 0.037650
54 0.171652 0.172707 0.059867 0.038492
54 0.236231 0.598135 0.059963 0.041015
54 0.171768 0.596554 0.060545 0.038052
54 0.532068 0.105136 0.059384 0.040285
53 0.821031 0.660671 0.147694 0.088108
53 0.471449 0.168907 0.145800 0.088061
53 0.821699 0.235084 0.147190 0.089541
53 0.528499 0.752778 0.145248 0.087375
53 0.179192 0.661870 0.152455 0.088745
53 0.205267 0.236239 0.204629 0.098760
53 0.883081 0.434743 0.206617 0.100735
52 0.789593 0.291773 0.133780 0.014981
53 0.174608 0.237021 0.142987 0.088857
