51 0.307548 0.596690 0.029389 0.033413
54 0.237590 0.589578 0.060216 0.038942
54 0.844014 0.367500 0.058469 0.037575
54 0.173410 0.588947 0.059597 0.036757
53 0.181202 0.234494 0.149266 0.088416
54 0.907174 0.366899 0.058592 0.036786
53 0.902091 0.429671 0.147235 0.087920
53 0.090746 0.430176 0.147838 0.086807
53 0.524678 0.741049 0.146299 0.085094
53 0.811278 0.232634 0.150914 0.089041
53 0.206429 0.652746 0.201746 0.100506
53 0.810951 0.651519 0.150791 0.089376
52 0.874594 0.485384 0.140511 0.014808
53 0.470447 0.166285 0.149061 0.089816
53 0.177724 0.652525 0.145025 0.089504
