51 0.277524 0.327796 0.030219 0.037221
54 0.240226 0.600955 0.060806 0.039248
54 0.536416 0.105218 0.061477 0.041462
54 0.240143 0.174595 0.060256 0.041704
54 0.832588 0.172101 0.059551 0.038637
53 0.798413 0.666159 0.207060 0.102966
54 0.767796 0.172490 0.061507 0.039505
54 0.175052 0.173486 0.061672 0.038134
54 0.083381 0.373540 0.061447 0.039028
54 0.471055 0.103906 0.060475 0.038414
54 0.149142 0.374660 0.060618 0.041846
53 0.475168 0.169651 0.147380 0.088588
54 0.174432 0.601103 0.061653 0.038435
53 0.178511 0.238090 0.149754 0.088704
53 0.916881 0.437920 0.148086 0.089373
53 0.828013 0.237246 0.148310 0.090429
53 0.206962 0.665029 0.208646 0.103276
53 0.088334 0.438932 0.149156 0.089361
53 0.535055 0.756956 0.140941 0.088230
52 0.480255 0.812986 0.091317 0.013913
54 0.535439 0.678324 0.060333 0.060425
53 0.175765 0.665246 0.143258 0.090711
