54 0.827722 0.596492 0.059569 0.038220
54 0.827402 0.170961 0.059531 0.039839
54 0.916308 0.371696 0.060749 0.038792
54 0.236424 0.597614 0.060171 0.040123
51 0.307112 0.605187 0.028852 0.034300
54 0.236474 0.172813 0.060695 0.039980
54 0.762056 0.171399 0.062970 0.040004
54 0.147131 0.371509 0.060282 0.038645
54 0.851600 0.372319 0.059676 0.040031
54 0.762135 0.597332 0.062130 0.038667
54 0.171641 0.172745 0.059895 0.038451
54 0.467746 0.103787 0.059045 0.037489
54 0.082437 0.372010 0.060264 0.037944
54 0.171794 0.596467 0.060657 0.037737
54 0.531654 0.105367 0.059760 0.040430
53 0.177806 0.661766 0.149899 0.088788
53 0.205234 0.236267 0.204691 0.098728
53 0.821577 0.236056 0.146313 0.088743
53 0.471571 0.168075 0.148038 0.089191
53 0.528865 0.752842 0.145552 0.088225
53 0.115804 0.435649 0.204939 0.099877
53 0.822227 0.660941 0.145019 0.089159
53 0.175459 0.237346 0.144388 0.089918
53 0.793158 0.660292 0.205279 0.101420
53 0.910501 0.435909 0.150539 0.091686
53 0.792670 0.233893 0.206492 0.097848
52 0.492245 0.225994 0.127271 0.015218
51 0.792875 0.400941 0.028692 0.038583
