54 0.824171 0.597748 0.059283 0.037154
51 0.752954 0.335965 0.029706 0.036544
54 0.759478 0.599196 0.059877 0.039068
54 0.824215 0.173838 0.059786 0.037984
54 0.530643 0.107802 0.060124 0.039845
54 0.465558 0.107474 0.059349 0.038388
54 0.236414 0.176968 0.059894 0.041295
54 0.759506 0.174801 0.061353 0.039069
54 0.172014 0.175329 0.058662 0.037722
54 0.236557 0.599183 0.060065 0.039845
53 0.178181 0.662826 0.151728 0.089144
54 0.171617 0.598060 0.059862 0.037215
53 0.176506 0.240287 0.148687 0.088538
54 0.081450 0.373625 0.060603 0.038318
54 0.913579 0.373724 0.060076 0.038555
53 0.526345 0.753294 0.144293 0.085616
54 0.848618 0.374542 0.059711 0.039549
52 0.474924 0.808969 0.087833 0.015063
54 0.146976 0.374573 0.060244 0.039474
53 0.499920 0.169655 0.200546 0.097508
53 0.818666 0.662284 0.147259 0.087227
53 0.087487 0.438112 0.149366 0.088305
53 0.820192 0.238007 0.143784 0.086987
53 0.908792 0.437969 0.148565 0.088316
53 0.469117 0.170854 0.144855 0.087914
51 0.790455 0.402689 0.028349 0.037566
