54 0.148124 0.506638 0.060911 0.039779
54 0.916637 0.506351 0.060830 0.038397
54 0.819637 0.200415 0.059717 0.039495
54 0.852082 0.506997 0.059395 0.039251
54 0.884209 0.199481 0.060688 0.037591
51 0.741895 0.589615 0.028483 0.036154
54 0.083091 0.506311 0.060714 0.038407
53 0.913566 0.570318 0.146157 0.088033
54 0.468098 0.103736 0.058983 0.037602
54 0.532759 0.104991 0.059779 0.039945
53 0.472813 0.168207 0.147115 0.089401
53 0.530151 0.752069 0.145890 0.089085
53 0.879496 0.264216 0.146438 0.089885
53 0.147671 0.262728 0.203906 0.097364
53 0.116417 0.571149 0.205485 0.100212
53 0.122873 0.263626 0.153350 0.089126
53 0.854043 0.263035 0.197251 0.096251
53 0.089426 0.570983 0.151163 0.090620
