54 0.823581 0.595177 0.060084 0.037644
54 0.530832 0.104730 0.058728 0.038111
54 0.465846 0.104202 0.058677 0.036588
53 0.526373 0.750987 0.143866 0.087205
54 0.147031 0.370892 0.059691 0.038367
54 0.824168 0.170734 0.059481 0.038532
54 0.759776 0.171571 0.060937 0.039879
54 0.236237 0.173109 0.059810 0.039269
54 0.081465 0.370822 0.060464 0.037472
54 0.758936 0.596047 0.060984 0.038605
54 0.236398 0.595998 0.060237 0.039152
54 0.171651 0.172894 0.059282 0.037671
54 0.171635 0.595217 0.060521 0.037193
51 0.273704 0.324404 0.029813 0.035929
53 0.905434 0.433981 0.152563 0.088921
53 0.819337 0.658820 0.146251 0.088516
53 0.821187 0.235561 0.142559 0.088036
53 0.176858 0.659013 0.147634 0.091938
53 0.176560 0.236137 0.147371 0.090371
53 0.467491 0.168337 0.143316 0.091858
53 0.115054 0.433757 0.205017 0.099255
53 0.499235 0.165615 0.206146 0.098367
52 0.789958 0.715188 0.135916 0.015812
