53 0.525787 0.750164 0.145039 0.087837
51 0.682981 0.596059 0.029045 0.034944
53 0.115728 0.431727 0.204566 0.098610
53 0.878599 0.433828 0.205373 0.098126
54 0.171825 0.594590 0.058782 0.037074
54 0.235902 0.595652 0.059481 0.038186
54 0.171697 0.172706 0.059298 0.037756
54 0.236013 0.173466 0.059546 0.038154
53 0.176349 0.235732 0.146918 0.090654
53 0.177066 0.658696 0.148239 0.092349
53 0.471272 0.168361 0.151381 0.091604
53 0.817499 0.234225 0.148092 0.089916
53 0.790442 0.658339 0.200730 0.100974
51 0.286622 0.554007 0.026008 0.038821
53 0.819013 0.658733 0.143620 0.093673
