54 0.147163 0.506971 0.060222 0.039481
54 0.114003 0.199841 0.060448 0.037267
54 0.467757 0.103853 0.058911 0.037626
54 0.531853 0.105123 0.059114 0.039972
54 0.179421 0.201551 0.060093 0.040109
54 0.082147 0.506818 0.060500 0.038193
53 0.471850 0.168490 0.145644 0.087467
53 0.528703 0.752995 0.146428 0.087654
53 0.909906 0.570065 0.149938 0.087247
51 0.403323 0.642571 0.029464 0.035415
53 0.850244 0.263410 0.206892 0.101250
53 0.120939 0.263823 0.152730 0.089619
52 0.499398 0.807220 0.136349 0.016491
53 0.115358 0.570674 0.204979 0.101178
53 0.088575 0.570902 0.150875 0.090293
