54 0.916653 0.506306 0.060809 0.038397
54 0.819650 0.200422 0.059741 0.039429
54 0.148053 0.506641 0.060912 0.039754
54 0.852109 0.506979 0.059343 0.039224
54 0.884224 0.199469 0.060701 0.037575
54 0.114825 0.199616 0.060418 0.037218
54 0.180531 0.201208 0.060909 0.039576
54 0.083067 0.506300 0.060700 0.038389
54 0.468126 0.103779 0.058952 0.037705
53 0.913692 0.570293 0.145950 0.088051
53 0.473198 0.168754 0.147104 0.088131
54 0.532761 0.104974 0.059718 0.039912
51 0.545406 0.273751 0.028975 0.036178
53 0.529468 0.752405 0.146841 0.087237
53 0.120667 0.263726 0.148918 0.088315
53 0.116016 0.571079 0.205315 0.099876
52 0.481301 0.806801 0.098743 0.015964
53 0.879662 0.264057 0.146138 0.089546
53 0.851111 0.262185 0.205882 0.099501
53 0.091733 0.570880 0.155784 0.090566
