54 0.244112 0.591858 0.059149 0.039434
54 0.155520 0.368282 0.057862 0.038889
54 0.180313 0.591539 0.059556 0.037074
54 0.090558 0.367450 0.058511 0.037114
53 0.532767 0.745010 0.144247 0.088750
54 0.763829 0.170589 0.059489 0.038922
54 0.244154 0.172065 0.058666 0.038138
54 0.828287 0.169801 0.057470 0.037298
51 0.313972 0.600078 0.027890 0.032038
54 0.180140 0.171457 0.059625 0.036539
53 0.474706 0.165431 0.146978 0.088347
53 0.822512 0.233612 0.146492 0.090022
53 0.795005 0.654662 0.202883 0.100923
53 0.912889 0.430290 0.146609 0.086324
53 0.183288 0.654580 0.145366 0.089686
54 0.959516 0.822401 0.075116 0.039177
53 0.211781 0.233510 0.203194 0.100276
53 0.119001 0.431096 0.195148 0.091420
54 0.875603 0.822332 0.076653 0.038978
54 0.791518 0.822987 0.075630 0.039503
53 0.093599 0.430440 0.143864 0.086482
53 0.185445 0.235150 0.147549 0.091639
54 0.706738 0.822469 0.075981 0.039071
52 0.492992 0.801002 0.117897 0.014879
