54 0.818623 0.201089 0.060074 0.040362
54 0.915808 0.506207 0.060671 0.038329
54 0.851000 0.506934 0.060517 0.039390
54 0.146994 0.506692 0.060625 0.039636
54 0.113919 0.199762 0.060442 0.037370
54 0.531746 0.104574 0.059033 0.039144
54 0.467408 0.103944 0.059260 0.037899
54 0.883345 0.199504 0.061080 0.037459
54 0.082118 0.506337 0.060485 0.038526
54 0.179253 0.201526 0.060426 0.040305
53 0.911809 0.570340 0.147980 0.089082
53 0.528233 0.752543 0.146877 0.086981
51 0.543782 0.273577 0.029302 0.036503
53 0.088149 0.570315 0.149827 0.088048
53 0.878239 0.264228 0.147295 0.089965
53 0.501118 0.167710 0.201099 0.098685
53 0.120741 0.263687 0.152716 0.089435
53 0.472301 0.168227 0.148333 0.090448
52 0.498994 0.806109 0.136856 0.016969
