53 0.531549 0.741890 0.145599 0.086231
53 0.124436 0.429659 0.201497 0.098654
53 0.212885 0.652256 0.202282 0.101530
53 0.212565 0.232599 0.202948 0.102355
54 0.470894 0.102884 0.059568 0.038264
54 0.534656 0.103547 0.059550 0.039305
53 0.880469 0.430455 0.201729 0.098116
53 0.476235 0.166235 0.147121 0.086432
53 0.792371 0.232226 0.202846 0.100391
51 0.799214 0.503133 0.028841 0.035834
53 0.815949 0.651819 0.152876 0.088053
54 0.535378 0.664613 0.059572 0.060220
52 0.503299 0.795904 0.142973 0.015068
53 0.818961 0.232236 0.148833 0.091832
