54 0.819658 0.200401 0.059650 0.039508
54 0.148138 0.506622 0.060827 0.039604
51 0.217755 0.361394 0.028814 0.035810
54 0.884221 0.199462 0.060672 0.037600
53 0.910257 0.570562 0.149702 0.088216
54 0.083103 0.506356 0.060567 0.038387
53 0.473694 0.168083 0.149299 0.089545
53 0.529556 0.750250 0.146881 0.088580
53 0.879410 0.264221 0.146500 0.089862
53 0.123226 0.263597 0.154185 0.089653
53 0.116385 0.572180 0.204819 0.098715
53 0.090065 0.571265 0.153187 0.090563
53 0.851060 0.262138 0.206081 0.099603
