51 0.210550 0.369765 0.028840 0.035841
53 0.527831 0.750892 0.144635 0.085705
53 0.116737 0.433652 0.204696 0.099022
53 0.206374 0.659722 0.202725 0.102107
53 0.790924 0.235313 0.203835 0.099722
53 0.880314 0.434247 0.203574 0.099166
53 0.204655 0.235188 0.205324 0.101354
53 0.819010 0.658667 0.148186 0.092777
53 0.174615 0.237069 0.142128 0.088089
53 0.472252 0.167736 0.148675 0.089184
53 0.908440 0.433566 0.149689 0.091978
53 0.792404 0.658203 0.202067 0.099263
53 0.823097 0.234570 0.141752 0.091712
53 0.498701 0.167577 0.201836 0.094618
