54 0.819655 0.200414 0.059701 0.039437
54 0.148083 0.506616 0.060858 0.039722
51 0.217803 0.361342 0.028576 0.035613
54 0.884214 0.199466 0.060688 0.037574
54 0.468199 0.103791 0.058728 0.037654
54 0.114769 0.199668 0.060351 0.037281
53 0.528640 0.753008 0.148785 0.086148
53 0.910470 0.570290 0.149781 0.088210
54 0.532822 0.104879 0.058964 0.039754
54 0.083075 0.506324 0.060672 0.038471
53 0.472105 0.168750 0.145660 0.089704
54 0.180396 0.201582 0.060726 0.040226
53 0.121832 0.263958 0.151046 0.089775
53 0.116161 0.571143 0.205082 0.100060
53 0.879539 0.264366 0.146171 0.089789
52 0.499406 0.805727 0.141241 0.016204
