54 0.824169 0.173828 0.059920 0.037845
54 0.236631 0.598450 0.059986 0.038877
51 0.273643 0.328389 0.029633 0.037201
54 0.530728 0.108121 0.059641 0.040247
54 0.236639 0.176456 0.059899 0.040302
54 0.465692 0.107409 0.059389 0.038284
54 0.759553 0.174960 0.060561 0.039530
54 0.171974 0.175284 0.058457 0.037665
54 0.146789 0.374016 0.060045 0.038975
53 0.471110 0.170956 0.148157 0.086690
54 0.081469 0.373536 0.060728 0.038276
54 0.171552 0.598146 0.059819 0.037546
53 0.818993 0.237642 0.146364 0.087400
53 0.526610 0.753649 0.144503 0.087566
53 0.176423 0.240307 0.148651 0.087452
53 0.115191 0.436821 0.203669 0.099675
53 0.879182 0.435722 0.204803 0.096778
53 0.204665 0.661963 0.204418 0.100345
52 0.498025 0.808053 0.134522 0.015655
53 0.909192 0.437063 0.145625 0.090390
53 0.790517 0.661350 0.202300 0.097110
53 0.817885 0.661761 0.147715 0.091410
53 0.174077 0.662051 0.142636 0.089141
