54 0.824163 0.597774 0.059360 0.037190
51 0.753010 0.335886 0.029779 0.036704
54 0.759460 0.599332 0.059963 0.039275
54 0.824114 0.173770 0.059297 0.038339
54 0.530499 0.107922 0.059908 0.040152
54 0.236413 0.176972 0.059896 0.041285
54 0.465521 0.107578 0.059551 0.038563
54 0.172015 0.175325 0.058665 0.037716
54 0.759547 0.174787 0.061424 0.039056
54 0.236567 0.599183 0.060067 0.039848
53 0.178264 0.662795 0.151845 0.089057
54 0.081437 0.373622 0.060607 0.038272
54 0.913540 0.373714 0.060176 0.038523
54 0.171618 0.598052 0.059838 0.037199
53 0.176449 0.240313 0.148680 0.088618
54 0.848633 0.374530 0.059757 0.039441
53 0.820134 0.662053 0.143848 0.087425
54 0.146975 0.374571 0.060227 0.039473
53 0.087171 0.438020 0.149050 0.088051
53 0.819646 0.238508 0.143078 0.086421
53 0.526503 0.753087 0.145425 0.087156
53 0.908709 0.437912 0.148578 0.088271
53 0.469197 0.171111 0.145350 0.089035
51 0.790405 0.402926 0.028301 0.038162
53 0.497328 0.170619 0.201183 0.093009
