53 0.525239 0.741071 0.143431 0.086179
54 0.755025 0.170292 0.059894 0.039805
53 0.786479 0.652197 0.201919 0.098930
54 0.819060 0.169140 0.058583 0.037970
53 0.207251 0.652311 0.200959 0.101753
51 0.792718 0.502650 0.027790 0.035153
53 0.207223 0.233116 0.201874 0.104655
53 0.897263 0.429583 0.155532 0.087653
53 0.813633 0.231832 0.147426 0.088796
54 0.528446 0.664600 0.058771 0.059431
53 0.471339 0.166689 0.149661 0.088405
53 0.104609 0.429276 0.175369 0.093856
52 0.495915 0.795462 0.133159 0.014048
