54 0.761486 0.590010 0.060062 0.039625
53 0.123348 0.429930 0.201964 0.097398
54 0.913798 0.366989 0.059172 0.037075
53 0.532558 0.740627 0.143265 0.085295
54 0.761658 0.169923 0.060102 0.039893
54 0.243838 0.590051 0.059624 0.040179
54 0.825231 0.588545 0.059876 0.037142
54 0.850096 0.367353 0.060144 0.037318
54 0.825414 0.169106 0.059258 0.037745
54 0.179561 0.589126 0.059550 0.037615
54 0.470892 0.102831 0.059377 0.038191
51 0.685678 0.590943 0.028057 0.035591
54 0.244129 0.171115 0.060336 0.038405
53 0.819833 0.231751 0.147735 0.089057
53 0.476950 0.166228 0.148592 0.088754
54 0.534639 0.103685 0.059392 0.039480
54 0.179610 0.170755 0.059125 0.037373
53 0.819797 0.652914 0.146909 0.087839
52 0.209337 0.290519 0.143921 0.017442
54 0.535157 0.664362 0.059841 0.059640
53 0.187066 0.652692 0.151723 0.091292
53 0.881283 0.429726 0.202301 0.100347
53 0.179871 0.233788 0.137279 0.087251
53 0.912459 0.429196 0.139956 0.089966
