51 0.277564 0.327822 0.030480 0.037528
54 0.833220 0.601020 0.059115 0.038386
54 0.767634 0.601516 0.060335 0.040462
54 0.240085 0.601695 0.060734 0.040984
54 0.083468 0.373612 0.061230 0.039242
54 0.832687 0.172263 0.059960 0.038351
54 0.767808 0.172529 0.061408 0.039541
54 0.858451 0.374723 0.060509 0.041921
54 0.175029 0.173546 0.061462 0.037999
54 0.174394 0.601053 0.061482 0.038165
54 0.149250 0.373903 0.060673 0.039863
54 0.239998 0.174462 0.059776 0.039792
54 0.923072 0.373246 0.060269 0.039402
53 0.178564 0.666022 0.148798 0.090333
53 0.178241 0.238747 0.149615 0.087958
53 0.827626 0.665477 0.151213 0.089208
53 0.827620 0.236710 0.148629 0.089551
53 0.918443 0.438831 0.148306 0.090082
52 0.502958 0.812320 0.144223 0.015449
53 0.535873 0.757510 0.140296 0.088677
53 0.088180 0.439227 0.148925 0.090370
54 0.535329 0.679150 0.061504 0.060910
