54 0.833344 0.600965 0.058960 0.038375
54 0.239490 0.601695 0.060612 0.040721
54 0.471208 0.104111 0.059465 0.037827
54 0.536417 0.104920 0.061199 0.039684
54 0.767597 0.601614 0.060382 0.040645
54 0.832793 0.172243 0.060309 0.038764
54 0.175044 0.173544 0.061450 0.038004
54 0.767564 0.172515 0.060424 0.040085
54 0.083467 0.373657 0.061271 0.039273
54 0.858435 0.374729 0.060567 0.042017
54 0.240142 0.174394 0.059763 0.040115
54 0.922787 0.373465 0.059771 0.038960
54 0.174368 0.601075 0.061351 0.037997
51 0.406706 0.646330 0.028909 0.035301
54 0.149469 0.373729 0.060877 0.039242
53 0.178591 0.665974 0.148898 0.090330
53 0.827736 0.665407 0.150263 0.088814
53 0.178334 0.238178 0.148967 0.088082
53 0.918427 0.438724 0.147963 0.089642
53 0.504066 0.168691 0.206655 0.102198
53 0.533177 0.756151 0.145162 0.088066
53 0.827395 0.236991 0.149505 0.088991
53 0.088352 0.439234 0.149201 0.090693
53 0.473726 0.168822 0.144803 0.088964
54 0.535557 0.679132 0.061685 0.060880
