54 0.833252 0.600997 0.058995 0.038194
54 0.240262 0.601606 0.061093 0.040967
54 0.471423 0.104155 0.059960 0.038049
54 0.536491 0.104944 0.061474 0.039914
54 0.083457 0.373590 0.061421 0.039135
54 0.149190 0.374586 0.060660 0.041830
54 0.858383 0.374107 0.060790 0.040168
54 0.175030 0.173442 0.061418 0.037908
51 0.213294 0.373892 0.029369 0.040471
54 0.767604 0.601665 0.060239 0.040487
54 0.832603 0.171955 0.059677 0.038349
54 0.767788 0.172592 0.061370 0.039660
54 0.174332 0.600959 0.061428 0.037829
54 0.240132 0.174136 0.060331 0.039813
54 0.922880 0.373408 0.059817 0.038875
53 0.827564 0.665486 0.151278 0.089736
53 0.179031 0.665930 0.149771 0.090993
53 0.827697 0.236031 0.148902 0.087995
53 0.178661 0.237690 0.149839 0.088400
53 0.504246 0.168555 0.206370 0.101567
53 0.533842 0.756495 0.145647 0.088959
53 0.088483 0.438894 0.149627 0.088952
52 0.774466 0.293823 0.087406 0.013540
53 0.473916 0.169150 0.144894 0.089645
53 0.889226 0.438008 0.208545 0.101090
54 0.535392 0.678585 0.060555 0.060904
