53 0.883981 0.429959 0.201082 0.099789
54 0.247138 0.589790 0.059500 0.039336
51 0.758793 0.329289 0.029453 0.037305
54 0.182667 0.589025 0.060085 0.037564
54 0.246985 0.170838 0.059358 0.039805
54 0.182647 0.170619 0.059800 0.037269
53 0.535136 0.740863 0.144933 0.085399
53 0.795063 0.232652 0.203811 0.100694
53 0.820454 0.652620 0.150284 0.088712
53 0.823911 0.232306 0.145113 0.090372
53 0.102512 0.429668 0.152252 0.087636
53 0.506419 0.166518 0.201504 0.092031
53 0.216830 0.651258 0.202118 0.102296
53 0.215350 0.233555 0.204546 0.100295
