53 0.883769 0.430334 0.201271 0.099815
53 0.534599 0.741281 0.143412 0.085712
53 0.216232 0.651006 0.203577 0.103396
53 0.215952 0.233083 0.204026 0.102660
54 0.474177 0.102756 0.060585 0.038291
53 0.128499 0.429178 0.202864 0.100167
51 0.802718 0.503046 0.029759 0.035579
54 0.537943 0.103741 0.059307 0.039828
53 0.795150 0.232430 0.203532 0.100308
53 0.477128 0.165825 0.144114 0.089366
53 0.820773 0.652364 0.149946 0.088246
54 0.537873 0.664848 0.060819 0.061202
53 0.822229 0.232357 0.148450 0.091110
