54 0.237558 0.595692 0.060398 0.038438
53 0.500150 0.168499 0.202303 0.100275
54 0.147931 0.370756 0.060163 0.037923
53 0.206080 0.236854 0.203052 0.100361
51 0.402998 0.640077 0.028790 0.036830
54 0.172625 0.595112 0.059916 0.037206
53 0.528220 0.750906 0.144351 0.086361
54 0.082561 0.370919 0.060134 0.038208
53 0.115880 0.434162 0.203592 0.098499
53 0.880168 0.433934 0.204287 0.096476
53 0.817373 0.234695 0.152254 0.089713
53 0.174915 0.659228 0.142847 0.090220
53 0.205109 0.660648 0.205707 0.103946
