54 0.148130 0.506626 0.060891 0.039728
54 0.916633 0.506353 0.060813 0.038439
54 0.819653 0.200383 0.059675 0.039430
54 0.852138 0.507000 0.059284 0.039294
54 0.114776 0.199660 0.060307 0.037276
54 0.884218 0.199463 0.060685 0.037569
54 0.083086 0.506299 0.060687 0.038409
54 0.468164 0.103772 0.058711 0.037587
51 0.404175 0.641798 0.028994 0.035802
54 0.180389 0.201554 0.060674 0.040192
53 0.913518 0.570489 0.146257 0.088372
54 0.532801 0.104862 0.058928 0.039725
53 0.472817 0.167714 0.148017 0.090008
53 0.530034 0.752282 0.145644 0.088594
53 0.122241 0.263798 0.151483 0.089207
53 0.879281 0.264645 0.146652 0.090704
53 0.116071 0.570954 0.204723 0.099939
53 0.849964 0.263125 0.205034 0.097569
52 0.487772 0.225961 0.116492 0.014063
53 0.089374 0.570792 0.150843 0.090289
