54 0.825016 0.595440 0.060383 0.037677
54 0.914457 0.370795 0.059750 0.038082
54 0.825147 0.170654 0.060013 0.038353
54 0.760495 0.171581 0.061750 0.039315
54 0.237551 0.172770 0.060422 0.039260
54 0.850052 0.371293 0.060728 0.039178
54 0.147971 0.370625 0.060142 0.037215
54 0.760277 0.595981 0.060157 0.038099
54 0.237547 0.595593 0.060270 0.038688
54 0.172975 0.172705 0.060330 0.037897
54 0.531944 0.104854 0.059382 0.038740
54 0.466999 0.104041 0.058212 0.037229
53 0.528305 0.751049 0.143628 0.086573
54 0.172664 0.595124 0.059964 0.037300
54 0.082570 0.370905 0.059972 0.037673
51 0.683826 0.594676 0.028887 0.031624
53 0.472329 0.168108 0.147165 0.087880
53 0.819584 0.234981 0.147604 0.087732
53 0.818220 0.659417 0.149250 0.089360
52 0.105158 0.490903 0.121297 0.016314
53 0.205252 0.235494 0.204366 0.098911
53 0.205735 0.659422 0.204775 0.101027
53 0.115698 0.436215 0.204979 0.098714
53 0.175514 0.236330 0.144099 0.089602
53 0.177129 0.658929 0.146818 0.090799
53 0.909949 0.434845 0.148256 0.088226
51 0.287575 0.558200 0.026675 0.033845
