54 0.761308 0.590154 0.059673 0.037796
54 0.850343 0.367833 0.059631 0.038070
53 0.531811 0.740798 0.144073 0.085414
54 0.761627 0.169891 0.060091 0.039954
54 0.913847 0.367004 0.059117 0.037013
54 0.825224 0.588378 0.059911 0.036992
54 0.243755 0.589982 0.059460 0.040012
54 0.825408 0.169085 0.059211 0.037720
54 0.155891 0.366988 0.058834 0.038228
51 0.408050 0.633039 0.029153 0.035382
53 0.909233 0.430131 0.145811 0.087830
54 0.244091 0.171168 0.060493 0.038506
54 0.092120 0.366835 0.058930 0.036899
54 0.179651 0.170772 0.059217 0.037372
54 0.470904 0.102836 0.059334 0.038151
53 0.477258 0.165793 0.148232 0.090483
54 0.534631 0.103685 0.059390 0.039498
53 0.820037 0.231652 0.147207 0.088412
54 0.179572 0.589053 0.059634 0.037476
53 0.820516 0.652059 0.144615 0.086766
53 0.187120 0.652878 0.151327 0.091690
54 0.534838 0.663841 0.058598 0.060837
53 0.183680 0.233731 0.144731 0.086607
53 0.108705 0.429840 0.172048 0.092805
53 0.212010 0.232302 0.203608 0.099818
