53 0.878892 0.432558 0.205912 0.097150
54 0.823604 0.595433 0.060026 0.037498
51 0.210284 0.368972 0.028709 0.035140
54 0.236348 0.173210 0.060182 0.039181
54 0.759003 0.596063 0.061010 0.038600
53 0.526363 0.748818 0.145982 0.091091
54 0.171750 0.172700 0.059563 0.037520
53 0.115919 0.433313 0.204641 0.097393
53 0.818052 0.659240 0.147339 0.089761
53 0.499527 0.167021 0.205245 0.098801
53 0.176674 0.235162 0.148941 0.089106
53 0.819381 0.234402 0.146148 0.089078
52 0.203680 0.295616 0.138315 0.015094
53 0.204247 0.658915 0.203534 0.102006
53 0.177406 0.659750 0.148515 0.093479
