54 0.822961 0.594979 0.059918 0.037818
51 0.305795 0.602323 0.028680 0.033549
54 0.913049 0.370304 0.060295 0.037618
54 0.236198 0.595378 0.059890 0.038695
53 0.497329 0.168232 0.205432 0.101088
53 0.526155 0.750009 0.144226 0.088204
54 0.823171 0.170584 0.059912 0.038484
54 0.758619 0.595790 0.059360 0.038247
54 0.758779 0.171495 0.060854 0.039372
54 0.848223 0.370786 0.060048 0.038511
54 0.146869 0.371186 0.059647 0.039177
54 0.081357 0.370735 0.060309 0.037903
54 0.171404 0.594818 0.059504 0.037459
54 0.171635 0.172726 0.059432 0.037699
53 0.176196 0.235905 0.147619 0.088536
54 0.235928 0.173404 0.059784 0.038291
53 0.817661 0.658990 0.147786 0.089392
53 0.204843 0.659364 0.204448 0.100228
53 0.820520 0.234475 0.143193 0.087222
53 0.086708 0.434915 0.148188 0.088779
52 0.789652 0.290603 0.144246 0.016299
53 0.178723 0.658884 0.151503 0.091771
51 0.228754 0.491361 0.026079 0.033387
