53 0.115825 0.432605 0.204732 0.099905
51 0.753233 0.332562 0.029841 0.035597
53 0.789554 0.659701 0.203391 0.102209
53 0.525770 0.751336 0.145380 0.087322
54 0.531072 0.104654 0.059031 0.038415
54 0.466339 0.104081 0.058073 0.037017
53 0.205643 0.658957 0.203336 0.104389
53 0.205343 0.234878 0.204185 0.104959
53 0.906857 0.434637 0.149773 0.088320
53 0.500331 0.167286 0.199518 0.098912
53 0.789773 0.235174 0.204630 0.099721
52 0.489916 0.804647 0.119465 0.014074
53 0.821893 0.234536 0.141828 0.090406
53 0.470162 0.168423 0.147025 0.089301
