54 0.827167 0.596213 0.058804 0.038180
54 0.851249 0.371884 0.059909 0.039522
54 0.761510 0.596657 0.061790 0.038401
54 0.916004 0.371629 0.060494 0.038966
54 0.236093 0.173499 0.060256 0.041082
54 0.171638 0.172551 0.060036 0.038667
54 0.171633 0.596086 0.059424 0.038134
54 0.235960 0.597266 0.059655 0.039731
51 0.403258 0.641767 0.029283 0.035343
53 0.179018 0.661056 0.152599 0.088336
53 0.820225 0.234841 0.149300 0.088631
53 0.176239 0.236322 0.146642 0.089610
53 0.474350 0.167653 0.152871 0.089966
53 0.528571 0.752444 0.145395 0.086645
53 0.822335 0.660237 0.146432 0.089401
53 0.091899 0.435443 0.156816 0.089469
53 0.882666 0.434195 0.207161 0.102107
