54 0.827060 0.596072 0.059209 0.038051
54 0.916002 0.371529 0.060576 0.038793
54 0.826938 0.170855 0.059312 0.039567
54 0.761556 0.171615 0.062852 0.040290
54 0.851195 0.371908 0.060000 0.039644
54 0.236334 0.172777 0.060497 0.039950
54 0.761423 0.596619 0.061703 0.039058
54 0.467502 0.103838 0.059041 0.037677
54 0.146972 0.372129 0.060381 0.039840
54 0.171579 0.172609 0.059751 0.038545
54 0.082461 0.371896 0.060230 0.038504
53 0.471491 0.168707 0.145915 0.089080
53 0.820465 0.660498 0.148202 0.088398
54 0.171780 0.596139 0.060939 0.037851
51 0.403271 0.641688 0.029280 0.035169
53 0.820938 0.235672 0.146636 0.088635
54 0.531182 0.105027 0.059340 0.039834
54 0.236006 0.597262 0.059928 0.039711
53 0.177609 0.660256 0.148669 0.091056
53 0.086525 0.436058 0.146741 0.089175
53 0.528551 0.752403 0.145475 0.088019
53 0.204892 0.237293 0.205304 0.100852
53 0.176193 0.238439 0.146450 0.092005
53 0.882446 0.434166 0.207555 0.101329
53 0.914647 0.435561 0.140803 0.089523
