51 0.217042 0.361568 0.028638 0.035453
54 0.818620 0.200952 0.060092 0.040008
54 0.531766 0.104526 0.058924 0.039096
54 0.467474 0.103843 0.059029 0.037757
54 0.883375 0.199741 0.061017 0.037595
53 0.501115 0.167632 0.201271 0.098227
53 0.528339 0.750621 0.146980 0.090291
53 0.882361 0.569974 0.203651 0.094864
53 0.089791 0.570011 0.153831 0.086790
53 0.121901 0.263522 0.153940 0.089217
53 0.884160 0.264756 0.135976 0.088177
53 0.471870 0.168298 0.147280 0.089303
53 0.147154 0.261920 0.205393 0.098244
52 0.855874 0.320758 0.150235 0.015061
