54 0.761498 0.589980 0.059984 0.039415
54 0.913835 0.367080 0.059127 0.037261
53 0.532226 0.740988 0.143585 0.084871
54 0.825424 0.169068 0.059063 0.037615
54 0.825229 0.588443 0.059865 0.036979
54 0.761695 0.169825 0.060115 0.039578
54 0.850055 0.367291 0.060017 0.037352
54 0.243645 0.589483 0.059095 0.039032
54 0.470885 0.102831 0.059389 0.038298
54 0.535084 0.103178 0.060026 0.039877
54 0.179583 0.589106 0.059521 0.037429
54 0.244046 0.171184 0.060058 0.038582
54 0.179668 0.170667 0.059010 0.037189
51 0.685422 0.589831 0.027707 0.033692
53 0.503948 0.166281 0.200953 0.098634
53 0.819237 0.652840 0.147608 0.087951
53 0.212790 0.652011 0.201611 0.100242
52 0.194805 0.290686 0.101534 0.015751
53 0.821073 0.232894 0.144219 0.088490
53 0.476256 0.166097 0.146049 0.088821
53 0.792782 0.231173 0.202972 0.096794
52 0.209697 0.290224 0.140267 0.016260
53 0.181207 0.233368 0.140034 0.087375
51 0.443598 0.595286 0.025455 0.033214
53 0.881255 0.428587 0.202347 0.099624
53 0.913206 0.429094 0.138530 0.090082
