54 0.827758 0.596348 0.059345 0.037894
54 0.827370 0.170978 0.059547 0.039749
53 0.116168 0.434470 0.205049 0.100439
54 0.762004 0.171428 0.062896 0.039981
53 0.206030 0.237272 0.202992 0.100542
54 0.762220 0.597691 0.062024 0.039504
54 0.171773 0.596445 0.059106 0.037918
53 0.528574 0.753171 0.145684 0.085890
54 0.236061 0.597539 0.059848 0.039573
53 0.179255 0.661603 0.152698 0.088459
53 0.821531 0.660768 0.147302 0.088358
53 0.821231 0.235940 0.146826 0.089059
52 0.498466 0.807204 0.134254 0.016936
53 0.881756 0.433509 0.207189 0.101962
51 0.685609 0.597728 0.027827 0.036261
53 0.473879 0.167796 0.150663 0.088062
53 0.500279 0.168573 0.204689 0.094336
