54 0.155502 0.368393 0.057842 0.039100
54 0.244166 0.591735 0.058510 0.040277
54 0.091049 0.367544 0.057751 0.037201
54 0.180293 0.591650 0.059467 0.037113
54 0.244188 0.172102 0.058476 0.038089
54 0.763881 0.170633 0.059380 0.039049
54 0.180140 0.171416 0.059867 0.036660
54 0.763195 0.592319 0.060880 0.040135
54 0.828322 0.169793 0.057428 0.037275
54 0.828213 0.590992 0.056845 0.037055
53 0.823474 0.233346 0.144723 0.089483
53 0.474983 0.165763 0.146924 0.088289
51 0.548829 0.272670 0.028365 0.034712
53 0.182880 0.654466 0.144898 0.089676
53 0.913292 0.430145 0.146384 0.086535
53 0.533638 0.745053 0.143145 0.088020
53 0.824901 0.653489 0.143574 0.089119
53 0.096826 0.430802 0.151091 0.088363
53 0.211557 0.233449 0.203059 0.099329
52 0.795249 0.712457 0.137866 0.015851
53 0.123884 0.429865 0.205797 0.093521
53 0.183487 0.235290 0.143711 0.090760
