53 0.878772 0.432990 0.205651 0.097094
53 0.526324 0.750603 0.145006 0.086538
53 0.115266 0.432540 0.203663 0.098614
54 0.236266 0.596124 0.060140 0.037671
51 0.683142 0.595199 0.028949 0.032384
54 0.171525 0.595176 0.059535 0.037319
54 0.171842 0.172630 0.059518 0.037671
54 0.236316 0.173269 0.060101 0.039296
53 0.499557 0.166783 0.204920 0.098330
53 0.177205 0.234986 0.150325 0.087027
53 0.817801 0.658834 0.147971 0.090026
53 0.819167 0.234803 0.145935 0.088607
53 0.176631 0.658865 0.147674 0.091321
