54 0.823012 0.594963 0.059965 0.037841
54 0.146926 0.370729 0.059554 0.038039
54 0.465954 0.104176 0.058491 0.036504
53 0.526369 0.749983 0.143562 0.088940
54 0.235789 0.595744 0.059679 0.037459
54 0.823187 0.170674 0.059941 0.038284
54 0.758985 0.171404 0.060548 0.039132
51 0.273529 0.324366 0.029901 0.035958
54 0.758283 0.595602 0.060538 0.038357
54 0.081371 0.370409 0.060155 0.037041
54 0.530951 0.105237 0.058676 0.039083
54 0.171647 0.172696 0.059394 0.037720
54 0.171443 0.594767 0.059458 0.037188
53 0.878849 0.433883 0.206042 0.099293
54 0.236077 0.173431 0.059553 0.038179
53 0.177097 0.658892 0.148601 0.093009
53 0.468679 0.168414 0.146114 0.089804
53 0.175669 0.236132 0.148349 0.088864
53 0.818768 0.235065 0.145547 0.087964
53 0.819412 0.658127 0.144848 0.088269
53 0.114679 0.433140 0.205293 0.098800
