54 0.145751 0.371404 0.059125 0.037541
54 0.171150 0.596616 0.058481 0.036963
54 0.235198 0.596950 0.059186 0.039317
54 0.530692 0.104946 0.058995 0.039005
54 0.081205 0.371187 0.058610 0.036952
54 0.466158 0.104103 0.057999 0.037010
53 0.821855 0.234918 0.143971 0.088108
53 0.177525 0.236030 0.153586 0.089573
51 0.402413 0.643041 0.029598 0.035315
53 0.910558 0.435385 0.148856 0.088353
53 0.468687 0.167866 0.146058 0.086177
53 0.174034 0.660316 0.144581 0.089775
53 0.821373 0.660231 0.145597 0.089770
53 0.528587 0.751855 0.143913 0.086802
53 0.796559 0.659210 0.196300 0.096232
53 0.203485 0.659328 0.204437 0.098295
53 0.115373 0.434374 0.206038 0.094453
53 0.084741 0.435226 0.145022 0.088903
