54 0.240309 0.601657 0.061058 0.040876
54 0.833296 0.601066 0.058941 0.038139
54 0.240098 0.174648 0.060338 0.041639
53 0.504396 0.169170 0.205358 0.101387
54 0.832647 0.172170 0.059604 0.038645
54 0.767758 0.172587 0.061570 0.039764
54 0.083390 0.373544 0.061440 0.039058
54 0.175059 0.173502 0.061674 0.038142
54 0.767657 0.601763 0.060292 0.040469
54 0.174367 0.600965 0.061440 0.038117
54 0.149152 0.374660 0.060638 0.041815
53 0.178335 0.238330 0.149469 0.088767
51 0.309798 0.609962 0.029647 0.037032
53 0.179265 0.666108 0.150212 0.091477
53 0.827879 0.664592 0.150469 0.089517
53 0.827456 0.237141 0.149277 0.089334
53 0.533320 0.756141 0.145286 0.088059
53 0.088499 0.438894 0.149330 0.088940
53 0.888577 0.437608 0.206029 0.101176
53 0.478685 0.168161 0.155390 0.090060
52 0.802633 0.721167 0.146083 0.015688
54 0.535479 0.679105 0.061890 0.060679
