54 0.240204 0.600965 0.060896 0.039180
51 0.761583 0.334705 0.029482 0.036263
54 0.833253 0.601023 0.059031 0.038155
54 0.832602 0.172111 0.059568 0.038634
54 0.767503 0.601624 0.060265 0.040515
54 0.767773 0.172483 0.061514 0.039477
54 0.083378 0.373650 0.061506 0.039076
54 0.149313 0.373461 0.060989 0.039310
54 0.174407 0.601088 0.061529 0.038051
53 0.116727 0.438183 0.205716 0.100518
53 0.830061 0.664901 0.145999 0.089702
53 0.916982 0.437850 0.147849 0.089327
53 0.480145 0.170147 0.158034 0.090558
53 0.182260 0.238702 0.152720 0.090636
53 0.827432 0.237048 0.149803 0.090223
53 0.206981 0.665052 0.208454 0.103093
53 0.532968 0.756591 0.145508 0.088644
52 0.800877 0.721388 0.147135 0.015590
53 0.176456 0.665514 0.144676 0.090610
