54 0.827621 0.596402 0.059453 0.037838
54 0.827380 0.171030 0.059566 0.039843
54 0.762098 0.171416 0.062976 0.040012
51 0.274609 0.325571 0.031047 0.036345
54 0.236468 0.172786 0.060698 0.039996
54 0.236502 0.597635 0.060298 0.039987
54 0.147078 0.371511 0.060293 0.038631
54 0.171638 0.172732 0.059872 0.038505
54 0.762227 0.597741 0.062003 0.039481
54 0.467760 0.103840 0.059063 0.037614
54 0.082429 0.371998 0.060240 0.037910
53 0.471648 0.168910 0.145629 0.088519
54 0.171791 0.596402 0.059039 0.037730
53 0.821709 0.660137 0.147689 0.087978
53 0.177785 0.661552 0.149751 0.088330
54 0.531617 0.105456 0.059873 0.040608
53 0.822349 0.235897 0.144984 0.088306
53 0.115632 0.435475 0.204270 0.099672
53 0.205256 0.236481 0.205084 0.099161
53 0.528787 0.750931 0.145917 0.089409
53 0.881682 0.434419 0.207232 0.099845
53 0.175063 0.237207 0.143629 0.089677
53 0.791917 0.234234 0.208058 0.097500
