54 0.823018 0.595000 0.060007 0.037718
54 0.146738 0.370577 0.058867 0.037611
54 0.913072 0.369997 0.060264 0.037015
53 0.525774 0.749904 0.144938 0.084285
54 0.235798 0.595778 0.059775 0.037472
54 0.758802 0.171633 0.061141 0.039840
54 0.848323 0.371427 0.060089 0.039848
54 0.823201 0.170586 0.060152 0.038684
54 0.081367 0.370546 0.060295 0.037634
54 0.530487 0.104728 0.059134 0.038527
54 0.465918 0.104077 0.058456 0.036916
54 0.758447 0.595867 0.060595 0.037433
54 0.171655 0.594527 0.060889 0.037014
53 0.471630 0.167964 0.149585 0.088911
53 0.176232 0.659167 0.147956 0.088791
52 0.878636 0.491065 0.146035 0.016245
53 0.819093 0.235274 0.145620 0.087670
53 0.908956 0.434283 0.147873 0.089090
53 0.819520 0.658797 0.143239 0.090366
53 0.790640 0.658249 0.201332 0.095161
53 0.116017 0.432993 0.206703 0.099322
