53 0.530442 0.739081 0.140274 0.085215
51 0.406475 0.631193 0.029398 0.035068
54 0.092387 0.366239 0.058690 0.035805
54 0.242649 0.171709 0.058839 0.038471
54 0.242434 0.587433 0.059037 0.038689
54 0.156099 0.366267 0.058718 0.037879
54 0.179956 0.170672 0.058108 0.038139
53 0.502558 0.166705 0.201818 0.102158
53 0.816025 0.232628 0.144225 0.088137
54 0.178962 0.586394 0.058950 0.037277
52 0.480044 0.792025 0.092892 0.013469
53 0.877203 0.427297 0.196714 0.092302
53 0.814363 0.650412 0.146611 0.087983
53 0.107402 0.428750 0.165302 0.090209
53 0.183891 0.234623 0.143737 0.089723
53 0.214416 0.649943 0.204388 0.097924
53 0.212040 0.231841 0.202301 0.099175
