54 0.819650 0.200408 0.059746 0.039390
54 0.916646 0.506320 0.060794 0.038385
54 0.148070 0.506661 0.060940 0.039713
54 0.852122 0.506963 0.059331 0.039219
54 0.114766 0.199647 0.060333 0.037289
54 0.884204 0.199461 0.060714 0.037595
54 0.468186 0.103807 0.058728 0.037680
53 0.913468 0.570565 0.146284 0.088495
53 0.473109 0.168766 0.147108 0.089243
54 0.532769 0.104896 0.059003 0.039788
54 0.180372 0.201609 0.060727 0.040284
54 0.083068 0.506323 0.060626 0.038462
51 0.545405 0.273752 0.028926 0.036408
53 0.121820 0.263857 0.150938 0.089613
53 0.529535 0.752417 0.146750 0.089114
53 0.879608 0.264196 0.146238 0.089588
53 0.116277 0.571615 0.205758 0.099603
53 0.089518 0.571574 0.151988 0.090862
53 0.850938 0.262274 0.206435 0.099349
