54 0.827685 0.596452 0.059697 0.038281
51 0.274580 0.325812 0.031359 0.037108
54 0.827461 0.170910 0.059481 0.039690
53 0.116260 0.434763 0.205249 0.101162
54 0.761999 0.171667 0.063052 0.040405
53 0.206063 0.237725 0.203505 0.100499
54 0.762162 0.597323 0.062173 0.038685
53 0.821839 0.234730 0.146571 0.088745
53 0.528342 0.750804 0.147389 0.090171
53 0.881746 0.434343 0.207365 0.100203
53 0.500045 0.168979 0.204347 0.091885
52 0.789794 0.291654 0.132344 0.015035
53 0.793377 0.660358 0.205404 0.101845
53 0.183585 0.662064 0.159783 0.093124
53 0.822179 0.661031 0.145776 0.089538
