53 0.524680 0.740769 0.144144 0.085399
54 0.755014 0.170291 0.059823 0.039766
53 0.786245 0.652245 0.201450 0.099393
51 0.792700 0.502638 0.027785 0.035085
53 0.207253 0.652289 0.200919 0.101828
54 0.819082 0.169041 0.058558 0.037817
53 0.207241 0.233077 0.201892 0.104676
53 0.897421 0.429530 0.155202 0.087891
53 0.471318 0.166677 0.149518 0.088215
54 0.528464 0.664823 0.058655 0.060049
53 0.817245 0.233369 0.137702 0.086118
53 0.104724 0.429283 0.175614 0.093891
52 0.786111 0.289797 0.141973 0.017055
