53 0.530390 0.739355 0.139174 0.085559
53 0.212765 0.233455 0.200884 0.100262
54 0.845549 0.366931 0.059023 0.037495
54 0.908871 0.366480 0.059663 0.036417
54 0.821706 0.169317 0.059054 0.038057
54 0.757356 0.170390 0.059629 0.038712
53 0.903059 0.428646 0.146065 0.087353
53 0.100701 0.428622 0.150212 0.088101
51 0.544622 0.270260 0.028844 0.035571
53 0.475703 0.166660 0.149231 0.088841
52 0.489624 0.792772 0.114030 0.014862
53 0.815091 0.232910 0.145686 0.087592
53 0.788467 0.649254 0.199452 0.099365
53 0.189670 0.649419 0.155144 0.092048
53 0.817041 0.649925 0.142054 0.091716
53 0.500464 0.167030 0.200035 0.095261
