51 0.277527 0.327795 0.030214 0.037270
54 0.240262 0.601601 0.061083 0.040894
54 0.240130 0.174589 0.060254 0.041677
54 0.083381 0.373558 0.061454 0.039061
54 0.175051 0.173492 0.061696 0.038145
54 0.832657 0.172105 0.059653 0.038564
54 0.536391 0.105006 0.061485 0.040784
54 0.767717 0.172546 0.061430 0.039688
54 0.471090 0.104048 0.060592 0.038653
53 0.475467 0.169579 0.148099 0.088778
54 0.149141 0.374640 0.060627 0.041808
54 0.174381 0.600981 0.061487 0.038190
54 0.858417 0.374377 0.060678 0.041170
53 0.178474 0.238181 0.149729 0.088758
53 0.178961 0.666101 0.149561 0.091346
54 0.922813 0.373376 0.060053 0.039802
53 0.798617 0.665481 0.207094 0.103417
53 0.827952 0.237293 0.148859 0.089726
53 0.088371 0.438922 0.149080 0.089137
53 0.919675 0.438393 0.145082 0.089560
53 0.532760 0.756553 0.149546 0.090625
54 0.535276 0.679027 0.061562 0.060723
