53 0.880903 0.430375 0.201094 0.098602
54 0.243742 0.589499 0.059482 0.038928
53 0.531316 0.741483 0.145065 0.085316
54 0.244140 0.171549 0.060746 0.039486
54 0.155988 0.366978 0.058895 0.037883
54 0.091970 0.366846 0.059055 0.036821
54 0.470917 0.102905 0.059394 0.038208
54 0.179564 0.589182 0.059568 0.037589
54 0.179741 0.170638 0.059245 0.037208
53 0.792382 0.232354 0.202898 0.100113
54 0.534429 0.104028 0.059047 0.040317
53 0.474437 0.167110 0.143376 0.088454
51 0.218945 0.366810 0.027855 0.034438
53 0.183355 0.233907 0.144734 0.087862
53 0.212755 0.651993 0.201737 0.100314
53 0.818978 0.652531 0.149151 0.087692
53 0.125366 0.429463 0.201140 0.099261
53 0.821680 0.232573 0.143668 0.090925
52 0.502581 0.795849 0.141234 0.015092
