54 0.247165 0.589866 0.059490 0.039490
51 0.284868 0.320836 0.028536 0.036416
54 0.916883 0.366873 0.058489 0.036733
54 0.853946 0.367371 0.057749 0.037339
53 0.535121 0.741155 0.144125 0.086006
54 0.828031 0.588216 0.059478 0.036440
54 0.764244 0.589824 0.060347 0.039609
54 0.474213 0.102708 0.060621 0.038284
54 0.828641 0.169272 0.058084 0.037935
54 0.764560 0.169865 0.060775 0.039101
54 0.182644 0.588929 0.059709 0.037440
54 0.182627 0.170615 0.059727 0.037247
54 0.246958 0.170712 0.059509 0.039738
53 0.098555 0.430519 0.143481 0.089895
54 0.537973 0.103693 0.059216 0.039860
54 0.094630 0.367087 0.059909 0.036515
53 0.476921 0.166985 0.142357 0.088320
53 0.822603 0.652673 0.147640 0.087707
53 0.822128 0.231606 0.148832 0.090170
54 0.159593 0.367889 0.059513 0.039530
52 0.880040 0.485518 0.129414 0.014264
53 0.187906 0.234400 0.146636 0.090071
53 0.216686 0.651064 0.202365 0.102206
53 0.902255 0.430866 0.167247 0.090912
53 0.216532 0.232231 0.204950 0.096980
