53 0.789705 0.662575 0.202477 0.101188
53 0.498402 0.170136 0.203972 0.099390
54 0.146802 0.374032 0.060068 0.038933
54 0.081470 0.373554 0.060700 0.038331
54 0.171683 0.598082 0.058677 0.036673
54 0.236615 0.598767 0.059633 0.038222
54 0.913541 0.373712 0.060033 0.038633
51 0.401953 0.643473 0.029942 0.036018
53 0.114887 0.436929 0.203039 0.099368
54 0.848783 0.374456 0.060394 0.039593
53 0.815194 0.237602 0.154698 0.090089
53 0.527741 0.751348 0.143527 0.088964
53 0.908808 0.437891 0.148606 0.088469
53 0.204521 0.238717 0.203223 0.098959
53 0.204909 0.662278 0.208079 0.107005
53 0.178966 0.239551 0.151053 0.091094
53 0.172734 0.662487 0.140405 0.088288
