51 0.752716 0.332326 0.029864 0.035234
54 0.823066 0.595068 0.059903 0.037740
53 0.205071 0.236819 0.202658 0.101239
54 0.758761 0.171628 0.060955 0.039756
54 0.823168 0.170571 0.060018 0.038592
53 0.115941 0.431662 0.204902 0.101358
54 0.530569 0.104763 0.058891 0.038661
53 0.525985 0.748091 0.146197 0.089529
54 0.466015 0.104063 0.058228 0.036947
54 0.758461 0.595533 0.059539 0.038072
53 0.904706 0.434153 0.153051 0.088379
53 0.819015 0.234758 0.145542 0.087893
53 0.471541 0.168037 0.149869 0.088908
53 0.183472 0.659259 0.160653 0.093856
53 0.821732 0.658702 0.139453 0.088103
52 0.787958 0.715008 0.133608 0.014464
