54 0.242837 0.587690 0.059833 0.038985
53 0.529885 0.738733 0.141519 0.085449
51 0.311881 0.595769 0.028476 0.034709
54 0.242784 0.171789 0.060030 0.039030
54 0.821641 0.586436 0.059951 0.037420
54 0.756842 0.587658 0.059473 0.038823
54 0.155956 0.366837 0.059183 0.039180
54 0.092328 0.366384 0.059058 0.035990
54 0.179839 0.170643 0.058186 0.037984
53 0.098446 0.427886 0.148087 0.087818
54 0.179087 0.586371 0.059449 0.037261
53 0.878661 0.428832 0.194115 0.096623
53 0.182285 0.234239 0.142000 0.086994
53 0.788218 0.232111 0.200384 0.101675
53 0.187114 0.650851 0.149872 0.088950
53 0.475954 0.166357 0.149886 0.089216
54 0.532102 0.662087 0.060785 0.060846
53 0.818778 0.650399 0.139835 0.088910
52 0.788113 0.704481 0.132932 0.014200
