54 0.155281 0.368516 0.057231 0.038466
54 0.916650 0.367576 0.057486 0.037038
51 0.218604 0.368273 0.027633 0.033000
54 0.852708 0.369516 0.057340 0.040334
54 0.091306 0.367670 0.058351 0.036852
53 0.212429 0.653332 0.202562 0.102066
53 0.822188 0.232371 0.145228 0.087187
53 0.913042 0.430673 0.144493 0.089066
53 0.821871 0.654297 0.146638 0.091166
53 0.533196 0.743962 0.141753 0.087061
53 0.184798 0.234762 0.148422 0.088908
53 0.118896 0.432006 0.194679 0.092181
53 0.093379 0.430599 0.143287 0.086889
