54 0.240243 0.601107 0.060800 0.039335
54 0.536409 0.105294 0.061441 0.041567
54 0.149290 0.373393 0.061013 0.039446
54 0.083388 0.373633 0.061476 0.039234
54 0.470926 0.103991 0.059902 0.038316
54 0.858416 0.374296 0.060799 0.041090
54 0.174375 0.601124 0.061463 0.038011
53 0.475084 0.169508 0.146933 0.088137
54 0.922702 0.373393 0.059770 0.039060
51 0.309800 0.609501 0.029693 0.036298
53 0.116850 0.438119 0.205337 0.100225
53 0.827170 0.665584 0.150434 0.090034
53 0.798586 0.236419 0.208616 0.101833
53 0.207269 0.665460 0.208585 0.101327
53 0.919624 0.438449 0.145107 0.089259
53 0.534994 0.757627 0.142198 0.088604
52 0.503271 0.812688 0.143585 0.015712
53 0.181168 0.665807 0.154437 0.092482
53 0.828196 0.236207 0.148877 0.093977
53 0.799063 0.664236 0.206302 0.099279
