51 0.802769 0.503191 0.029602 0.034985
54 0.916801 0.366914 0.058744 0.036891
53 0.535111 0.741167 0.143255 0.086328
54 0.764223 0.589773 0.060476 0.039566
54 0.853803 0.367379 0.057889 0.037522
54 0.828628 0.169259 0.058123 0.037908
54 0.828282 0.588375 0.058557 0.036192
54 0.764351 0.169865 0.060237 0.038998
54 0.474213 0.102689 0.060603 0.038374
54 0.159451 0.367214 0.059050 0.037958
53 0.216345 0.651033 0.203210 0.103718
54 0.182625 0.170579 0.059766 0.037213
54 0.247014 0.170878 0.059652 0.039170
54 0.537996 0.103693 0.059276 0.039921
53 0.477206 0.166526 0.142515 0.087232
54 0.094589 0.367141 0.059911 0.036571
53 0.822273 0.652723 0.147564 0.088149
53 0.100757 0.429938 0.148848 0.088128
53 0.823237 0.233404 0.144973 0.086984
54 0.537838 0.664502 0.060697 0.060652
53 0.187519 0.234623 0.145670 0.089611
53 0.794779 0.231489 0.203251 0.092281
53 0.215764 0.232105 0.202284 0.097667
53 0.883443 0.428753 0.204487 0.094389
53 0.128103 0.430264 0.205328 0.096679
