54 0.833277 0.600966 0.058993 0.038253
54 0.239619 0.601582 0.061020 0.040554
54 0.833006 0.172245 0.059961 0.038725
54 0.083403 0.373550 0.061458 0.038991
54 0.768077 0.172508 0.060512 0.040030
54 0.858374 0.374064 0.060802 0.040314
54 0.767617 0.601659 0.060213 0.040513
54 0.149243 0.374667 0.060611 0.041301
54 0.174355 0.600892 0.061433 0.038030
51 0.406674 0.646334 0.028957 0.035358
53 0.504153 0.168608 0.204255 0.100296
54 0.922872 0.373449 0.059802 0.038947
53 0.827604 0.665403 0.150793 0.089709
53 0.179148 0.665818 0.149926 0.090971
53 0.827002 0.236446 0.151240 0.089644
53 0.533597 0.756400 0.146045 0.089455
53 0.089003 0.438995 0.150466 0.089208
53 0.480331 0.168172 0.157701 0.091264
53 0.182943 0.238394 0.153758 0.091426
53 0.889160 0.437766 0.208389 0.100150
53 0.921817 0.439525 0.142776 0.088755
