54 0.240023 0.601077 0.060465 0.038810
53 0.208050 0.238321 0.205764 0.100809
54 0.536413 0.105274 0.061421 0.041552
54 0.149190 0.373694 0.060763 0.039784
54 0.767776 0.172487 0.061573 0.039455
54 0.832576 0.172096 0.059663 0.038616
54 0.083361 0.373661 0.061479 0.039152
54 0.470916 0.103901 0.059931 0.038231
54 0.174370 0.601122 0.061464 0.037994
51 0.406751 0.646344 0.029062 0.035563
54 0.858414 0.374327 0.060878 0.041059
53 0.116818 0.438175 0.205428 0.100440
54 0.922686 0.373413 0.059784 0.039091
53 0.476245 0.168829 0.148933 0.089574
53 0.919541 0.438558 0.145204 0.089355
53 0.827747 0.237054 0.149220 0.089347
53 0.532948 0.756411 0.145983 0.088633
53 0.207183 0.664727 0.208100 0.102840
53 0.182872 0.665693 0.157925 0.092666
