54 0.825061 0.595445 0.060263 0.037645
54 0.914524 0.370686 0.059754 0.037877
54 0.237416 0.595650 0.060211 0.038531
54 0.760327 0.595966 0.060036 0.038068
54 0.850166 0.371107 0.060823 0.038588
51 0.210882 0.369755 0.028418 0.036349
54 0.237537 0.172827 0.060447 0.039195
54 0.147914 0.370755 0.059993 0.038118
54 0.172980 0.172727 0.060312 0.037922
53 0.528086 0.750804 0.144823 0.086338
54 0.467027 0.104037 0.058181 0.037142
54 0.082540 0.370943 0.060097 0.038092
54 0.172685 0.595119 0.060025 0.037293
54 0.532015 0.104807 0.059193 0.038666
53 0.471537 0.167980 0.146083 0.087591
53 0.817816 0.659080 0.150898 0.088916
53 0.205416 0.235673 0.204413 0.099056
53 0.817070 0.234569 0.153449 0.089537
53 0.205869 0.659605 0.204631 0.101106
53 0.115932 0.434302 0.203626 0.098713
53 0.175117 0.236438 0.143225 0.089277
53 0.177079 0.659169 0.146654 0.091342
53 0.911551 0.434550 0.145513 0.088139
