54 0.148129 0.506613 0.060919 0.039780
54 0.114814 0.199604 0.060390 0.037219
54 0.180551 0.201208 0.060858 0.039602
54 0.083079 0.506298 0.060718 0.038364
53 0.910366 0.570086 0.149942 0.087697
53 0.529221 0.752827 0.147562 0.086460
51 0.404175 0.641853 0.029078 0.035990
53 0.850792 0.263380 0.206783 0.101361
53 0.120751 0.263879 0.149508 0.089435
53 0.473590 0.167742 0.149495 0.090115
53 0.116294 0.571097 0.205522 0.099773
52 0.498701 0.806626 0.133798 0.016534
53 0.875509 0.263608 0.154766 0.093756
53 0.090151 0.570826 0.152596 0.090229
