53 0.530750 0.739242 0.139888 0.085515
53 0.124973 0.428333 0.199938 0.097656
51 0.795491 0.501943 0.028417 0.035525
54 0.756949 0.587447 0.059070 0.038566
54 0.821581 0.586185 0.060035 0.036969
53 0.212961 0.648630 0.202890 0.102825
53 0.502559 0.166785 0.201516 0.101737
53 0.788068 0.232922 0.201026 0.098665
53 0.902159 0.428779 0.146847 0.086174
53 0.186748 0.233622 0.148332 0.087824
53 0.817056 0.650391 0.143096 0.089370
53 0.789257 0.650016 0.199194 0.091877
53 0.213544 0.232709 0.202984 0.093649
54 0.532082 0.662366 0.060167 0.060425
53 0.876707 0.429030 0.200053 0.090701
