54 0.823675 0.595434 0.060047 0.037678
54 0.848780 0.371550 0.060600 0.039889
54 0.913450 0.370699 0.060453 0.037919
53 0.115783 0.432860 0.204567 0.100254
53 0.526155 0.750519 0.144312 0.086243
54 0.758913 0.596162 0.060368 0.038206
53 0.205159 0.659668 0.202440 0.101931
53 0.499182 0.168359 0.202462 0.099253
53 0.205219 0.235029 0.204446 0.104266
51 0.542128 0.273279 0.028796 0.036256
53 0.905437 0.436467 0.154709 0.091312
53 0.790242 0.231231 0.204715 0.099197
53 0.818172 0.232993 0.148173 0.091527
53 0.820290 0.659026 0.144800 0.089340
53 0.473940 0.168269 0.154553 0.089793
53 0.790312 0.657148 0.206285 0.101815
