54 0.823024 0.595011 0.060007 0.037881
54 0.848150 0.371340 0.060394 0.039564
51 0.752835 0.332212 0.029827 0.035326
54 0.912968 0.370294 0.060473 0.037624
54 0.758749 0.171643 0.060980 0.039689
53 0.526369 0.750381 0.144064 0.087623
54 0.236240 0.172916 0.060067 0.039122
54 0.757857 0.595740 0.060753 0.037675
54 0.530547 0.104727 0.058995 0.038606
54 0.823145 0.170577 0.060035 0.038605
54 0.235797 0.595924 0.059777 0.037618
54 0.466017 0.104057 0.058238 0.036965
54 0.146892 0.370885 0.059612 0.038819
54 0.171521 0.172740 0.059477 0.037604
54 0.081345 0.370362 0.060328 0.037164
53 0.471551 0.167809 0.149658 0.088781
54 0.171598 0.594503 0.061026 0.036927
53 0.818127 0.659060 0.146282 0.089301
53 0.818889 0.235200 0.145695 0.087610
53 0.176676 0.658410 0.147943 0.091607
53 0.204364 0.235248 0.203833 0.099267
53 0.908113 0.434109 0.148055 0.088179
53 0.174983 0.236386 0.144325 0.090118
53 0.086471 0.434494 0.147267 0.088903
52 0.207005 0.713496 0.143171 0.016210
