51 0.792816 0.502759 0.027519 0.035061
53 0.524933 0.741068 0.144259 0.085246
54 0.755230 0.589618 0.059623 0.038742
54 0.149684 0.367453 0.059950 0.038691
54 0.818836 0.588502 0.059592 0.037321
54 0.237595 0.589506 0.060077 0.038630
54 0.843775 0.367564 0.059735 0.037420
54 0.907131 0.366810 0.058570 0.036728
54 0.173332 0.588881 0.059340 0.035706
53 0.900865 0.430009 0.149485 0.087986
54 0.085765 0.367086 0.060598 0.036778
53 0.091616 0.430551 0.150583 0.089513
53 0.786700 0.652172 0.203898 0.098322
53 0.814481 0.652755 0.145392 0.091090
53 0.206815 0.652830 0.204275 0.099905
