54 0.761511 0.589957 0.060003 0.039624
54 0.913832 0.367001 0.059071 0.037115
54 0.825225 0.588519 0.059820 0.037066
54 0.761684 0.169973 0.060060 0.039810
53 0.124775 0.430502 0.202805 0.097332
51 0.546825 0.270103 0.029505 0.035219
53 0.531212 0.740975 0.145818 0.084303
54 0.825446 0.169120 0.059166 0.037709
54 0.850080 0.367336 0.060058 0.037356
54 0.470888 0.102795 0.059362 0.038162
54 0.534732 0.104177 0.059136 0.041045
54 0.244136 0.171116 0.060369 0.038407
53 0.477560 0.166016 0.148814 0.091117
54 0.179964 0.170085 0.058786 0.038369
53 0.820816 0.232073 0.145711 0.088788
53 0.819422 0.652984 0.147231 0.088089
52 0.209487 0.290652 0.143419 0.017502
53 0.179818 0.233772 0.137132 0.086987
53 0.212445 0.652347 0.202607 0.099291
53 0.881538 0.428663 0.202335 0.100928
54 0.534712 0.664600 0.058732 0.059684
