54 0.823014 0.595088 0.060050 0.037817
54 0.912998 0.370197 0.060374 0.037444
53 0.526028 0.750603 0.144030 0.087294
54 0.758777 0.171648 0.061020 0.039633
54 0.236232 0.172964 0.060101 0.039130
54 0.146905 0.370916 0.059585 0.038899
54 0.823145 0.170570 0.060056 0.038551
54 0.235903 0.595929 0.059902 0.037428
54 0.465971 0.104067 0.058311 0.036916
54 0.530557 0.104715 0.059131 0.038466
54 0.081369 0.370363 0.060286 0.037238
54 0.758445 0.595809 0.060452 0.037341
54 0.848119 0.370724 0.059981 0.038374
54 0.171542 0.172750 0.059468 0.037595
51 0.402109 0.639082 0.029442 0.037111
54 0.171650 0.594559 0.060966 0.037029
53 0.204688 0.235473 0.203728 0.099026
53 0.176378 0.659174 0.148221 0.089217
53 0.818140 0.658885 0.146209 0.088800
53 0.818367 0.234865 0.146856 0.087685
53 0.471735 0.167214 0.151092 0.088858
53 0.879861 0.432806 0.205228 0.100537
53 0.086205 0.434358 0.146981 0.088784
53 0.174298 0.236462 0.142864 0.089784
