53 0.883761 0.430322 0.201255 0.099497
54 0.247194 0.589859 0.059417 0.039461
53 0.534317 0.741742 0.146000 0.086688
53 0.216006 0.232841 0.204089 0.102668
54 0.182665 0.588975 0.059817 0.037451
53 0.795114 0.232486 0.203479 0.099949
51 0.802696 0.503019 0.029711 0.035594
53 0.820971 0.652753 0.149842 0.088127
53 0.102248 0.429577 0.151578 0.086881
53 0.216649 0.651017 0.202340 0.102014
53 0.823477 0.232381 0.145984 0.090815
53 0.506780 0.166294 0.201763 0.092228
54 0.537715 0.664841 0.060971 0.059615
52 0.505944 0.796312 0.140942 0.015396
