54 0.146931 0.507275 0.059736 0.040540
54 0.113931 0.199814 0.060394 0.037347
54 0.531820 0.104492 0.058856 0.039028
54 0.467537 0.103924 0.058930 0.037937
53 0.908425 0.570595 0.152216 0.088087
54 0.179213 0.201167 0.059890 0.039461
54 0.082204 0.506310 0.060409 0.038450
51 0.403172 0.641689 0.029013 0.035152
53 0.528224 0.752415 0.145451 0.086005
53 0.501378 0.167640 0.200872 0.098311
53 0.876218 0.264165 0.151782 0.090785
53 0.087543 0.570660 0.149096 0.088991
53 0.147460 0.264271 0.205061 0.099750
53 0.473196 0.168356 0.149662 0.089604
52 0.120839 0.321094 0.086440 0.013861
