54 0.761482 0.589997 0.060076 0.039628
51 0.546915 0.270402 0.029690 0.035694
54 0.913797 0.367000 0.059185 0.037101
53 0.124543 0.429305 0.201189 0.098783
53 0.531275 0.740820 0.145575 0.084664
54 0.850056 0.367361 0.060249 0.037332
54 0.825217 0.588489 0.059853 0.037043
54 0.244274 0.170668 0.060254 0.039484
54 0.179965 0.170073 0.058811 0.038335
53 0.212737 0.653113 0.202820 0.098803
53 0.819730 0.652973 0.147042 0.088202
53 0.477916 0.165961 0.150350 0.091777
53 0.818818 0.233011 0.148862 0.089389
52 0.209150 0.290558 0.144372 0.017646
53 0.881468 0.428490 0.202234 0.101332
53 0.179454 0.233786 0.136395 0.086750
53 0.211835 0.232791 0.203859 0.098324
54 0.534666 0.664776 0.058790 0.059703
