54 0.155515 0.368503 0.057851 0.039125
54 0.917315 0.367444 0.057442 0.037888
54 0.244225 0.591762 0.058540 0.040225
54 0.853198 0.369487 0.057183 0.041112
54 0.180294 0.591647 0.059583 0.037107
54 0.090535 0.367496 0.058529 0.037231
53 0.533077 0.745172 0.143906 0.089757
54 0.180073 0.171515 0.059924 0.037187
51 0.218589 0.368586 0.027441 0.032896
54 0.243883 0.173218 0.058602 0.038110
54 0.472025 0.103859 0.059768 0.036657
54 0.763996 0.170938 0.058798 0.039279
54 0.828305 0.169800 0.057456 0.037256
53 0.474263 0.167007 0.146002 0.084930
53 0.914292 0.430899 0.143893 0.088173
53 0.823998 0.232488 0.143884 0.088913
54 0.535373 0.104514 0.058532 0.038003
53 0.182872 0.654748 0.144633 0.089656
53 0.183141 0.234538 0.145712 0.088796
53 0.095500 0.430664 0.148273 0.087649
52 0.793224 0.290437 0.131157 0.016039
54 0.535143 0.667090 0.059044 0.059522
53 0.123978 0.430145 0.205821 0.091641
