54 0.823615 0.595377 0.060238 0.037855
54 0.848823 0.371487 0.060490 0.039597
54 0.913512 0.370529 0.060279 0.037472
54 0.146774 0.371737 0.059345 0.040052
54 0.236338 0.595834 0.060034 0.038593
54 0.531096 0.104647 0.059091 0.038430
51 0.273683 0.324379 0.029929 0.035943
54 0.823865 0.170661 0.060150 0.038679
54 0.759455 0.171568 0.060796 0.039005
54 0.466364 0.104072 0.058122 0.036997
54 0.236285 0.173071 0.059922 0.039393
54 0.081468 0.370763 0.060420 0.037624
54 0.171532 0.172845 0.059738 0.037801
54 0.758925 0.596055 0.060714 0.037379
54 0.171435 0.595236 0.059367 0.037357
53 0.526598 0.750646 0.144107 0.087118
53 0.817755 0.659385 0.148336 0.088727
52 0.878999 0.491412 0.145438 0.015993
53 0.176263 0.236193 0.147024 0.090709
53 0.819278 0.235370 0.146011 0.088544
53 0.909530 0.434639 0.148388 0.088527
53 0.086996 0.434908 0.147731 0.087052
53 0.500227 0.166983 0.200309 0.099893
53 0.468501 0.168470 0.144058 0.090119
53 0.176597 0.658988 0.147242 0.090985
53 0.204862 0.658781 0.205611 0.101318
