53 0.525681 0.750744 0.145917 0.086489
53 0.204974 0.236555 0.202443 0.100304
53 0.788960 0.659151 0.202876 0.100752
51 0.752795 0.332266 0.029808 0.035420
54 0.146935 0.370857 0.059595 0.038718
53 0.905671 0.434189 0.150412 0.089606
54 0.081322 0.370347 0.060422 0.037085
53 0.472898 0.167170 0.152375 0.089300
53 0.817806 0.234378 0.148563 0.089208
53 0.181007 0.659226 0.155489 0.092273
53 0.086996 0.434368 0.148300 0.089595
28 0.564773 0.413853 0.060754 0.120810
52 0.495865 0.803793 0.132029 0.014236
