53 0.549630 0.740853 0.144743 0.085800
51 0.817990 0.502777 0.027076 0.033617
54 0.780511 0.589626 0.059345 0.038692
54 0.780359 0.170030 0.059739 0.039373
54 0.843975 0.588399 0.059411 0.037155
54 0.198627 0.588782 0.059596 0.035446
54 0.554637 0.103223 0.058950 0.040235
54 0.262759 0.589411 0.059881 0.038469
54 0.263257 0.170860 0.059747 0.039905
54 0.490536 0.102777 0.057574 0.037960
54 0.844232 0.169151 0.058313 0.037806
54 0.869085 0.367607 0.059436 0.037666
54 0.199102 0.170205 0.060055 0.038310
54 0.932388 0.366698 0.058641 0.036587
53 0.231800 0.653797 0.202435 0.103458
53 0.927838 0.430118 0.143950 0.087858
53 0.495491 0.166379 0.147097 0.088373
53 0.839959 0.232011 0.145558 0.088104
54 0.553472 0.664735 0.058577 0.059987
53 0.202310 0.233656 0.144227 0.087958
51 0.462811 0.592881 0.025713 0.037199
53 0.811742 0.652246 0.203554 0.097985
51 0.711572 0.550401 0.027044 0.035016
53 0.204141 0.653624 0.147819 0.091671
53 0.840707 0.652413 0.142722 0.090039
28 0.553832 0.664847 0.058443 0.060521
