51 0.678852 0.594172 0.028622 0.033502
54 0.234367 0.592280 0.059489 0.039384
54 0.145283 0.367890 0.058601 0.038269
53 0.523626 0.744575 0.148030 0.089266
54 0.170929 0.591354 0.058650 0.036709
53 0.174662 0.235118 0.148789 0.089837
54 0.081139 0.367612 0.058613 0.037677
53 0.174024 0.654211 0.144559 0.089845
53 0.814727 0.654846 0.144675 0.090425
53 0.465940 0.164765 0.146879 0.087896
53 0.113503 0.430266 0.201727 0.099423
53 0.815776 0.231893 0.139709 0.090631
53 0.877371 0.429084 0.197971 0.092525
53 0.783908 0.230631 0.205158 0.095218
53 0.087809 0.431646 0.148906 0.088161
54 0.865807 0.822573 0.075982 0.038809
52 0.492696 0.800773 0.138594 0.015306
