54 0.916200 0.506856 0.060832 0.038198
54 0.819184 0.200538 0.059965 0.039423
54 0.147062 0.506965 0.060217 0.039505
54 0.851397 0.507295 0.060022 0.039149
54 0.114003 0.199840 0.060461 0.037249
54 0.467770 0.103843 0.058876 0.037656
54 0.883868 0.199639 0.060854 0.037486
54 0.179407 0.201608 0.060111 0.040156
53 0.472193 0.168400 0.146302 0.087435
54 0.082144 0.506813 0.060500 0.038264
54 0.531839 0.105058 0.059137 0.039872
53 0.913267 0.570528 0.145847 0.087885
53 0.528019 0.753106 0.147505 0.086790
53 0.120776 0.264027 0.152470 0.089561
51 0.544141 0.273678 0.028701 0.036032
52 0.499593 0.806707 0.139824 0.015739
53 0.114972 0.571185 0.204994 0.099797
53 0.878711 0.264225 0.147021 0.089689
51 0.762026 0.545190 0.024818 0.034611
53 0.090253 0.570951 0.154236 0.090656
53 0.850585 0.262269 0.205849 0.099177
