51 0.749600 0.329308 0.030138 0.036705
53 0.525960 0.742154 0.144394 0.085789
53 0.090827 0.429858 0.146433 0.087904
53 0.786989 0.652286 0.201932 0.099470
53 0.207922 0.651408 0.202194 0.104874
53 0.897509 0.429547 0.156315 0.087454
53 0.182123 0.233925 0.149430 0.088730
54 0.086753 0.367201 0.060109 0.037081
53 0.814509 0.232660 0.145977 0.088351
54 0.150708 0.367683 0.058570 0.039479
53 0.471061 0.165788 0.147638 0.089873
54 0.529190 0.665533 0.058883 0.060291
52 0.496468 0.795538 0.132654 0.013966
