51 0.406848 0.646673 0.028761 0.036015
54 0.858374 0.374330 0.060672 0.040887
54 0.922587 0.373445 0.059733 0.039050
53 0.207279 0.664738 0.202948 0.099540
53 0.479032 0.169417 0.155404 0.090836
53 0.826717 0.665642 0.150386 0.090284
53 0.798370 0.236718 0.208567 0.101778
53 0.532808 0.755484 0.147383 0.090100
53 0.182685 0.239429 0.153077 0.090569
53 0.919697 0.438789 0.146038 0.088806
53 0.091471 0.438196 0.154881 0.090062
53 0.828233 0.236493 0.148532 0.094295
53 0.799594 0.664788 0.205133 0.098894
