54 0.822996 0.594949 0.060061 0.037874
53 0.205114 0.236532 0.202437 0.101037
53 0.526253 0.750110 0.144194 0.086209
51 0.752760 0.332263 0.029714 0.035316
54 0.235836 0.595757 0.059449 0.038346
54 0.758290 0.595754 0.060612 0.037460
54 0.171508 0.594669 0.059792 0.037224
53 0.817507 0.658301 0.147654 0.089625
53 0.905630 0.434030 0.150811 0.089497
53 0.176781 0.658442 0.148177 0.091742
53 0.472996 0.166814 0.152627 0.088703
53 0.817702 0.234573 0.148783 0.088983
53 0.114647 0.432050 0.203242 0.098072
52 0.207124 0.713440 0.142962 0.016252
