53 0.880276 0.432741 0.208999 0.095712
54 0.823772 0.595320 0.060207 0.037494
51 0.273734 0.324414 0.030206 0.036172
54 0.531086 0.104796 0.058795 0.038195
54 0.236507 0.595748 0.060192 0.038405
54 0.465852 0.104218 0.058671 0.036533
53 0.526075 0.750780 0.144520 0.084256
54 0.759623 0.171646 0.060597 0.039735
54 0.147042 0.371022 0.059368 0.038536
54 0.823884 0.170655 0.059957 0.038663
54 0.758931 0.596118 0.060899 0.038682
54 0.236307 0.173248 0.060097 0.039429
54 0.171474 0.595216 0.059444 0.037319
53 0.176678 0.236506 0.148490 0.089226
54 0.081576 0.370713 0.060160 0.037388
54 0.171733 0.172734 0.059518 0.037619
53 0.821351 0.234377 0.143444 0.088972
53 0.205150 0.660678 0.203954 0.102572
53 0.819445 0.658430 0.145715 0.085865
53 0.469162 0.167390 0.147288 0.090338
53 0.174317 0.659282 0.142398 0.090937
52 0.789067 0.714605 0.133041 0.015197
53 0.497455 0.166721 0.202700 0.095482
53 0.568883 0.163485 0.063974 0.081698
