54 0.850170 0.367654 0.059977 0.037711
54 0.913870 0.367009 0.059062 0.037030
54 0.243736 0.589517 0.059501 0.038967
54 0.761732 0.170053 0.060307 0.039943
54 0.244132 0.171546 0.060800 0.039527
51 0.546834 0.270168 0.029551 0.035111
53 0.531230 0.741593 0.145580 0.085216
54 0.825480 0.169029 0.059026 0.037583
54 0.091958 0.366895 0.059202 0.036805
54 0.470940 0.102883 0.059356 0.038227
54 0.179570 0.589176 0.059699 0.037662
54 0.156041 0.366965 0.059170 0.037987
53 0.909324 0.430041 0.145390 0.087496
54 0.179720 0.170633 0.059274 0.037243
54 0.534411 0.104015 0.059009 0.040365
53 0.475826 0.166667 0.145988 0.087650
53 0.821159 0.232661 0.143756 0.088826
53 0.183456 0.234017 0.145349 0.087467
53 0.212692 0.652025 0.201947 0.100422
53 0.125176 0.429817 0.201044 0.098435
53 0.793054 0.651655 0.201577 0.099614
53 0.820392 0.651845 0.144960 0.092290
52 0.503320 0.795666 0.142194 0.014919
