51 0.752783 0.332260 0.029720 0.035190
54 0.823041 0.594971 0.059980 0.037796
54 0.913034 0.370231 0.060308 0.037544
54 0.848294 0.371542 0.060180 0.040131
53 0.524936 0.751212 0.146660 0.085909
54 0.758738 0.171644 0.061056 0.039720
54 0.146779 0.370612 0.058939 0.037645
54 0.236251 0.172914 0.060050 0.039108
54 0.235822 0.595860 0.059798 0.037501
54 0.530556 0.104722 0.058989 0.038623
54 0.823158 0.170604 0.060036 0.038622
54 0.466029 0.104056 0.058268 0.036979
54 0.171550 0.172727 0.059463 0.037569
54 0.757849 0.595828 0.060779 0.037637
54 0.081355 0.370475 0.060259 0.037425
54 0.171653 0.594534 0.060989 0.037074
53 0.471402 0.168425 0.149789 0.089964
53 0.176211 0.659172 0.147829 0.089210
53 0.818691 0.235082 0.146161 0.087702
53 0.204497 0.235352 0.203877 0.099330
52 0.487636 0.803698 0.114738 0.013674
53 0.174917 0.236574 0.144224 0.090315
53 0.908121 0.434030 0.148823 0.087510
53 0.819457 0.658684 0.143272 0.090507
53 0.115227 0.431855 0.205441 0.100895
53 0.789539 0.656942 0.204353 0.100814
54 0.529361 0.670343 0.059346 0.062361
