54 0.822984 0.595042 0.059999 0.037913
54 0.913017 0.370349 0.060237 0.037600
53 0.526233 0.750537 0.144142 0.086826
54 0.759068 0.171240 0.060565 0.039582
54 0.465897 0.104154 0.058656 0.036430
54 0.146964 0.370691 0.059584 0.038168
54 0.823177 0.170566 0.060028 0.038835
51 0.402044 0.639065 0.029345 0.037109
54 0.530878 0.105215 0.058739 0.039086
54 0.848206 0.370790 0.059983 0.038593
54 0.235740 0.595799 0.059261 0.037334
54 0.081399 0.370429 0.060382 0.037270
54 0.758495 0.595868 0.060419 0.037510
54 0.171450 0.594712 0.059352 0.037167
53 0.180371 0.235926 0.154449 0.092307
53 0.177322 0.658803 0.148432 0.092275
53 0.818705 0.235073 0.145176 0.087491
53 0.818057 0.659327 0.146105 0.089214
53 0.469297 0.167812 0.147380 0.090643
53 0.114581 0.432986 0.205312 0.098082
