51 0.790828 0.355186 0.029836 0.035860
54 0.818637 0.201088 0.060005 0.040372
54 0.915785 0.506180 0.060602 0.038187
54 0.850947 0.506770 0.060569 0.039457
54 0.147094 0.506771 0.060494 0.039466
54 0.113926 0.199758 0.060423 0.037340
54 0.467479 0.103798 0.058907 0.037574
53 0.473228 0.168077 0.149276 0.088181
54 0.883348 0.199515 0.061051 0.037430
54 0.531606 0.105157 0.059406 0.040214
54 0.082117 0.506440 0.060392 0.038516
54 0.179247 0.201526 0.060424 0.040378
53 0.088081 0.570539 0.151046 0.089343
53 0.912077 0.570181 0.147258 0.088608
53 0.528666 0.752442 0.144974 0.087623
53 0.878307 0.264227 0.147229 0.090252
53 0.120760 0.263787 0.152677 0.089665
51 0.440211 0.602014 0.026988 0.033066
