51 0.202145 0.488598 0.029921 0.036537
54 0.146999 0.506769 0.059780 0.039546
54 0.114002 0.199847 0.060474 0.037261
54 0.467724 0.103876 0.059023 0.037644
54 0.531826 0.105147 0.059176 0.039970
54 0.082141 0.506833 0.060525 0.038217
54 0.179415 0.201539 0.060104 0.040043
53 0.471301 0.168687 0.144372 0.087860
53 0.909943 0.570266 0.149883 0.087550
53 0.850262 0.263519 0.206914 0.101175
53 0.528228 0.752911 0.147374 0.088353
53 0.121041 0.264010 0.152943 0.089632
53 0.115127 0.571442 0.204735 0.100160
52 0.498680 0.807055 0.134774 0.016712
