54 0.823035 0.595005 0.059838 0.037691
51 0.683028 0.595910 0.029371 0.034641
54 0.913074 0.370328 0.060223 0.037673
54 0.146992 0.370562 0.059640 0.038150
53 0.497150 0.167862 0.204390 0.099019
53 0.525729 0.750626 0.144493 0.087995
54 0.823229 0.170558 0.060050 0.038598
54 0.236130 0.595500 0.059849 0.037901
54 0.758817 0.171591 0.060779 0.039189
54 0.081320 0.370389 0.060196 0.037261
54 0.171305 0.594816 0.059478 0.037336
54 0.848204 0.370800 0.060040 0.038565
54 0.758401 0.595839 0.060555 0.037300
53 0.180822 0.237748 0.156982 0.092515
53 0.816874 0.659103 0.149302 0.089310
53 0.114639 0.433454 0.203607 0.098316
53 0.818998 0.234895 0.145866 0.087748
53 0.176224 0.658516 0.146580 0.091324
53 0.204995 0.658107 0.206277 0.102368
51 0.228973 0.491397 0.026706 0.033835
