54 0.913004 0.370236 0.060417 0.037607
53 0.205058 0.237110 0.203003 0.101522
54 0.848325 0.371574 0.060228 0.040193
53 0.526276 0.750103 0.144094 0.088560
54 0.758779 0.171675 0.061013 0.039635
54 0.823177 0.170599 0.060043 0.038613
54 0.146893 0.370890 0.059509 0.038766
54 0.530623 0.104717 0.059075 0.038521
54 0.466038 0.104052 0.058156 0.036925
54 0.081343 0.370370 0.060378 0.037164
51 0.273578 0.324545 0.030024 0.036342
53 0.818564 0.235195 0.146770 0.087506
53 0.471878 0.167666 0.151528 0.090126
53 0.908564 0.434291 0.147062 0.088601
53 0.180745 0.659407 0.155072 0.092116
53 0.086873 0.434125 0.147998 0.089346
