54 0.832570 0.172151 0.059679 0.038799
54 0.767738 0.172521 0.061512 0.039718
54 0.922675 0.373343 0.059730 0.038781
54 0.858465 0.374048 0.060417 0.040031
51 0.548515 0.275648 0.030617 0.037218
53 0.478931 0.169444 0.155081 0.090045
53 0.827600 0.236909 0.149567 0.089486
53 0.825696 0.665384 0.153708 0.091552
52 0.889031 0.495759 0.145683 0.014357
53 0.532739 0.756406 0.146173 0.088805
53 0.207504 0.665103 0.204637 0.103567
53 0.091420 0.437276 0.155214 0.089395
53 0.923757 0.439412 0.138701 0.089086
53 0.183320 0.237644 0.154407 0.092589
53 0.800685 0.235521 0.204825 0.096484
