51 0.274523 0.325581 0.031137 0.036326
54 0.147176 0.372445 0.060925 0.040571
53 0.881177 0.434865 0.206661 0.098215
54 0.171547 0.596295 0.060580 0.038122
54 0.236121 0.597875 0.059826 0.041310
54 0.082425 0.371691 0.060168 0.037889
53 0.792190 0.661728 0.204969 0.100703
53 0.820730 0.234913 0.148356 0.089839
53 0.528167 0.750577 0.147274 0.089738
53 0.176795 0.660244 0.147981 0.090657
53 0.475755 0.168534 0.156077 0.089434
53 0.180441 0.237372 0.153374 0.089998
53 0.087983 0.435966 0.149461 0.090098
