53 0.530364 0.739209 0.140756 0.085793
54 0.242875 0.587829 0.059984 0.039195
54 0.242762 0.171813 0.059963 0.039046
51 0.280799 0.321069 0.028587 0.036364
54 0.757301 0.170421 0.059650 0.038819
54 0.821695 0.169313 0.059062 0.038009
54 0.756832 0.587646 0.059421 0.038642
54 0.155977 0.366841 0.059209 0.039260
54 0.821682 0.586498 0.059962 0.037287
54 0.092335 0.366432 0.059076 0.036048
54 0.468730 0.104320 0.058037 0.036483
54 0.179865 0.170644 0.058231 0.037998
53 0.098450 0.428130 0.148139 0.088535
54 0.532943 0.105403 0.058986 0.038539
54 0.179045 0.586351 0.059448 0.037322
53 0.473833 0.167100 0.144270 0.089148
53 0.182230 0.234469 0.141888 0.087405
53 0.186891 0.651109 0.149282 0.089003
53 0.820787 0.234037 0.134308 0.086493
53 0.818939 0.650018 0.139228 0.089063
