51 0.217203 0.361835 0.028440 0.035501
54 0.819190 0.200524 0.059955 0.039385
54 0.147089 0.506931 0.060151 0.039459
54 0.113999 0.199846 0.060457 0.037271
54 0.467754 0.103845 0.058955 0.037628
54 0.883883 0.199647 0.060856 0.037409
54 0.531826 0.105069 0.059240 0.039862
53 0.471857 0.168325 0.145741 0.087222
54 0.082152 0.506804 0.060473 0.038273
54 0.179414 0.201606 0.060115 0.040178
53 0.909937 0.570280 0.149845 0.087443
53 0.529113 0.753064 0.146028 0.086658
53 0.120531 0.263985 0.152054 0.089849
52 0.498060 0.807453 0.133519 0.016399
53 0.115017 0.571230 0.204916 0.099850
53 0.878886 0.264229 0.146550 0.089570
53 0.090970 0.570998 0.155600 0.091066
53 0.850771 0.262150 0.205396 0.099222
