52 0.795412 0.501946 0.028029 0.034953
54 0.530129 0.739266 0.141136 0.084811
55 0.242776 0.171787 0.060076 0.039070
55 0.756914 0.587700 0.059360 0.038763
55 0.845474 0.366902 0.059337 0.037478
55 0.909163 0.366479 0.059016 0.037329
55 0.092683 0.366181 0.058080 0.036405
55 0.821690 0.169296 0.059097 0.037995
55 0.757307 0.170405 0.059711 0.038805
55 0.156077 0.366288 0.058543 0.037947
55 0.821699 0.586360 0.060015 0.037302
55 0.468716 0.104319 0.058172 0.036545
55 0.179841 0.170592 0.058211 0.038025
54 0.474621 0.166905 0.145786 0.088965
55 0.532869 0.105426 0.059058 0.038626
54 0.904860 0.428424 0.142521 0.085717
54 0.182388 0.234360 0.142012 0.087040
54 0.124979 0.430167 0.200462 0.098294
52 0.689829 0.549237 0.027055 0.034997
54 0.816693 0.233155 0.142284 0.086999
54 0.817571 0.650328 0.141594 0.088478
54 0.189321 0.649446 0.153746 0.091778
53 0.125888 0.483434 0.140344 0.017219
52 0.441370 0.591362 0.025582 0.037195
54 0.791060 0.649364 0.194984 0.093510
54 0.096777 0.427714 0.146308 0.085853
