55 0.761482 0.589997 0.060076 0.039628
52 0.546915 0.270402 0.029690 0.035694
55 0.913797 0.367000 0.059185 0.037101
54 0.124543 0.429305 0.201189 0.098783
54 0.531275 0.740820 0.145575 0.084664
55 0.850056 0.367361 0.060249 0.037332
55 0.825217 0.588489 0.059853 0.037043
55 0.244274 0.170668 0.060254 0.039484
55 0.179965 0.170073 0.058811 0.038335
54 0.212737 0.653113 0.202820 0.098803
54 0.819730 0.652973 0.147042 0.088202
54 0.477916 0.165961 0.150350 0.091777
54 0.818818 0.233011 0.148862 0.089389
53 0.209150 0.290558 0.144372 0.017646
54 0.881468 0.428490 0.202234 0.101332
54 0.179454 0.233786 0.136395 0.086750
54 0.211835 0.232791 0.203859 0.098324
55 0.534666 0.664776 0.058790 0.059703
