55 0.761492 0.590018 0.060093 0.039650
55 0.850353 0.367845 0.059691 0.038091
54 0.531876 0.740866 0.144164 0.085260
55 0.913816 0.367016 0.059176 0.037039
55 0.761668 0.169888 0.060102 0.039951
55 0.825231 0.588540 0.059967 0.037168
55 0.243744 0.590020 0.059475 0.040267
55 0.825407 0.169094 0.059247 0.037798
55 0.179474 0.589140 0.059655 0.037518
55 0.156100 0.366913 0.059065 0.037904
55 0.244062 0.170999 0.060358 0.038170
54 0.909179 0.429952 0.145878 0.087428
55 0.092120 0.366689 0.058741 0.036658
55 0.470886 0.102848 0.059365 0.038195
55 0.179661 0.170721 0.059273 0.037390
52 0.685670 0.590973 0.027975 0.035578
54 0.477023 0.166438 0.148584 0.088913
55 0.534640 0.103675 0.059399 0.039455
54 0.820025 0.232692 0.146392 0.087914
54 0.819677 0.653014 0.146993 0.087894
54 0.211711 0.233172 0.203208 0.098046
54 0.124566 0.430685 0.201344 0.098155
54 0.187217 0.652692 0.151666 0.091545
54 0.094964 0.429619 0.144990 0.087251
53 0.118596 0.485680 0.127239 0.015819
55 0.535201 0.664478 0.059781 0.060794
54 0.182553 0.234268 0.141614 0.089285
