52 0.761569 0.334715 0.029409 0.036185
55 0.833250 0.601073 0.059039 0.038491
55 0.240390 0.600948 0.060784 0.039106
55 0.767593 0.601712 0.060510 0.040412
55 0.536399 0.105300 0.061419 0.041599
55 0.767756 0.172518 0.061492 0.039478
55 0.832569 0.172124 0.059620 0.038625
55 0.175037 0.173491 0.061741 0.038196
54 0.475625 0.169837 0.148260 0.088579
55 0.471036 0.103902 0.060475 0.038453
55 0.240135 0.174916 0.059979 0.042159
55 0.858410 0.374365 0.060691 0.041063
55 0.174439 0.600941 0.061559 0.037967
54 0.828698 0.665479 0.148779 0.088730
55 0.922808 0.373381 0.060125 0.039826
54 0.178017 0.238520 0.148818 0.089923
54 0.827538 0.237006 0.149711 0.089724
54 0.206034 0.664940 0.206031 0.097751
54 0.534782 0.757611 0.142502 0.089318
53 0.496862 0.812604 0.118400 0.014820
54 0.919692 0.438362 0.144896 0.089381
55 0.535626 0.678947 0.060913 0.060677
