55 0.825083 0.595392 0.060266 0.037666
55 0.237356 0.595627 0.060191 0.038629
55 0.825164 0.170630 0.059966 0.038436
52 0.307421 0.602825 0.029291 0.034246
55 0.760517 0.171473 0.061706 0.039434
55 0.147925 0.370696 0.060206 0.037820
55 0.237400 0.172862 0.060474 0.039507
55 0.760386 0.596271 0.061360 0.038407
55 0.172977 0.172743 0.060239 0.037776
55 0.467049 0.104129 0.057971 0.037236
54 0.527864 0.751015 0.144718 0.087507
55 0.532179 0.104970 0.059423 0.038885
55 0.172642 0.595140 0.059939 0.037321
55 0.082554 0.370926 0.060115 0.038188
54 0.819751 0.235066 0.147733 0.088054
54 0.818883 0.659192 0.148328 0.089071
54 0.472031 0.167558 0.149512 0.088949
54 0.115863 0.434088 0.203710 0.098281
54 0.205964 0.659794 0.204765 0.100589
54 0.176305 0.236147 0.145565 0.089915
54 0.177009 0.659099 0.146417 0.091162
