54 0.204892 0.236944 0.202990 0.101031
55 0.758729 0.171585 0.061052 0.039818
55 0.823163 0.170523 0.060015 0.038599
52 0.682870 0.595303 0.029072 0.032930
55 0.235782 0.595957 0.059620 0.037711
54 0.788783 0.657848 0.203013 0.104723
54 0.115886 0.431694 0.204952 0.101463
54 0.526047 0.748262 0.145914 0.089667
55 0.171611 0.594585 0.061069 0.037188
54 0.904792 0.434447 0.152695 0.089065
54 0.472740 0.167276 0.152297 0.089258
54 0.176818 0.658424 0.148622 0.091020
54 0.818744 0.234587 0.146168 0.087885
