55 0.827716 0.596448 0.059562 0.038068
55 0.762005 0.171641 0.063043 0.040396
55 0.827484 0.170936 0.059505 0.039689
55 0.916326 0.371775 0.060822 0.038901
55 0.236491 0.172814 0.060673 0.039938
55 0.236140 0.598063 0.059991 0.041002
52 0.306927 0.605584 0.029559 0.035431
55 0.762001 0.597519 0.061972 0.039422
55 0.851560 0.372206 0.059715 0.039835
55 0.171653 0.172722 0.059906 0.038442
55 0.467778 0.103870 0.058799 0.037661
55 0.147075 0.372228 0.060399 0.039878
54 0.821524 0.235586 0.146281 0.088816
55 0.082412 0.371900 0.060439 0.037883
54 0.820908 0.660762 0.147854 0.088523
55 0.532207 0.104858 0.060017 0.039614
55 0.171790 0.596546 0.060688 0.037976
54 0.179381 0.662121 0.152881 0.088943
54 0.205447 0.236442 0.204720 0.098993
54 0.529091 0.751148 0.144911 0.088268
54 0.086508 0.436492 0.146397 0.088722
54 0.471456 0.168009 0.147574 0.089733
53 0.499567 0.226303 0.142089 0.015586
54 0.174828 0.237310 0.143343 0.090011
54 0.882959 0.434478 0.207363 0.100701
54 0.914217 0.435717 0.142455 0.089340
