55 0.818632 0.200864 0.060200 0.039786
52 0.217055 0.361589 0.028530 0.035286
55 0.531780 0.104527 0.058932 0.039091
55 0.114001 0.199791 0.060506 0.037441
55 0.467489 0.103874 0.059037 0.037746
55 0.179290 0.201149 0.060213 0.039364
55 0.883365 0.199668 0.061049 0.037562
54 0.528650 0.752698 0.144765 0.087744
54 0.469440 0.168473 0.142980 0.089739
54 0.500986 0.167453 0.201741 0.100660
54 0.882527 0.570113 0.203601 0.094485
54 0.120379 0.263918 0.151725 0.090211
54 0.089885 0.569990 0.153937 0.086866
54 0.877015 0.264742 0.151108 0.090996
