55 0.758755 0.171619 0.060955 0.039829
54 0.205085 0.236711 0.202598 0.101215
54 0.526207 0.750258 0.144458 0.085425
52 0.797318 0.507369 0.029126 0.036133
55 0.823165 0.170552 0.059983 0.038617
55 0.235815 0.595898 0.059755 0.037537
54 0.115830 0.431650 0.204919 0.101138
54 0.788985 0.658264 0.203275 0.103293
54 0.905340 0.434091 0.151947 0.088572
55 0.171633 0.594498 0.061092 0.036915
54 0.176754 0.658428 0.147880 0.091561
54 0.472829 0.167266 0.152514 0.089351
54 0.818615 0.234814 0.146290 0.088025
53 0.207123 0.713472 0.142495 0.016179
