52 0.307575 0.596645 0.029426 0.033076
55 0.237581 0.589385 0.060243 0.038404
55 0.173357 0.588727 0.059476 0.035515
55 0.844007 0.367589 0.058633 0.037911
55 0.907096 0.366885 0.058598 0.036894
54 0.181300 0.234523 0.149413 0.088499
54 0.902121 0.429932 0.146456 0.088813
54 0.524806 0.740979 0.146123 0.085347
54 0.090733 0.430222 0.147837 0.086858
54 0.811636 0.232680 0.150253 0.089209
54 0.470412 0.166274 0.148957 0.089920
54 0.811219 0.651575 0.150534 0.089385
54 0.175926 0.653167 0.142275 0.089768
