55 0.823606 0.595346 0.060253 0.037771
55 0.823813 0.170616 0.060022 0.038362
54 0.205350 0.237112 0.202369 0.101266
55 0.759292 0.171804 0.060780 0.039492
55 0.758693 0.595992 0.060702 0.038317
54 0.526224 0.748626 0.146170 0.089721
54 0.906316 0.434691 0.151537 0.088983
54 0.473088 0.167560 0.152543 0.089800
54 0.819359 0.234197 0.146312 0.087916
52 0.209957 0.366983 0.028839 0.031241
54 0.089357 0.434641 0.151991 0.089303
54 0.819322 0.659612 0.144774 0.090916
54 0.187606 0.659615 0.168434 0.094377
53 0.791228 0.290796 0.141414 0.015681
54 0.115076 0.435551 0.204529 0.095148
54 0.790142 0.657826 0.204483 0.101072
