55 0.913025 0.370321 0.060377 0.037710
55 0.530984 0.104641 0.059093 0.038676
55 0.466158 0.104120 0.058231 0.037079
55 0.848276 0.370777 0.060054 0.038658
54 0.525679 0.750311 0.146378 0.087607
54 0.205091 0.659133 0.202491 0.101916
52 0.796970 0.507108 0.029455 0.035368
54 0.815700 0.658480 0.149417 0.091432
54 0.467104 0.168050 0.142132 0.091161
54 0.180617 0.236227 0.153528 0.092713
54 0.789511 0.233376 0.203716 0.102710
54 0.090615 0.434061 0.155205 0.090365
54 0.818811 0.234768 0.146218 0.090678
54 0.570889 0.166350 0.059957 0.087320
53 0.469112 0.804621 0.077711 0.014024
