55 0.756897 0.588150 0.058948 0.039660
55 0.468672 0.104490 0.056989 0.035654
54 0.530586 0.739544 0.140720 0.085552
55 0.532927 0.105267 0.058562 0.037667
55 0.821514 0.586112 0.059695 0.037247
55 0.757273 0.170760 0.059626 0.039338
52 0.544616 0.270291 0.028405 0.035449
55 0.242685 0.587632 0.059531 0.038959
55 0.909088 0.366543 0.059018 0.037279
55 0.242646 0.171725 0.058649 0.038346
55 0.821519 0.169687 0.059409 0.038224
55 0.092773 0.366075 0.058191 0.036356
55 0.179999 0.170650 0.057999 0.038210
55 0.156005 0.366220 0.058736 0.038005
55 0.845513 0.366860 0.059052 0.037400
55 0.178965 0.586393 0.059060 0.037350
54 0.821561 0.234179 0.133061 0.086081
54 0.474704 0.167113 0.146171 0.089757
54 0.903674 0.428205 0.144986 0.086804
54 0.106131 0.428805 0.163253 0.090371
54 0.820602 0.650579 0.135916 0.088056
54 0.184464 0.234149 0.144457 0.089150
53 0.777664 0.706023 0.110854 0.013960
54 0.185311 0.650759 0.145739 0.090455
54 0.211093 0.650211 0.197764 0.095322
