52 0.280691 0.320919 0.028295 0.036429
54 0.530013 0.739486 0.141205 0.085432
55 0.242709 0.587652 0.059453 0.038663
55 0.242852 0.171824 0.059840 0.038911
55 0.821683 0.169258 0.059105 0.037852
55 0.532805 0.105010 0.058198 0.038008
55 0.468640 0.104286 0.058033 0.036445
55 0.092694 0.366019 0.058183 0.036384
55 0.757371 0.170319 0.059437 0.038651
55 0.179884 0.170701 0.058104 0.038140
55 0.156019 0.366118 0.058698 0.037914
54 0.183757 0.234416 0.145674 0.087084
55 0.178992 0.586367 0.059090 0.037312
54 0.901143 0.428485 0.148475 0.085650
54 0.788741 0.649502 0.198081 0.094787
54 0.125914 0.429337 0.198648 0.098728
54 0.817021 0.232845 0.141492 0.087392
54 0.473062 0.167290 0.142520 0.089571
54 0.787188 0.231233 0.202326 0.096208
55 0.532220 0.662467 0.059817 0.061073
