55 0.916068 0.371557 0.060432 0.038753
54 0.205903 0.237316 0.203437 0.100190
55 0.147137 0.371929 0.059785 0.038467
55 0.851255 0.371828 0.059884 0.039449
55 0.467558 0.103822 0.058826 0.037626
55 0.082482 0.371684 0.060306 0.037928
52 0.403202 0.641715 0.029189 0.035137
55 0.236020 0.597093 0.059723 0.039380
54 0.527653 0.752692 0.147131 0.086247
55 0.171630 0.596043 0.059099 0.038052
55 0.531219 0.105068 0.059235 0.039896
54 0.470367 0.168879 0.144435 0.089935
54 0.178744 0.661041 0.151794 0.088444
54 0.819748 0.235122 0.149652 0.090243
54 0.819804 0.660435 0.149552 0.089465
54 0.086949 0.436193 0.147388 0.088141
53 0.499809 0.806496 0.138378 0.016673
52 0.287504 0.555485 0.026695 0.039384
54 0.882567 0.433786 0.206943 0.101688
