55 0.531111 0.104778 0.058600 0.038118
54 0.526419 0.751273 0.144556 0.085088
52 0.273739 0.324383 0.030208 0.036184
55 0.913617 0.370507 0.059933 0.037405
55 0.465934 0.104246 0.058552 0.036540
55 0.236521 0.595740 0.060112 0.038417
55 0.823935 0.170707 0.059975 0.038652
55 0.759659 0.171624 0.060467 0.039702
55 0.147043 0.371044 0.059390 0.038589
55 0.236333 0.173289 0.060152 0.039374
55 0.081444 0.370731 0.060397 0.037336
55 0.171506 0.172840 0.060604 0.037603
55 0.848686 0.371069 0.060205 0.038427
54 0.176552 0.236505 0.148701 0.088925
55 0.171482 0.595205 0.059407 0.037426
54 0.817597 0.658857 0.148438 0.090427
54 0.820901 0.235273 0.142210 0.086783
54 0.469385 0.167717 0.147591 0.089531
54 0.173504 0.659294 0.140580 0.089907
54 0.205234 0.658772 0.204761 0.099384
53 0.494433 0.804617 0.129999 0.014346
54 0.498095 0.167136 0.203796 0.095037
54 0.112667 0.434701 0.199511 0.092519
54 0.908454 0.433969 0.148745 0.090233
54 0.569138 0.163865 0.063390 0.082518
