55 0.236301 0.595362 0.060219 0.038643
54 0.525586 0.750679 0.145749 0.085946
52 0.682963 0.596089 0.029036 0.034916
54 0.498696 0.168193 0.202856 0.099539
54 0.878725 0.433616 0.205350 0.098279
55 0.171384 0.594780 0.059762 0.037566
54 0.789278 0.233514 0.203086 0.102730
54 0.204854 0.659016 0.204153 0.101313
54 0.789627 0.658074 0.202814 0.100225
54 0.184905 0.235910 0.162621 0.093641
54 0.090093 0.434193 0.153955 0.089410
54 0.114923 0.434368 0.204835 0.097718
54 0.178249 0.658661 0.150727 0.091395
54 0.815881 0.233137 0.151483 0.095501
53 0.495015 0.803959 0.129601 0.014226
54 0.818318 0.657546 0.145744 0.093334
