54 0.881171 0.430285 0.201260 0.099606
55 0.761409 0.589779 0.059894 0.037376
55 0.243578 0.589472 0.059348 0.038872
54 0.531884 0.741230 0.143888 0.084980
55 0.825405 0.588446 0.059277 0.036133
52 0.313429 0.596855 0.028055 0.034345
55 0.825387 0.169099 0.059191 0.037704
55 0.155972 0.367292 0.058611 0.038950
55 0.761731 0.169828 0.060214 0.039548
55 0.243946 0.171096 0.060061 0.038320
55 0.179582 0.589176 0.059718 0.037602
55 0.092147 0.366823 0.058862 0.036875
55 0.179719 0.170664 0.059175 0.037223
54 0.096991 0.429984 0.148798 0.089731
54 0.821313 0.652770 0.144870 0.088526
54 0.477847 0.166288 0.149882 0.089700
54 0.820998 0.232945 0.144502 0.087460
54 0.212215 0.652239 0.202445 0.100487
54 0.183603 0.234288 0.143444 0.089620
54 0.792500 0.230676 0.203966 0.096704
54 0.212506 0.231644 0.203255 0.098098
