55 0.819268 0.201109 0.059698 0.040718
55 0.916186 0.506801 0.060802 0.038260
55 0.146947 0.507228 0.059831 0.039364
55 0.851462 0.507236 0.059863 0.039180
55 0.114004 0.199846 0.060450 0.037284
55 0.467756 0.103853 0.058933 0.037669
55 0.179403 0.201610 0.060075 0.040170
55 0.082143 0.506783 0.060579 0.038276
55 0.531846 0.105064 0.059127 0.039876
55 0.883836 0.199658 0.060821 0.037475
54 0.472205 0.168624 0.146253 0.087808
54 0.912999 0.570560 0.146270 0.088020
52 0.544196 0.273808 0.028860 0.036008
54 0.877543 0.264382 0.149555 0.089691
54 0.120718 0.264004 0.152122 0.089713
53 0.474909 0.808193 0.087356 0.015250
54 0.528314 0.752632 0.146387 0.086614
54 0.088332 0.570516 0.150451 0.088784
