55 0.833320 0.601018 0.058981 0.038233
55 0.240227 0.600988 0.060925 0.039150
52 0.213214 0.372818 0.029810 0.037495
55 0.536419 0.105288 0.061469 0.041500
55 0.767452 0.601641 0.060299 0.040609
55 0.149258 0.373704 0.060900 0.040052
55 0.832543 0.172131 0.059643 0.038566
55 0.767748 0.172505 0.061511 0.039432
55 0.083386 0.373644 0.061529 0.039253
54 0.916786 0.438198 0.149766 0.089608
55 0.471004 0.103936 0.060600 0.038462
55 0.174390 0.601112 0.061522 0.038074
54 0.474709 0.169836 0.146384 0.088868
54 0.828573 0.665125 0.149222 0.089324
54 0.116902 0.438019 0.205436 0.100953
54 0.532689 0.756150 0.146624 0.089109
54 0.207070 0.664906 0.208276 0.102805
54 0.828017 0.237157 0.148019 0.089580
55 0.535599 0.679006 0.061002 0.060738
54 0.176064 0.665520 0.143989 0.090729
