55 0.761469 0.589990 0.060094 0.039627
55 0.850358 0.367838 0.059638 0.038098
55 0.913830 0.367005 0.059147 0.037032
55 0.243749 0.590067 0.059476 0.040273
54 0.532033 0.740949 0.143908 0.085102
55 0.825218 0.588530 0.059918 0.037173
55 0.761670 0.169926 0.060116 0.039883
55 0.155974 0.366975 0.058592 0.038258
55 0.825392 0.169118 0.059267 0.037812
55 0.244079 0.170993 0.060446 0.038148
52 0.408037 0.633010 0.029157 0.035188
55 0.092151 0.366698 0.058771 0.036731
54 0.909239 0.430052 0.145855 0.087676
55 0.470896 0.102830 0.059350 0.038193
55 0.179673 0.170690 0.059325 0.037310
55 0.179533 0.589070 0.059677 0.037571
54 0.477010 0.166241 0.148631 0.088949
55 0.534628 0.103675 0.059371 0.039463
54 0.820033 0.232706 0.146379 0.087962
54 0.819510 0.652975 0.146994 0.087722
54 0.187012 0.652873 0.151400 0.091072
54 0.098003 0.429871 0.150358 0.090086
54 0.184076 0.234078 0.144741 0.087685
53 0.202571 0.291468 0.130443 0.016365
54 0.123814 0.428902 0.203032 0.095531
54 0.215644 0.233112 0.194997 0.096628
