54 0.530338 0.739388 0.140612 0.085240
55 0.845451 0.366936 0.059470 0.037667
55 0.468684 0.104421 0.057660 0.036007
55 0.532729 0.105123 0.058050 0.037668
55 0.242745 0.171923 0.059171 0.038872
55 0.908924 0.366340 0.059450 0.036120
55 0.821606 0.169225 0.059225 0.037903
55 0.821588 0.586198 0.059983 0.037124
55 0.092782 0.366000 0.057965 0.036341
55 0.757066 0.587515 0.059081 0.038714
55 0.757742 0.170320 0.059842 0.039159
55 0.156062 0.366244 0.058535 0.037775
55 0.242411 0.587597 0.058917 0.038969
55 0.179894 0.170676 0.057948 0.038292
52 0.682067 0.588591 0.027537 0.033082
54 0.183758 0.234149 0.145692 0.087045
54 0.902812 0.428535 0.147086 0.087029
55 0.178944 0.586362 0.058891 0.037291
54 0.473900 0.167219 0.144446 0.089619
54 0.125081 0.429810 0.199618 0.097607
54 0.817596 0.233039 0.140371 0.087428
54 0.813996 0.650502 0.149209 0.090198
53 0.121405 0.483703 0.130501 0.016631
54 0.095344 0.427664 0.142501 0.084682
54 0.787354 0.231359 0.202113 0.096849
54 0.191460 0.650335 0.158469 0.093478
