55 0.913768 0.367048 0.059305 0.037090
54 0.124447 0.429609 0.201356 0.098854
54 0.531668 0.741306 0.144677 0.085752
52 0.755053 0.329049 0.028232 0.035410
55 0.850083 0.367340 0.060290 0.037358
54 0.212767 0.652098 0.202275 0.101597
55 0.470965 0.102868 0.059249 0.038234
54 0.475600 0.166685 0.145991 0.087296
55 0.534441 0.103995 0.059078 0.040357
54 0.792608 0.232015 0.203201 0.100598
54 0.187593 0.232661 0.150914 0.090083
54 0.821716 0.232739 0.143380 0.090764
55 0.535194 0.664390 0.059722 0.059242
53 0.503049 0.795793 0.142116 0.015091
54 0.898083 0.429770 0.169109 0.091119
