55 0.234775 0.591953 0.059932 0.040441
55 0.145519 0.368123 0.059086 0.038163
52 0.208731 0.368193 0.027808 0.032714
54 0.522887 0.744845 0.148517 0.087912
55 0.171032 0.591379 0.058603 0.036770
55 0.462565 0.103736 0.060114 0.036421
55 0.526233 0.104313 0.059501 0.037931
55 0.818493 0.169476 0.058215 0.036920
55 0.754739 0.171043 0.059168 0.038490
55 0.081161 0.367580 0.058469 0.037559
55 0.234589 0.172699 0.059200 0.038696
55 0.170289 0.171776 0.059873 0.036460
54 0.173988 0.654353 0.144382 0.090027
54 0.901613 0.429602 0.148612 0.085664
54 0.467238 0.167241 0.148883 0.085139
54 0.174087 0.234505 0.147181 0.087275
54 0.816687 0.234626 0.139211 0.087802
54 0.785101 0.653786 0.203871 0.095521
54 0.111787 0.431600 0.197419 0.090819
54 0.815066 0.654365 0.143186 0.091335
54 0.084718 0.431279 0.142630 0.086596
55 0.792776 0.411448 0.039665 0.035905
