52 0.683079 0.598601 0.029055 0.034609
55 0.530682 0.107760 0.059975 0.039766
55 0.465618 0.107416 0.059116 0.038146
55 0.236428 0.176857 0.059851 0.041018
55 0.171992 0.175230 0.058562 0.037457
55 0.236506 0.599217 0.060022 0.040058
55 0.913616 0.373677 0.059940 0.038366
55 0.171603 0.598236 0.059862 0.037796
54 0.177019 0.663054 0.149292 0.088762
55 0.848529 0.374540 0.059905 0.039387
54 0.500131 0.169732 0.200269 0.097636
54 0.790135 0.237957 0.204597 0.099687
54 0.526373 0.751782 0.145955 0.089517
54 0.089663 0.436965 0.153294 0.089211
53 0.204358 0.297817 0.139742 0.016629
54 0.816360 0.662111 0.149027 0.088280
54 0.176029 0.239439 0.148051 0.089321
54 0.907942 0.438246 0.149299 0.088446
54 0.469627 0.171154 0.145700 0.088017
54 0.821968 0.237789 0.140875 0.090650
