55 0.823652 0.595259 0.060138 0.037587
55 0.913539 0.370383 0.060110 0.036939
55 0.824041 0.170569 0.059973 0.038441
55 0.848742 0.371085 0.060395 0.038189
55 0.147057 0.371123 0.059307 0.038696
55 0.759557 0.171566 0.060539 0.039786
55 0.758933 0.596060 0.060946 0.038592
52 0.683095 0.594959 0.028892 0.032044
55 0.081400 0.370768 0.060214 0.037463
54 0.526043 0.750639 0.145153 0.087188
54 0.177881 0.237040 0.149782 0.089010
54 0.818398 0.659347 0.146746 0.089320
54 0.825030 0.235142 0.133984 0.086098
54 0.499040 0.166814 0.205762 0.098436
53 0.791552 0.290416 0.141218 0.016330
54 0.470611 0.167614 0.150214 0.092725
54 0.088987 0.434657 0.152950 0.090622
54 0.909839 0.434022 0.146987 0.089115
