54 0.524548 0.741173 0.144679 0.085070
52 0.307564 0.596712 0.029372 0.033314
55 0.237534 0.589637 0.060156 0.038963
55 0.755047 0.170302 0.059812 0.039804
55 0.755148 0.589707 0.059579 0.038769
55 0.818837 0.588450 0.059528 0.037375
55 0.149620 0.367453 0.059983 0.038691
55 0.843729 0.367545 0.059633 0.037489
55 0.465242 0.102887 0.057863 0.038010
55 0.529109 0.103219 0.057984 0.040568
55 0.907066 0.366843 0.058639 0.036727
55 0.237973 0.171240 0.060236 0.039403
55 0.173434 0.589019 0.059553 0.036796
55 0.819062 0.169129 0.058594 0.037867
54 0.900719 0.430058 0.149794 0.088146
55 0.173900 0.170737 0.060215 0.037966
55 0.085762 0.367047 0.060528 0.036769
54 0.470161 0.166558 0.148065 0.088811
54 0.813683 0.231768 0.147781 0.088198
54 0.091691 0.430365 0.150518 0.089047
54 0.177310 0.233960 0.143672 0.088894
54 0.786680 0.652340 0.203931 0.098020
54 0.206328 0.652460 0.201479 0.100639
54 0.177743 0.652597 0.144668 0.090207
54 0.815913 0.652856 0.142133 0.090743
