54 0.550169 0.740920 0.144049 0.085197
52 0.332852 0.596740 0.029619 0.033281
55 0.262828 0.589547 0.060360 0.038912
55 0.554528 0.103339 0.059047 0.040607
55 0.780372 0.589679 0.059365 0.038618
55 0.843900 0.588360 0.059510 0.037089
54 0.925866 0.430152 0.147129 0.087814
55 0.198606 0.588987 0.059598 0.036753
55 0.489747 0.102631 0.058900 0.038565
55 0.263140 0.171159 0.060357 0.039179
55 0.199043 0.170177 0.060175 0.038325
54 0.115647 0.430165 0.147439 0.088376
55 0.110907 0.367102 0.060269 0.036858
55 0.175046 0.367232 0.059964 0.038659
54 0.836305 0.233675 0.152431 0.088486
54 0.493801 0.166558 0.144476 0.090147
54 0.231641 0.652467 0.201733 0.100525
54 0.811752 0.652603 0.203653 0.098208
54 0.202622 0.234074 0.143949 0.088765
54 0.203516 0.652715 0.145835 0.090349
55 0.553514 0.664924 0.059372 0.059060
54 0.840868 0.652870 0.142436 0.090514
