55 0.819673 0.200394 0.059676 0.039475
55 0.148094 0.506611 0.060835 0.039673
55 0.884222 0.199446 0.060676 0.037583
54 0.910801 0.569994 0.149284 0.088074
55 0.114731 0.199654 0.060364 0.037326
55 0.180403 0.201739 0.060870 0.040565
55 0.083079 0.506317 0.060699 0.038400
55 0.468126 0.103745 0.058968 0.037660
52 0.217730 0.361444 0.028576 0.035325
55 0.532831 0.104951 0.059718 0.039875
54 0.529013 0.752685 0.148224 0.086637
54 0.471481 0.169214 0.144115 0.089393
54 0.120537 0.263900 0.147911 0.089012
54 0.116057 0.571092 0.205308 0.100124
54 0.879487 0.264241 0.146282 0.089733
53 0.499574 0.805907 0.140606 0.016165
54 0.092079 0.571009 0.156461 0.091128
54 0.851111 0.262193 0.206034 0.099370
