55 0.236490 0.172999 0.060223 0.039098
54 0.525913 0.750751 0.145509 0.086217
54 0.905964 0.434562 0.151628 0.089140
54 0.789535 0.658793 0.203234 0.103027
55 0.171625 0.172759 0.059495 0.037522
54 0.472999 0.167643 0.152520 0.090010
54 0.818029 0.234816 0.149335 0.089741
54 0.203451 0.235992 0.201701 0.097939
52 0.273484 0.324821 0.029653 0.035666
54 0.087660 0.434286 0.148992 0.089299
54 0.182173 0.659707 0.156768 0.093289
54 0.174864 0.236662 0.143969 0.090001
52 0.205568 0.400708 0.027874 0.040042
54 0.115042 0.434689 0.204176 0.096483
