55 0.240220 0.600947 0.060862 0.039114
55 0.833257 0.601087 0.059057 0.038366
55 0.767501 0.601710 0.060314 0.040527
55 0.536408 0.105251 0.061420 0.041498
55 0.239992 0.174615 0.060018 0.041318
55 0.175074 0.173529 0.061793 0.038154
55 0.832539 0.172117 0.059797 0.038588
55 0.767823 0.172434 0.061580 0.039621
55 0.083371 0.373640 0.061446 0.039183
55 0.471047 0.103895 0.060456 0.038446
54 0.476308 0.169653 0.149332 0.088528
55 0.149284 0.373482 0.060972 0.039359
54 0.178159 0.238349 0.148609 0.088876
55 0.858384 0.374309 0.060696 0.041009
55 0.174387 0.601122 0.061493 0.038094
54 0.116927 0.438132 0.205490 0.100629
55 0.922860 0.373583 0.059762 0.039185
54 0.828722 0.664932 0.148978 0.089126
52 0.548236 0.275780 0.030155 0.036984
54 0.828050 0.237071 0.148904 0.089349
54 0.207132 0.664898 0.208272 0.102881
54 0.919427 0.438595 0.146444 0.089652
54 0.532852 0.756365 0.147402 0.088015
54 0.176314 0.665528 0.144311 0.090673
