55 0.819383 0.201208 0.059478 0.040727
52 0.217206 0.361862 0.028443 0.035543
55 0.147102 0.506928 0.060147 0.039447
55 0.467755 0.103860 0.058916 0.037624
55 0.114005 0.199870 0.060463 0.037287
55 0.883819 0.199659 0.060776 0.037476
55 0.531864 0.105086 0.059098 0.039853
55 0.082151 0.506811 0.060490 0.038272
55 0.179419 0.201608 0.060122 0.040163
54 0.528047 0.753082 0.146956 0.086132
54 0.471291 0.168390 0.144728 0.087391
54 0.880171 0.264624 0.144399 0.089340
54 0.910034 0.570246 0.149839 0.087419
54 0.120617 0.264245 0.152111 0.090133
53 0.499726 0.806785 0.139533 0.015949
54 0.115034 0.571279 0.204861 0.099972
54 0.090898 0.571255 0.155494 0.091410
