55 0.824121 0.597707 0.059517 0.037227
55 0.759422 0.599205 0.059982 0.039302
55 0.530636 0.107741 0.060120 0.039761
55 0.465583 0.107417 0.059309 0.038235
55 0.236400 0.176967 0.059847 0.041228
55 0.172006 0.175304 0.058667 0.037688
55 0.236566 0.599199 0.060093 0.039880
54 0.178306 0.662680 0.151822 0.088888
55 0.081442 0.373610 0.060565 0.038303
55 0.848872 0.374361 0.060221 0.038881
55 0.171620 0.598068 0.059849 0.037218
55 0.913204 0.373394 0.060546 0.037563
54 0.176015 0.240157 0.148121 0.088201
55 0.146643 0.374272 0.060011 0.040009
53 0.879274 0.494016 0.147515 0.016376
54 0.790223 0.237931 0.204524 0.099749
54 0.818507 0.663252 0.147079 0.088647
54 0.527121 0.752982 0.141962 0.088259
54 0.087577 0.437923 0.149621 0.088152
54 0.499742 0.169742 0.201528 0.098885
54 0.467933 0.171281 0.142807 0.088454
54 0.822369 0.237679 0.140116 0.090546
54 0.909233 0.437729 0.149023 0.087624
52 0.790467 0.402709 0.028223 0.037836
52 0.210563 0.368703 0.028377 0.032107
