52 0.203428 0.488301 0.029919 0.036664
55 0.148041 0.506449 0.060602 0.039888
55 0.114766 0.199650 0.060338 0.037276
55 0.468203 0.103787 0.058726 0.037640
55 0.532341 0.105058 0.059649 0.039914
55 0.083068 0.506316 0.060718 0.038386
54 0.910235 0.570141 0.150260 0.087870
55 0.180387 0.201543 0.060707 0.040140
54 0.471756 0.168713 0.144802 0.089668
54 0.529349 0.752704 0.147638 0.087614
54 0.850792 0.263342 0.206725 0.101398
54 0.122142 0.263923 0.151609 0.089539
54 0.116069 0.571206 0.204910 0.100412
53 0.499401 0.805632 0.141433 0.015776
54 0.875635 0.263735 0.154498 0.093957
