55 0.825119 0.595574 0.060431 0.037848
55 0.915476 0.371125 0.060318 0.038349
55 0.825290 0.170922 0.059998 0.038022
55 0.146944 0.370875 0.060021 0.038141
55 0.466791 0.103356 0.059224 0.038579
55 0.531783 0.104852 0.059758 0.041367
55 0.760589 0.172126 0.061480 0.038565
55 0.760275 0.596007 0.060397 0.038110
55 0.850341 0.371381 0.060846 0.039179
54 0.527905 0.751783 0.144930 0.087365
55 0.171938 0.172949 0.060375 0.037603
52 0.403110 0.640386 0.028597 0.035925
55 0.082492 0.371244 0.060037 0.037862
55 0.237282 0.173117 0.060668 0.038760
54 0.176896 0.236234 0.148009 0.089475
54 0.820214 0.235500 0.146665 0.088484
54 0.471621 0.167058 0.149595 0.090431
54 0.116204 0.433810 0.204136 0.098104
54 0.881706 0.433495 0.205547 0.100474
54 0.791646 0.658995 0.205611 0.102043
54 0.822081 0.660142 0.142360 0.092607
53 0.492161 0.225231 0.126370 0.014498
