52 0.277515 0.327859 0.030432 0.037788
54 0.798384 0.666083 0.206721 0.102973
55 0.922655 0.373364 0.059761 0.038838
55 0.858409 0.374225 0.060661 0.040860
54 0.798591 0.236688 0.208888 0.101483
54 0.922647 0.439955 0.140636 0.088736
53 0.890442 0.495538 0.142308 0.013709
54 0.532802 0.756080 0.145544 0.088721
54 0.478189 0.169191 0.153580 0.089612
54 0.207523 0.665129 0.204506 0.103556
54 0.183217 0.237936 0.154584 0.091618
54 0.091426 0.437497 0.155013 0.089853
54 0.828707 0.236469 0.148211 0.094284
