55 0.833338 0.600854 0.058898 0.038126
55 0.240196 0.174610 0.060108 0.041429
52 0.690515 0.600357 0.028846 0.034622
55 0.175052 0.173588 0.061612 0.038137
55 0.832619 0.172132 0.059693 0.038559
55 0.239666 0.601632 0.060959 0.040601
55 0.767705 0.172591 0.061447 0.039655
55 0.767659 0.601506 0.060480 0.040182
55 0.471072 0.104040 0.060600 0.038667
55 0.536380 0.105043 0.061438 0.040878
55 0.858432 0.374343 0.060785 0.041194
54 0.476616 0.169649 0.150441 0.089106
55 0.174348 0.601039 0.061393 0.038232
55 0.922693 0.373384 0.059764 0.039081
54 0.179066 0.665900 0.149696 0.091215
54 0.090224 0.437972 0.154489 0.090449
54 0.178710 0.237627 0.149795 0.090716
54 0.827542 0.237142 0.149534 0.089423
53 0.208520 0.297293 0.146526 0.017201
54 0.919803 0.438629 0.144898 0.089316
54 0.533785 0.756471 0.146309 0.089816
54 0.828363 0.665208 0.148838 0.089817
52 0.443778 0.607541 0.025300 0.032174
52 0.289693 0.558845 0.028113 0.038639
