54 0.525938 0.749811 0.144981 0.087295
54 0.115544 0.432445 0.204230 0.099783
55 0.913027 0.370301 0.060416 0.037474
54 0.498794 0.168241 0.202737 0.099847
55 0.848295 0.370655 0.060012 0.038195
53 0.864934 0.491905 0.107161 0.015336
52 0.796817 0.507994 0.028590 0.035074
55 0.171388 0.594804 0.059745 0.037404
55 0.236134 0.595447 0.059919 0.037815
54 0.204816 0.659062 0.204018 0.100987
54 0.816923 0.234062 0.149681 0.089583
54 0.814928 0.658467 0.152397 0.090957
54 0.183275 0.235660 0.159828 0.093333
54 0.177153 0.658656 0.148467 0.091349
28 0.564934 0.413955 0.061466 0.118982
54 0.910593 0.434872 0.144849 0.088080
