55 0.827011 0.596012 0.059300 0.038129
55 0.761579 0.171712 0.062773 0.040236
55 0.916071 0.371596 0.060339 0.038998
55 0.826973 0.170935 0.059215 0.039535
54 0.206018 0.237412 0.202859 0.100705
55 0.851262 0.371970 0.059910 0.039544
55 0.761400 0.596546 0.061858 0.039080
52 0.799767 0.508724 0.029065 0.034906
54 0.820384 0.660406 0.148320 0.088356
54 0.820987 0.235735 0.146487 0.089392
54 0.528479 0.752350 0.145485 0.087420
54 0.472118 0.167780 0.148558 0.090807
54 0.181102 0.661269 0.154992 0.091001
54 0.090860 0.434939 0.153846 0.092440
53 0.882354 0.492808 0.142196 0.015255
54 0.499813 0.166970 0.204845 0.100142
54 0.116897 0.434719 0.206842 0.099710
