55 0.530948 0.104634 0.059380 0.038584
54 0.525969 0.749877 0.144669 0.088667
52 0.797182 0.507636 0.029440 0.036160
54 0.879135 0.433628 0.205020 0.098531
54 0.204874 0.659082 0.202746 0.102144
55 0.466026 0.104099 0.058415 0.037060
54 0.815660 0.658684 0.149845 0.090993
54 0.789407 0.233534 0.203126 0.103123
54 0.498904 0.166988 0.202816 0.100340
54 0.183522 0.236062 0.159897 0.093634
54 0.093238 0.434081 0.160692 0.090907
54 0.468806 0.168201 0.145339 0.089084
54 0.818838 0.234498 0.146437 0.090989
