52 0.401993 0.639282 0.029010 0.037016
54 0.204883 0.236882 0.203028 0.101001
55 0.758747 0.171593 0.060792 0.039643
55 0.823148 0.170452 0.060017 0.038388
54 0.788789 0.658331 0.202742 0.103425
55 0.235826 0.595872 0.059773 0.037536
54 0.526013 0.748108 0.145933 0.089077
54 0.115888 0.431643 0.204878 0.101081
55 0.171533 0.594688 0.059685 0.037325
54 0.176357 0.659102 0.148085 0.088716
54 0.905204 0.434321 0.152010 0.088766
54 0.472847 0.167473 0.152363 0.089469
54 0.818716 0.233700 0.146750 0.087145
53 0.790279 0.290436 0.142473 0.016116
