55 0.826389 0.596682 0.058438 0.036675
55 0.145814 0.371427 0.059173 0.037176
55 0.170803 0.596504 0.059655 0.036807
55 0.914707 0.371203 0.059184 0.037456
55 0.530742 0.104985 0.058713 0.039123
55 0.826054 0.170733 0.059574 0.039304
55 0.235075 0.597045 0.059718 0.038804
55 0.760451 0.171638 0.061743 0.040843
55 0.234959 0.173843 0.059478 0.040542
55 0.849817 0.372703 0.060127 0.040061
55 0.466185 0.104129 0.057927 0.037024
55 0.760579 0.597388 0.059997 0.039612
55 0.171052 0.172810 0.059019 0.037592
55 0.081200 0.371118 0.058714 0.036770
54 0.821566 0.235500 0.144623 0.090263
54 0.174977 0.660156 0.145905 0.089885
53 0.185701 0.293958 0.106082 0.015817
54 0.822160 0.660834 0.144417 0.089910
52 0.402441 0.643112 0.029640 0.035306
54 0.468775 0.168308 0.146005 0.086657
54 0.175165 0.236523 0.146555 0.091598
54 0.911253 0.435473 0.147859 0.088835
54 0.527521 0.753051 0.145209 0.088699
54 0.203268 0.658318 0.203307 0.096879
54 0.113355 0.434354 0.202818 0.099223
53 0.211296 0.294475 0.150393 0.015859
