55 0.823637 0.595220 0.060068 0.037617
55 0.913552 0.370531 0.060096 0.037448
54 0.525756 0.750854 0.145293 0.087241
55 0.147017 0.371006 0.059366 0.038503
55 0.823980 0.170762 0.059801 0.038556
55 0.759587 0.171664 0.060589 0.039711
55 0.236574 0.595779 0.060377 0.038379
55 0.848666 0.371000 0.060288 0.038360
54 0.177576 0.236846 0.149472 0.090040
52 0.683096 0.594968 0.028888 0.032035
55 0.758920 0.596059 0.060940 0.038597
55 0.081424 0.371019 0.060395 0.037815
55 0.171460 0.595265 0.059190 0.037286
54 0.818612 0.659164 0.146394 0.088907
54 0.820841 0.235016 0.142993 0.087244
54 0.499002 0.168359 0.204809 0.099182
54 0.173766 0.659340 0.141090 0.091050
54 0.205279 0.658426 0.203987 0.099638
54 0.471021 0.168973 0.150024 0.093356
54 0.893959 0.434065 0.177631 0.092136
