54 0.524483 0.741279 0.144494 0.085042
52 0.307565 0.596726 0.029437 0.033368
55 0.237546 0.589671 0.060165 0.039048
55 0.818932 0.588361 0.059507 0.037174
55 0.755121 0.589609 0.059603 0.038492
55 0.149625 0.367461 0.060053 0.038673
55 0.237979 0.170873 0.059902 0.039883
55 0.173442 0.589046 0.059570 0.036856
55 0.173868 0.170322 0.060256 0.038509
55 0.085763 0.367042 0.060548 0.036789
54 0.091698 0.430539 0.150563 0.089117
54 0.888042 0.429423 0.174307 0.089661
54 0.471192 0.166068 0.149304 0.087993
54 0.811370 0.231993 0.150459 0.089360
54 0.177145 0.234100 0.143377 0.088770
54 0.206336 0.652464 0.201503 0.100336
54 0.786430 0.652961 0.204880 0.097575
54 0.177653 0.652565 0.144401 0.090003
54 0.814960 0.652498 0.144157 0.092189
