54 0.532047 0.741263 0.144001 0.084760
54 0.906783 0.430335 0.148883 0.086713
55 0.244073 0.170957 0.060295 0.038034
55 0.470883 0.102807 0.059352 0.038175
54 0.126100 0.428134 0.203041 0.102229
55 0.534604 0.103669 0.059357 0.039396
55 0.179674 0.170729 0.059268 0.037327
54 0.477304 0.165888 0.148429 0.091011
54 0.819287 0.232418 0.148223 0.088707
54 0.818611 0.652643 0.148235 0.088103
54 0.212784 0.653180 0.202711 0.099066
53 0.211706 0.291122 0.135008 0.016427
52 0.443644 0.595190 0.025662 0.033071
54 0.211935 0.234129 0.203213 0.100329
54 0.181123 0.234313 0.138956 0.088061
