52 0.202155 0.488584 0.029900 0.036514
55 0.147000 0.506763 0.059764 0.039524
55 0.114007 0.199847 0.060456 0.037239
55 0.467733 0.103870 0.058983 0.037660
55 0.531825 0.105102 0.059205 0.039912
54 0.471923 0.168606 0.145742 0.087836
55 0.082145 0.506831 0.060502 0.038183
55 0.179428 0.201562 0.060129 0.040093
54 0.909917 0.570288 0.149988 0.087764
54 0.850255 0.263360 0.206778 0.101285
54 0.528738 0.753157 0.146321 0.087536
54 0.120942 0.263969 0.153003 0.089917
54 0.115128 0.571440 0.204744 0.100042
53 0.498941 0.807074 0.135544 0.016441
