55 0.155009 0.368473 0.057118 0.038583
55 0.916540 0.367657 0.057521 0.037258
55 0.244055 0.591440 0.058438 0.038927
54 0.532522 0.744174 0.143922 0.087584
55 0.091167 0.367586 0.058349 0.036758
55 0.853083 0.368626 0.056642 0.038541
55 0.243781 0.171137 0.058795 0.039747
55 0.762172 0.170659 0.061211 0.038713
55 0.179475 0.171210 0.058851 0.037214
55 0.180172 0.591063 0.058518 0.037073
55 0.536321 0.104021 0.059287 0.038984
52 0.548061 0.272296 0.028270 0.033858
55 0.471177 0.103519 0.059479 0.037019
55 0.827527 0.169335 0.057948 0.037475
54 0.474455 0.166253 0.144701 0.086359
54 0.821676 0.233592 0.146299 0.089213
54 0.821358 0.654848 0.146454 0.091571
54 0.097859 0.430610 0.152668 0.088917
54 0.795852 0.652984 0.199051 0.099015
54 0.911420 0.430630 0.147945 0.088404
54 0.211451 0.231603 0.202439 0.097520
54 0.182291 0.652709 0.144224 0.087128
54 0.182831 0.234528 0.142811 0.090183
54 0.123636 0.428679 0.203299 0.095715
54 0.503157 0.164005 0.203531 0.092443
