52 0.202203 0.488573 0.029854 0.036482
55 0.916179 0.506801 0.060991 0.038317
55 0.146993 0.506756 0.059741 0.039499
55 0.851401 0.507224 0.060105 0.039404
55 0.114008 0.199863 0.060474 0.037276
54 0.913018 0.570064 0.146594 0.087531
55 0.467775 0.103830 0.058814 0.037646
55 0.082143 0.506803 0.060532 0.038243
55 0.179412 0.201641 0.060130 0.040238
55 0.531828 0.105155 0.059089 0.040009
54 0.472167 0.168204 0.146375 0.087062
54 0.528991 0.753194 0.145614 0.086661
54 0.878442 0.264338 0.148558 0.089528
54 0.120564 0.263990 0.151976 0.089739
54 0.115072 0.571380 0.204729 0.099901
53 0.500204 0.807227 0.138537 0.016325
