55 0.240233 0.601120 0.060841 0.039331
55 0.833304 0.601243 0.058991 0.038379
55 0.536434 0.105310 0.061497 0.041514
55 0.149314 0.373413 0.060999 0.039396
55 0.767500 0.601740 0.060331 0.040648
55 0.083401 0.373636 0.061475 0.039231
55 0.470949 0.103992 0.059856 0.038317
54 0.475060 0.169690 0.146822 0.088177
55 0.174378 0.601113 0.061453 0.038018
52 0.309800 0.609523 0.029663 0.036374
54 0.916946 0.437876 0.149621 0.089884
54 0.829854 0.664873 0.146560 0.088711
54 0.117127 0.437953 0.205839 0.100461
54 0.798387 0.236536 0.208308 0.101863
54 0.532917 0.756178 0.146131 0.088787
54 0.207277 0.665593 0.208814 0.101740
54 0.182826 0.665924 0.157765 0.092951
54 0.829573 0.236403 0.146028 0.093784
53 0.801124 0.721268 0.148044 0.015891
55 0.535828 0.678745 0.060835 0.060526
