54 0.881046 0.430320 0.201455 0.099859
55 0.761629 0.589931 0.060055 0.037539
54 0.531605 0.741098 0.144862 0.084440
54 0.124493 0.429394 0.201225 0.098923
55 0.825333 0.588434 0.059251 0.035961
55 0.244197 0.171534 0.061005 0.039230
52 0.799423 0.503055 0.028935 0.035270
55 0.179699 0.170608 0.059142 0.037085
54 0.183547 0.233979 0.144410 0.087763
54 0.477638 0.165996 0.149847 0.091118
54 0.212688 0.653046 0.202847 0.098803
54 0.819244 0.232409 0.148419 0.089034
54 0.820980 0.652473 0.145666 0.089183
