54 0.788904 0.659581 0.202111 0.100990
55 0.530888 0.104640 0.059041 0.038627
55 0.759035 0.171823 0.060574 0.039994
55 0.235918 0.595840 0.060050 0.037621
55 0.823190 0.170615 0.060085 0.038671
55 0.466034 0.103990 0.057991 0.036879
52 0.273580 0.324647 0.030003 0.036113
54 0.878632 0.433398 0.203628 0.097559
54 0.526022 0.748071 0.145843 0.089174
55 0.171378 0.594792 0.059559 0.037400
54 0.179034 0.236510 0.151649 0.089984
54 0.177003 0.658572 0.148363 0.092656
54 0.818667 0.234808 0.146411 0.087134
54 0.091013 0.433844 0.154512 0.087256
54 0.469427 0.167969 0.145855 0.088760
