54 0.786018 0.652194 0.200833 0.099646
55 0.238025 0.170796 0.059851 0.039704
55 0.843714 0.367528 0.059740 0.037408
55 0.149695 0.367357 0.060158 0.038857
55 0.907116 0.366845 0.058628 0.036684
54 0.901745 0.430093 0.147773 0.087732
55 0.173864 0.170240 0.060198 0.038410
54 0.206953 0.652516 0.200668 0.102136
55 0.085788 0.367015 0.060602 0.036735
54 0.524762 0.741140 0.145795 0.085583
54 0.091905 0.430636 0.150903 0.089317
53 0.863930 0.485305 0.112452 0.014246
54 0.471385 0.166552 0.149617 0.088292
54 0.811071 0.232183 0.151039 0.089173
54 0.177028 0.234009 0.143073 0.088851
