54 0.530366 0.739487 0.140385 0.085701
52 0.280726 0.320604 0.028474 0.036424
55 0.468709 0.104345 0.057427 0.035991
55 0.756925 0.588093 0.059051 0.039685
55 0.757244 0.170705 0.059504 0.039471
55 0.532761 0.105137 0.058078 0.037659
55 0.242709 0.587613 0.059535 0.038818
55 0.821611 0.586201 0.059934 0.037183
55 0.821642 0.169303 0.059157 0.038081
55 0.092834 0.366070 0.058140 0.036164
55 0.242521 0.171794 0.058562 0.038215
55 0.179940 0.170672 0.058140 0.038253
55 0.156026 0.366234 0.058724 0.037951
54 0.817496 0.232808 0.140686 0.086703
55 0.178986 0.586402 0.059064 0.037302
54 0.473283 0.166920 0.143325 0.089328
54 0.817741 0.650599 0.141618 0.087447
55 0.532223 0.662227 0.059336 0.060825
54 0.881517 0.426938 0.190068 0.090830
54 0.106371 0.428899 0.164004 0.090477
54 0.184708 0.234334 0.145396 0.089357
54 0.213943 0.650023 0.203794 0.096675
54 0.185363 0.650816 0.145987 0.090516
