52 0.761581 0.334883 0.029506 0.036417
55 0.858477 0.374108 0.060468 0.040023
55 0.922747 0.373374 0.059800 0.038855
54 0.825737 0.665308 0.153671 0.091702
54 0.478400 0.169302 0.153946 0.089332
54 0.532364 0.756405 0.149022 0.090035
54 0.207366 0.665216 0.204443 0.103847
54 0.826169 0.236252 0.152601 0.092087
54 0.091489 0.437280 0.155373 0.089415
54 0.184073 0.237569 0.155860 0.093045
54 0.888810 0.438944 0.206522 0.102856
54 0.798642 0.235206 0.207435 0.099268
54 0.925637 0.440214 0.134547 0.090490
