52 0.678841 0.594149 0.028624 0.033512
54 0.524525 0.744327 0.146802 0.087287
55 0.145224 0.367973 0.058519 0.038484
54 0.174668 0.235015 0.148722 0.089633
55 0.081143 0.367586 0.058474 0.037655
54 0.174479 0.653560 0.145387 0.089328
54 0.465912 0.164704 0.146629 0.087670
54 0.814903 0.654728 0.144391 0.089784
54 0.815799 0.231936 0.139680 0.090533
54 0.877295 0.428999 0.198222 0.092230
54 0.113397 0.431291 0.200455 0.092039
54 0.084930 0.431449 0.142971 0.086883
54 0.783952 0.230737 0.205035 0.094954
53 0.494818 0.801147 0.135626 0.014681
