55 0.827711 0.596336 0.059465 0.037903
55 0.827362 0.170957 0.059584 0.039650
52 0.274601 0.325545 0.031038 0.036312
55 0.762031 0.171398 0.062852 0.039918
55 0.236469 0.172787 0.060705 0.039997
55 0.916361 0.371614 0.060655 0.038609
55 0.236506 0.597626 0.060273 0.039973
55 0.147079 0.371518 0.060313 0.038608
55 0.467800 0.103827 0.058901 0.037670
55 0.851668 0.372220 0.059629 0.039723
55 0.171636 0.172711 0.059875 0.038470
55 0.762194 0.597735 0.061985 0.039508
55 0.082422 0.372003 0.060292 0.037852
55 0.532081 0.105162 0.059396 0.040406
55 0.171794 0.596409 0.059053 0.037740
53 0.871724 0.492715 0.113523 0.014640
54 0.177909 0.661348 0.150013 0.088206
54 0.471742 0.169023 0.146382 0.088783
54 0.821440 0.660772 0.147104 0.088358
54 0.529014 0.751168 0.145527 0.088336
54 0.115561 0.435456 0.204446 0.099475
54 0.205256 0.236459 0.205265 0.099295
54 0.821799 0.236104 0.145339 0.089004
54 0.174902 0.237229 0.143495 0.089978
54 0.792225 0.233601 0.206856 0.097400
54 0.916550 0.436775 0.135481 0.089348
