55 0.845424 0.366804 0.059357 0.037288
55 0.909150 0.366429 0.059041 0.037270
54 0.788048 0.649874 0.200479 0.099377
54 0.530275 0.739180 0.139511 0.084660
54 0.100439 0.428538 0.150239 0.088109
54 0.815079 0.232853 0.145834 0.088243
54 0.188132 0.233964 0.150911 0.088345
53 0.499938 0.792585 0.135687 0.015690
54 0.475779 0.166506 0.149252 0.089073
54 0.876422 0.427504 0.199760 0.099684
54 0.190905 0.649720 0.157433 0.092704
52 0.795304 0.501423 0.028268 0.035077
54 0.213397 0.232727 0.202735 0.094540
