52 0.761581 0.334703 0.029506 0.036020
55 0.833201 0.600971 0.059157 0.038382
55 0.240280 0.601042 0.060653 0.038804
55 0.239973 0.174638 0.060064 0.041290
55 0.767549 0.601684 0.060353 0.040484
55 0.175071 0.173549 0.061800 0.038185
55 0.536423 0.105309 0.061438 0.041582
55 0.832584 0.172123 0.059587 0.038622
55 0.767757 0.172524 0.061519 0.039464
55 0.083385 0.373652 0.061488 0.039187
54 0.476156 0.169781 0.148869 0.088625
55 0.471021 0.103939 0.060502 0.038511
55 0.149284 0.373496 0.060975 0.039370
55 0.174322 0.601145 0.061349 0.037856
54 0.178291 0.238500 0.148803 0.088800
55 0.858394 0.374389 0.060660 0.041123
54 0.116818 0.438128 0.205716 0.100674
54 0.828616 0.665345 0.148382 0.089397
55 0.922796 0.373381 0.060146 0.039816
54 0.827468 0.237299 0.149994 0.090226
54 0.532949 0.756358 0.146396 0.089205
54 0.919728 0.438345 0.144933 0.089335
54 0.208147 0.665155 0.208080 0.100987
54 0.177049 0.666186 0.146648 0.090859
53 0.205950 0.722078 0.144833 0.017291
