54 0.881163 0.430244 0.201240 0.099554
55 0.761435 0.589986 0.060002 0.037861
54 0.531798 0.741124 0.144334 0.084827
52 0.313201 0.596833 0.028022 0.034132
55 0.825253 0.588463 0.059900 0.037042
55 0.156173 0.366924 0.058871 0.037876
55 0.244207 0.171620 0.060963 0.039671
55 0.092006 0.366795 0.059082 0.036793
54 0.213150 0.651928 0.201766 0.102039
54 0.792428 0.232324 0.202771 0.100044
55 0.179995 0.169974 0.058868 0.038127
54 0.820295 0.652853 0.145774 0.087950
54 0.125216 0.430329 0.200339 0.099043
54 0.478294 0.166310 0.150814 0.089497
53 0.214510 0.290562 0.133616 0.015906
54 0.183689 0.233603 0.143968 0.088396
54 0.820978 0.232543 0.145164 0.091192
55 0.535253 0.665285 0.060312 0.061029
