54 0.883939 0.430234 0.200998 0.099259
55 0.247167 0.589841 0.059461 0.039431
52 0.284872 0.320876 0.028546 0.036602
54 0.534391 0.741442 0.146544 0.087066
55 0.764564 0.169807 0.060894 0.039245
55 0.474226 0.102719 0.060635 0.038288
55 0.828616 0.169254 0.058207 0.037978
55 0.182633 0.170610 0.059729 0.037246
55 0.182640 0.588934 0.059707 0.037457
55 0.246971 0.170744 0.059498 0.039789
54 0.098672 0.430262 0.143542 0.089379
55 0.537983 0.103700 0.059269 0.039888
55 0.094626 0.367091 0.059897 0.036511
54 0.477309 0.166716 0.142829 0.087389
55 0.159581 0.367903 0.059528 0.039524
54 0.823435 0.233113 0.144769 0.086211
54 0.820070 0.652363 0.152603 0.088577
54 0.188158 0.234476 0.146966 0.090200
54 0.216819 0.651017 0.201926 0.102104
53 0.506893 0.795823 0.143063 0.015640
55 0.537598 0.664739 0.061112 0.059178
54 0.216689 0.232299 0.204809 0.096896
54 0.795730 0.230493 0.202829 0.095326
