55 0.761450 0.589900 0.059977 0.039402
52 0.755004 0.329273 0.028379 0.035058
54 0.531532 0.741246 0.144933 0.085638
55 0.913836 0.367080 0.059122 0.037209
55 0.825183 0.588353 0.059701 0.036747
55 0.243740 0.589534 0.059527 0.039055
55 0.825440 0.169071 0.059041 0.037588
55 0.155922 0.367298 0.058748 0.038922
55 0.761720 0.169834 0.060136 0.039541
55 0.850054 0.367236 0.060072 0.037263
55 0.470936 0.102896 0.059318 0.038226
55 0.243931 0.171157 0.060063 0.038482
54 0.475631 0.166895 0.145776 0.088014
55 0.092111 0.366850 0.058967 0.036912
55 0.179673 0.170677 0.059183 0.037274
55 0.179549 0.589164 0.059669 0.037642
55 0.534427 0.104008 0.059031 0.040335
54 0.096998 0.429957 0.148875 0.089630
54 0.819753 0.652628 0.147017 0.088143
54 0.212437 0.652036 0.202423 0.100485
54 0.821135 0.232902 0.144126 0.087828
53 0.487232 0.796256 0.108644 0.014427
54 0.183125 0.233985 0.142545 0.088966
54 0.880663 0.428439 0.203595 0.094584
54 0.792978 0.231232 0.202720 0.095861
