55 0.822970 0.594942 0.060042 0.037640
55 0.912931 0.370111 0.060606 0.037188
55 0.530834 0.104678 0.059127 0.038704
55 0.848298 0.370544 0.059895 0.037928
54 0.525873 0.750400 0.144430 0.086750
55 0.465982 0.104058 0.058227 0.037025
55 0.146463 0.371290 0.059966 0.039365
55 0.235943 0.595821 0.060062 0.037593
55 0.081325 0.370377 0.060294 0.037166
55 0.236058 0.173507 0.060154 0.038539
55 0.171488 0.172726 0.059574 0.037721
55 0.171617 0.594683 0.060958 0.037188
55 0.758194 0.595686 0.060991 0.038084
52 0.210399 0.369059 0.028012 0.035902
53 0.879808 0.491135 0.144479 0.016747
54 0.176550 0.235863 0.148559 0.088240
54 0.177134 0.658572 0.148378 0.092390
54 0.468800 0.167627 0.145113 0.088700
54 0.816829 0.233892 0.149924 0.089512
54 0.087773 0.434923 0.149224 0.087289
54 0.789191 0.657781 0.204145 0.101248
54 0.878859 0.434245 0.206479 0.096312
54 0.820869 0.659072 0.140331 0.092339
54 0.908828 0.434476 0.148264 0.088426
