55 0.913583 0.370733 0.060209 0.037584
55 0.147088 0.371008 0.059631 0.038341
55 0.759429 0.171557 0.060619 0.039686
55 0.823942 0.170700 0.060089 0.038648
55 0.466079 0.104247 0.058339 0.036535
54 0.526213 0.751116 0.145170 0.085971
55 0.848715 0.371498 0.060321 0.039982
52 0.683143 0.595123 0.028835 0.032317
55 0.081632 0.370642 0.060218 0.037771
54 0.205148 0.234946 0.204886 0.104342
54 0.820204 0.235391 0.143915 0.087796
54 0.470002 0.168322 0.148351 0.090220
55 0.528756 0.104896 0.057304 0.038113
54 0.817875 0.659173 0.147279 0.089651
54 0.908891 0.434712 0.147089 0.088490
53 0.495486 0.804439 0.131562 0.014195
54 0.114956 0.433105 0.205336 0.098571
54 0.088680 0.434858 0.152420 0.090731
