55 0.819183 0.200532 0.059910 0.039527
55 0.147052 0.506996 0.060068 0.039272
55 0.883877 0.199632 0.060846 0.037445
54 0.909617 0.570763 0.149844 0.087685
52 0.544241 0.273901 0.028964 0.036494
55 0.082139 0.506911 0.060421 0.038241
54 0.528666 0.752373 0.145614 0.087871
54 0.474356 0.168382 0.152172 0.087434
54 0.878705 0.264330 0.146954 0.089834
54 0.147291 0.262048 0.205067 0.098736
54 0.089077 0.571657 0.153171 0.091235
54 0.115161 0.572283 0.204465 0.099548
54 0.122996 0.263902 0.155629 0.090240
54 0.850342 0.262242 0.206395 0.099608
