55 0.155499 0.368390 0.057849 0.039110
55 0.917340 0.367436 0.057542 0.037867
55 0.244184 0.591770 0.058581 0.040329
55 0.853351 0.369488 0.056868 0.041052
55 0.763252 0.592258 0.060907 0.040158
54 0.532853 0.744923 0.144730 0.088872
55 0.180288 0.591646 0.059486 0.037152
55 0.090568 0.367469 0.058503 0.037157
55 0.763809 0.170645 0.059471 0.038915
55 0.244072 0.172079 0.058746 0.038220
55 0.828172 0.591049 0.056960 0.037065
55 0.828304 0.169793 0.057574 0.037147
55 0.472015 0.103852 0.059755 0.036680
55 0.180125 0.171477 0.059688 0.036554
54 0.822679 0.233501 0.145903 0.089310
54 0.475628 0.166490 0.146983 0.086219
54 0.913856 0.430802 0.144941 0.088506
55 0.535305 0.104487 0.058416 0.037961
52 0.548833 0.272602 0.028291 0.034627
54 0.182813 0.654538 0.144603 0.089620
54 0.825004 0.653455 0.143531 0.088903
54 0.096163 0.430759 0.149638 0.088213
54 0.211966 0.232490 0.202826 0.097848
54 0.123909 0.429778 0.205660 0.093189
54 0.183843 0.235166 0.144451 0.090580
53 0.795627 0.712156 0.140059 0.016250
55 0.535094 0.666962 0.059285 0.059168
