52 0.210547 0.369768 0.028854 0.035856
54 0.527885 0.750934 0.144568 0.086002
54 0.116765 0.433679 0.204725 0.099013
54 0.206351 0.659721 0.202718 0.102075
54 0.791087 0.235240 0.203659 0.100033
54 0.880416 0.434096 0.203583 0.098531
54 0.204668 0.235298 0.205350 0.101025
54 0.174625 0.237068 0.142145 0.088093
54 0.818945 0.658802 0.148233 0.092531
54 0.472287 0.167866 0.148623 0.089442
54 0.908539 0.433555 0.149553 0.091909
54 0.822598 0.234616 0.142708 0.091749
54 0.792950 0.658397 0.200680 0.098400
54 0.498739 0.167639 0.202175 0.095252
