54 0.125062 0.428225 0.200055 0.097430
55 0.821641 0.169142 0.059169 0.037556
55 0.242612 0.587545 0.059719 0.038512
55 0.757698 0.170260 0.060046 0.038819
52 0.682276 0.588669 0.027718 0.033770
54 0.502544 0.166558 0.201439 0.101769
54 0.530074 0.739163 0.142079 0.085754
54 0.901697 0.428429 0.147443 0.085677
55 0.179295 0.586490 0.059616 0.037524
54 0.186974 0.233619 0.148755 0.087228
54 0.788222 0.649507 0.198968 0.095164
54 0.212783 0.649258 0.202261 0.101476
53 0.787545 0.289580 0.141588 0.017373
54 0.817883 0.231950 0.140745 0.085723
