55 0.825084 0.595411 0.060357 0.037598
55 0.237340 0.595646 0.060251 0.038514
55 0.914547 0.370603 0.059475 0.037708
52 0.307429 0.602826 0.029247 0.034351
55 0.849960 0.371536 0.060934 0.039385
55 0.825286 0.170632 0.059569 0.038264
55 0.147906 0.370702 0.060132 0.037872
55 0.760321 0.595905 0.060427 0.038077
55 0.173067 0.172676 0.060243 0.038010
55 0.760382 0.171791 0.061738 0.039537
55 0.237319 0.173137 0.060445 0.039604
55 0.172613 0.595104 0.059852 0.037264
55 0.082566 0.370953 0.060124 0.038240
54 0.177008 0.236103 0.147796 0.088519
54 0.527799 0.750895 0.145185 0.086330
54 0.818920 0.659324 0.148131 0.088896
52 0.229769 0.491384 0.025929 0.033741
54 0.820862 0.234189 0.145148 0.087591
54 0.205873 0.659887 0.204955 0.100652
54 0.472755 0.167398 0.149593 0.089104
54 0.115298 0.434318 0.203629 0.099435
54 0.908603 0.434460 0.151346 0.088744
53 0.790833 0.291105 0.138140 0.015981
54 0.176904 0.659195 0.146209 0.091259
