55 0.818646 0.201107 0.060016 0.040356
52 0.217088 0.361610 0.028536 0.035235
55 0.851106 0.506899 0.060349 0.039189
55 0.916357 0.505939 0.059752 0.039279
55 0.147013 0.506637 0.060555 0.039650
55 0.113920 0.199741 0.060427 0.037349
55 0.467466 0.103820 0.059179 0.037565
55 0.531872 0.105216 0.059390 0.040258
55 0.082133 0.506331 0.060454 0.038516
55 0.883355 0.199502 0.061046 0.037446
54 0.911202 0.569785 0.149453 0.088427
55 0.179245 0.201538 0.060363 0.040356
54 0.473119 0.168417 0.149035 0.087769
54 0.088333 0.570382 0.149996 0.088305
54 0.878290 0.264266 0.147267 0.090009
54 0.528828 0.752243 0.145213 0.087769
54 0.120579 0.263972 0.152198 0.090189
52 0.732156 0.544918 0.024352 0.034168
