55 0.243919 0.588223 0.059695 0.039504
54 0.530923 0.739786 0.141736 0.084572
52 0.312383 0.595879 0.028299 0.034437
55 0.821970 0.586773 0.059540 0.037135
55 0.243949 0.172104 0.060183 0.039399
55 0.757682 0.588039 0.059031 0.039418
55 0.092804 0.366385 0.058304 0.036657
55 0.179226 0.171237 0.058919 0.037794
55 0.156149 0.366647 0.059005 0.038567
55 0.179005 0.586658 0.059040 0.037469
54 0.096756 0.428543 0.143841 0.087022
54 0.183660 0.234484 0.144901 0.086862
54 0.880145 0.428995 0.193447 0.096619
54 0.789071 0.232231 0.199827 0.101302
54 0.475481 0.166792 0.147802 0.089776
54 0.186668 0.651263 0.149019 0.089052
54 0.819341 0.651089 0.140244 0.089102
55 0.532435 0.662798 0.059281 0.060884
54 0.816992 0.232955 0.144090 0.089509
