55 0.827698 0.596369 0.059508 0.037895
55 0.236490 0.172816 0.060659 0.039929
55 0.236537 0.597650 0.060267 0.039952
55 0.147102 0.371497 0.060058 0.038641
55 0.762204 0.597767 0.062054 0.039605
55 0.171641 0.172733 0.059852 0.038482
52 0.210654 0.370459 0.028841 0.036966
55 0.467797 0.103837 0.058874 0.037645
55 0.082407 0.371983 0.060213 0.037785
55 0.171730 0.596431 0.060644 0.037641
55 0.532074 0.105157 0.059374 0.040342
54 0.792863 0.235693 0.204290 0.100190
54 0.821380 0.660749 0.147396 0.088383
54 0.471818 0.168530 0.146408 0.087169
54 0.177347 0.660545 0.148667 0.089737
54 0.205434 0.236346 0.204599 0.099040
54 0.528483 0.752739 0.145634 0.088952
54 0.115542 0.435639 0.203772 0.099619
54 0.881896 0.434242 0.206982 0.099674
54 0.823411 0.235275 0.143459 0.091886
54 0.175145 0.237398 0.143788 0.089776
