55 0.827127 0.596012 0.059083 0.038063
52 0.274338 0.325665 0.030962 0.036883
54 0.500720 0.168850 0.202887 0.100261
54 0.206029 0.237775 0.203575 0.101223
55 0.761569 0.596922 0.061994 0.039191
54 0.820382 0.660269 0.148529 0.089064
54 0.528263 0.752927 0.146255 0.086086
54 0.881121 0.434914 0.206835 0.099944
54 0.819849 0.234891 0.149698 0.090131
54 0.180699 0.661113 0.154469 0.091253
53 0.499540 0.806159 0.139470 0.016385
54 0.090152 0.434743 0.152671 0.093256
54 0.116640 0.434753 0.206761 0.100777
