55 0.833316 0.601295 0.059009 0.038008
55 0.240056 0.601704 0.060819 0.041059
55 0.767605 0.601641 0.060299 0.040582
55 0.083495 0.373606 0.061463 0.039092
55 0.767444 0.172730 0.060641 0.039694
55 0.832887 0.172467 0.059956 0.038316
55 0.149180 0.373852 0.060653 0.040109
55 0.175026 0.173486 0.061482 0.038061
55 0.174428 0.601046 0.061487 0.038113
55 0.240121 0.174313 0.059729 0.039995
54 0.914988 0.439192 0.153982 0.092285
54 0.178707 0.665925 0.148926 0.090210
54 0.827960 0.665060 0.150952 0.089612
54 0.532882 0.756437 0.145996 0.088351
54 0.177652 0.238828 0.148264 0.087418
54 0.828057 0.236930 0.147901 0.088970
54 0.088487 0.439313 0.149497 0.090458
