54 0.525883 0.740984 0.144532 0.085002
55 0.819854 0.588404 0.059110 0.037140
55 0.238641 0.589872 0.059773 0.039160
55 0.756412 0.589666 0.058806 0.038865
55 0.174635 0.588721 0.060339 0.035479
54 0.897114 0.429431 0.156986 0.087418
52 0.679968 0.590259 0.027715 0.033346
54 0.812657 0.232317 0.149700 0.089217
54 0.098053 0.429432 0.158960 0.088994
54 0.180913 0.652365 0.150608 0.090942
54 0.471342 0.165930 0.146449 0.088164
54 0.204678 0.232915 0.194823 0.093684
54 0.815255 0.652516 0.144825 0.088701
54 0.180618 0.233344 0.148427 0.086910
54 0.785663 0.651179 0.204997 0.096843
