54 0.525983 0.741087 0.144178 0.085039
55 0.908035 0.366975 0.059085 0.036035
55 0.845233 0.367593 0.059110 0.037403
54 0.903342 0.430140 0.147230 0.087557
54 0.182065 0.234012 0.148938 0.088995
52 0.793472 0.502647 0.026629 0.035263
54 0.786721 0.651587 0.201526 0.101254
54 0.812338 0.232679 0.150432 0.089423
54 0.471466 0.166041 0.147170 0.088565
54 0.098259 0.429516 0.158574 0.089169
53 0.876120 0.485481 0.140469 0.014498
55 0.529284 0.665725 0.058631 0.060951
54 0.207427 0.652329 0.201460 0.097829
