55 0.147029 0.506652 0.060597 0.039645
55 0.915770 0.506263 0.060637 0.038481
55 0.851023 0.506870 0.060508 0.039305
55 0.113924 0.199745 0.060414 0.037352
55 0.467454 0.103798 0.058912 0.037535
55 0.082136 0.506336 0.060454 0.038496
55 0.531622 0.105096 0.059454 0.040060
54 0.528258 0.752480 0.146842 0.087995
55 0.179279 0.201484 0.060346 0.040363
54 0.472674 0.168407 0.148077 0.089064
54 0.911221 0.569937 0.149662 0.088637
54 0.876529 0.264287 0.151484 0.090523
54 0.088198 0.570487 0.149731 0.088345
53 0.499322 0.805948 0.139961 0.016169
54 0.120604 0.263997 0.152067 0.090060
52 0.740824 0.589132 0.028010 0.033018
