55 0.824032 0.597669 0.058960 0.037033
52 0.752972 0.335923 0.029761 0.036668
55 0.824099 0.173877 0.059848 0.037681
55 0.759485 0.599234 0.059940 0.039098
55 0.530483 0.107891 0.059889 0.040154
55 0.465385 0.107394 0.059867 0.038387
55 0.759728 0.174350 0.060522 0.039115
55 0.236408 0.176975 0.059878 0.041272
55 0.236570 0.599182 0.060073 0.039846
55 0.172010 0.175339 0.058682 0.037736
54 0.178271 0.662844 0.151836 0.089209
55 0.171621 0.598061 0.059844 0.037204
54 0.176540 0.240156 0.148756 0.088364
55 0.081455 0.373604 0.060608 0.038273
55 0.913559 0.373724 0.060098 0.038477
55 0.848809 0.374329 0.060265 0.039151
54 0.818667 0.662496 0.146509 0.088865
55 0.146964 0.374560 0.060255 0.039501
54 0.527214 0.752982 0.143230 0.087717
54 0.087396 0.437907 0.149575 0.088558
54 0.820090 0.238183 0.145150 0.087290
54 0.468272 0.171366 0.144796 0.086961
54 0.908718 0.437879 0.148585 0.088007
52 0.790439 0.402839 0.028274 0.038029
54 0.496353 0.170964 0.199894 0.092147
54 0.795180 0.236337 0.197646 0.094245
