52 0.752982 0.335861 0.030056 0.036509
55 0.824198 0.173802 0.059808 0.037824
54 0.116094 0.436722 0.204602 0.101011
55 0.530666 0.107880 0.060116 0.039755
54 0.205367 0.661506 0.204223 0.102268
55 0.465728 0.107440 0.059237 0.037973
55 0.759580 0.174923 0.060531 0.039472
55 0.913546 0.373723 0.060035 0.038608
54 0.819004 0.237740 0.146267 0.087328
55 0.848611 0.374671 0.059857 0.039915
54 0.526272 0.753142 0.144558 0.086778
54 0.498580 0.170141 0.204764 0.100278
54 0.908731 0.437868 0.148697 0.088187
54 0.204536 0.238592 0.203159 0.099367
54 0.179009 0.239454 0.151438 0.091328
53 0.498902 0.227940 0.140963 0.016888
54 0.467602 0.170856 0.143206 0.088035
