55 0.827142 0.596028 0.059022 0.038044
52 0.274387 0.325375 0.030903 0.036311
55 0.761624 0.171622 0.062787 0.040304
55 0.826940 0.170938 0.059289 0.039626
55 0.236303 0.172681 0.060565 0.040050
55 0.761461 0.596585 0.061789 0.038972
55 0.146892 0.371398 0.059598 0.037667
55 0.171539 0.172555 0.059899 0.038612
55 0.467531 0.103881 0.059074 0.037747
54 0.528948 0.752549 0.144854 0.084715
54 0.820432 0.660348 0.148498 0.088607
55 0.082391 0.371759 0.060263 0.038135
55 0.236042 0.597643 0.059842 0.040960
55 0.171708 0.596132 0.060775 0.038081
54 0.821301 0.235626 0.146101 0.088839
55 0.531215 0.105228 0.059407 0.040266
54 0.178404 0.661311 0.150983 0.088528
54 0.470353 0.168925 0.144178 0.089007
54 0.880962 0.435167 0.207104 0.100042
54 0.205151 0.236623 0.205244 0.099239
53 0.498801 0.806520 0.135908 0.016666
54 0.174987 0.237281 0.143412 0.090335
54 0.116048 0.433633 0.206508 0.101626
