55 0.824044 0.597809 0.059496 0.037331
55 0.236556 0.598384 0.059960 0.038718
55 0.824209 0.173861 0.059821 0.037746
55 0.759464 0.598975 0.059867 0.038599
55 0.236617 0.176422 0.059920 0.040224
52 0.305823 0.606530 0.028722 0.034080
55 0.171963 0.175303 0.058482 0.037670
54 0.497622 0.170302 0.204065 0.097192
55 0.146776 0.374033 0.060115 0.039044
55 0.081480 0.373562 0.060677 0.038412
55 0.171545 0.598116 0.059715 0.037360
55 0.913547 0.373715 0.060036 0.038570
55 0.759588 0.174943 0.060513 0.039395
55 0.848549 0.374703 0.059694 0.039865
54 0.176278 0.661260 0.148179 0.086522
54 0.176562 0.240325 0.148920 0.087715
54 0.819647 0.237409 0.145741 0.087382
54 0.115234 0.436806 0.203950 0.099768
54 0.526709 0.752917 0.143421 0.088580
54 0.819326 0.662854 0.145364 0.089092
54 0.908372 0.437951 0.149462 0.088136
53 0.791171 0.293729 0.140048 0.017136
54 0.792305 0.661168 0.200394 0.092373
