55 0.761351 0.589922 0.059998 0.039600
54 0.531443 0.740888 0.145078 0.085797
55 0.913817 0.367067 0.059169 0.037265
55 0.243741 0.589494 0.059508 0.038951
55 0.825134 0.588713 0.059693 0.037409
55 0.244130 0.171520 0.060822 0.039493
55 0.849999 0.367275 0.060082 0.037256
52 0.546850 0.270173 0.029662 0.035163
55 0.091957 0.366868 0.059148 0.036813
55 0.470915 0.102876 0.059351 0.038202
55 0.156056 0.366959 0.059161 0.037942
55 0.179576 0.589154 0.059660 0.037606
55 0.179714 0.170614 0.059255 0.037234
54 0.475522 0.166899 0.145749 0.087974
55 0.534424 0.104002 0.059072 0.040366
54 0.183357 0.233914 0.144749 0.087499
54 0.820574 0.651993 0.145361 0.087762
54 0.212749 0.652067 0.201836 0.100234
54 0.125526 0.430166 0.200067 0.099159
53 0.483984 0.796111 0.101968 0.014111
54 0.880911 0.429676 0.203127 0.100217
