52 0.217147 0.361877 0.028583 0.035691
55 0.147107 0.506917 0.060116 0.039423
55 0.819217 0.200584 0.059710 0.039557
55 0.883886 0.199683 0.060703 0.037332
55 0.082157 0.506827 0.060508 0.038202
54 0.909728 0.570478 0.149761 0.087319
54 0.528743 0.752828 0.145326 0.087659
54 0.473370 0.167712 0.149384 0.087863
54 0.115133 0.571261 0.204819 0.099815
54 0.122607 0.263666 0.154981 0.090088
53 0.855286 0.320882 0.147101 0.015093
54 0.091222 0.571030 0.156177 0.091028
54 0.884928 0.264921 0.135390 0.087870
