52 0.758123 0.331304 0.028619 0.033789
55 0.155503 0.368397 0.057827 0.039124
55 0.917305 0.367433 0.057442 0.037906
55 0.763316 0.592280 0.060720 0.040231
55 0.244212 0.591725 0.058612 0.040238
55 0.853274 0.369469 0.057028 0.041047
55 0.180320 0.591649 0.059453 0.037155
55 0.090552 0.367471 0.058515 0.037195
55 0.828160 0.591092 0.056952 0.037098
55 0.244141 0.172065 0.058594 0.038203
55 0.763847 0.170703 0.059458 0.039091
55 0.471993 0.103866 0.059709 0.036637
54 0.533557 0.745025 0.142348 0.091839
55 0.828229 0.169782 0.057600 0.037185
55 0.180152 0.171431 0.059675 0.036670
54 0.823480 0.233527 0.144498 0.089508
54 0.824850 0.653979 0.143867 0.089312
54 0.474406 0.166750 0.145500 0.084951
54 0.913832 0.430877 0.145165 0.088593
55 0.535318 0.104486 0.058452 0.038009
54 0.182875 0.654499 0.144791 0.089487
54 0.095782 0.430888 0.148972 0.088111
53 0.489523 0.801222 0.109906 0.014468
54 0.123958 0.429976 0.205859 0.093121
54 0.211971 0.232557 0.202837 0.097897
55 0.959404 0.822478 0.074608 0.039089
55 0.875624 0.822454 0.076503 0.039342
54 0.183890 0.235271 0.144470 0.090786
55 0.706796 0.822347 0.076081 0.039035
55 0.791490 0.822966 0.076006 0.040229
