52 0.754832 0.334949 0.028393 0.033660
55 0.826381 0.596726 0.058727 0.036841
55 0.914665 0.371197 0.059285 0.037328
55 0.849845 0.372748 0.060196 0.039902
54 0.114680 0.432991 0.203986 0.098116
55 0.760495 0.597111 0.059815 0.039370
54 0.203948 0.658309 0.204104 0.097037
54 0.177286 0.235795 0.153272 0.089718
54 0.821677 0.235264 0.144445 0.088160
54 0.527609 0.753196 0.144892 0.085969
54 0.822694 0.660151 0.143036 0.088967
54 0.498593 0.166843 0.204223 0.095817
54 0.909719 0.435730 0.151125 0.088678
53 0.790593 0.716623 0.135288 0.015778
54 0.174376 0.660045 0.144873 0.090896
54 0.467840 0.168423 0.145102 0.086538
