52 0.202211 0.488578 0.029862 0.036504
55 0.916158 0.506842 0.060785 0.038247
55 0.146993 0.506754 0.059739 0.039497
55 0.851434 0.507294 0.059890 0.039182
55 0.114008 0.199862 0.060472 0.037276
55 0.082144 0.506802 0.060534 0.038242
55 0.179412 0.201642 0.060129 0.040239
55 0.467779 0.103831 0.058808 0.037655
55 0.531841 0.105121 0.059082 0.039960
54 0.913197 0.570232 0.145776 0.087117
54 0.472302 0.168172 0.146660 0.087017
54 0.528860 0.753335 0.146014 0.087288
54 0.878523 0.264331 0.148450 0.089577
54 0.120561 0.263993 0.151966 0.089739
54 0.115073 0.571380 0.204723 0.099897
53 0.499853 0.807213 0.139640 0.016027
28 0.362745 0.415688 0.061317 0.120510
