55 0.236356 0.172724 0.060520 0.039987
55 0.171601 0.172572 0.059773 0.038579
54 0.528348 0.752718 0.145535 0.085570
54 0.881149 0.434908 0.206479 0.098470
55 0.171681 0.596056 0.059187 0.038068
52 0.684497 0.596319 0.029300 0.032933
55 0.235935 0.597144 0.059652 0.039564
54 0.473762 0.168707 0.152164 0.088378
54 0.205720 0.236686 0.204704 0.099365
54 0.178332 0.661069 0.150973 0.088444
54 0.819506 0.660736 0.148892 0.089536
54 0.819659 0.235137 0.150005 0.090160
54 0.094732 0.434869 0.162839 0.089895
52 0.440705 0.599395 0.027515 0.038376
53 0.498598 0.806396 0.134883 0.016629
54 0.174503 0.236984 0.142688 0.089467
