52 0.761521 0.334789 0.029486 0.036127
55 0.833249 0.600996 0.059081 0.038414
55 0.240337 0.173832 0.059845 0.039788
55 0.240239 0.600974 0.060886 0.039123
55 0.767520 0.601648 0.060330 0.040532
55 0.767750 0.172547 0.061510 0.039446
55 0.832582 0.172103 0.059629 0.038624
55 0.175073 0.173522 0.061683 0.038131
55 0.083364 0.373648 0.061449 0.039145
55 0.149184 0.373680 0.060743 0.039759
54 0.475664 0.169494 0.148091 0.088541
55 0.858405 0.374315 0.060695 0.041103
55 0.174386 0.601050 0.061477 0.037972
55 0.471003 0.103996 0.060434 0.038590
55 0.536413 0.105413 0.061423 0.041662
55 0.922826 0.373373 0.060162 0.039826
54 0.828588 0.665265 0.148291 0.089314
54 0.116879 0.438130 0.205543 0.100679
54 0.533081 0.755837 0.145481 0.089206
54 0.206561 0.237080 0.207157 0.100507
54 0.919509 0.438643 0.145528 0.089636
54 0.827440 0.236210 0.150713 0.087393
54 0.177435 0.666331 0.147253 0.091401
54 0.176028 0.238525 0.143923 0.090377
53 0.207008 0.721853 0.145840 0.016491
54 0.206932 0.666007 0.209192 0.106542
