55 0.913863 0.367092 0.059072 0.037195
55 0.243734 0.589481 0.059495 0.038931
55 0.825403 0.169097 0.059149 0.037681
54 0.531127 0.741544 0.145925 0.085375
55 0.850077 0.367306 0.059994 0.037360
55 0.761730 0.169842 0.060153 0.039552
55 0.244134 0.171411 0.060791 0.039095
52 0.546949 0.270321 0.029985 0.035463
55 0.470889 0.102821 0.059434 0.038297
55 0.091970 0.366793 0.058979 0.036734
55 0.535149 0.103211 0.059895 0.039788
55 0.156045 0.366942 0.059221 0.037984
55 0.179582 0.589136 0.059648 0.037602
54 0.183419 0.233874 0.144510 0.087389
55 0.179696 0.170651 0.059072 0.037236
54 0.817082 0.651889 0.149771 0.088364
54 0.503990 0.166451 0.200719 0.098757
54 0.212574 0.651995 0.202118 0.100211
54 0.125579 0.430195 0.199819 0.099125
54 0.811499 0.231365 0.164599 0.092223
54 0.476014 0.166300 0.145346 0.088703
53 0.502819 0.795811 0.141577 0.014954
55 0.534624 0.664647 0.058816 0.059274
54 0.882190 0.428461 0.200152 0.093434
