55 0.913868 0.367097 0.059078 0.037237
55 0.850028 0.367318 0.060021 0.037340
55 0.243620 0.589470 0.059147 0.039092
54 0.531513 0.741187 0.145432 0.084804
54 0.212427 0.233897 0.201381 0.100254
55 0.156013 0.367264 0.058567 0.038986
52 0.685771 0.590782 0.028085 0.035320
55 0.179563 0.589157 0.059629 0.037590
55 0.092133 0.366821 0.058841 0.036892
54 0.096978 0.429870 0.148766 0.089280
54 0.792452 0.232158 0.202886 0.099776
54 0.212838 0.651997 0.201379 0.100242
54 0.819651 0.652004 0.146463 0.087999
54 0.477877 0.166093 0.150065 0.089279
54 0.820351 0.232916 0.146129 0.091210
54 0.881242 0.428468 0.201999 0.099648
