54 0.526037 0.740914 0.144351 0.085236
52 0.276646 0.320722 0.029902 0.036938
54 0.786662 0.652287 0.200990 0.099412
55 0.239244 0.170808 0.059438 0.039934
54 0.091247 0.430485 0.147932 0.088703
55 0.175151 0.170131 0.060462 0.038083
54 0.897488 0.429747 0.156425 0.087432
55 0.086723 0.367237 0.059991 0.037039
54 0.207893 0.651381 0.201993 0.104683
55 0.150776 0.367759 0.058475 0.039416
54 0.471575 0.166033 0.147341 0.088623
54 0.178151 0.234084 0.144173 0.089208
53 0.116217 0.485289 0.133928 0.015924
