55 0.234837 0.592001 0.059982 0.040619
55 0.145127 0.368250 0.058321 0.038887
55 0.843698 0.368750 0.057014 0.039897
55 0.171000 0.591365 0.058598 0.036752
54 0.523847 0.744674 0.147361 0.087703
55 0.462519 0.103783 0.060104 0.036482
55 0.906906 0.367539 0.058313 0.037870
55 0.170273 0.171715 0.059780 0.036385
55 0.526366 0.104303 0.059136 0.038079
55 0.081188 0.367568 0.058373 0.037600
55 0.234475 0.172937 0.058820 0.037363
55 0.818344 0.169408 0.058081 0.036738
52 0.538925 0.272336 0.029257 0.034670
54 0.902178 0.431391 0.146667 0.088030
55 0.754719 0.171103 0.059091 0.038516
54 0.173684 0.654076 0.144271 0.089540
54 0.173198 0.234738 0.145112 0.088085
54 0.465807 0.166536 0.145838 0.086015
54 0.085231 0.431354 0.144537 0.087419
54 0.815146 0.654130 0.143515 0.090461
54 0.811601 0.233921 0.149899 0.090608
54 0.786192 0.653580 0.202199 0.094461
55 0.866069 0.822517 0.075895 0.039771
53 0.494660 0.801301 0.136406 0.014435
55 0.950820 0.822966 0.074921 0.040060
