52 0.307607 0.596680 0.029419 0.033385
55 0.237535 0.589659 0.060100 0.039145
54 0.524746 0.741225 0.143992 0.084024
55 0.755152 0.589913 0.059552 0.039224
55 0.819059 0.588442 0.059171 0.037198
55 0.237899 0.171409 0.060275 0.039958
55 0.844030 0.367536 0.058445 0.037772
55 0.173375 0.588933 0.059462 0.036719
55 0.149626 0.367460 0.059545 0.038612
54 0.902473 0.429850 0.146033 0.088246
54 0.088758 0.430585 0.144203 0.088772
55 0.907168 0.366838 0.058540 0.036743
55 0.173871 0.170678 0.060127 0.037950
55 0.085662 0.366907 0.059869 0.037068
54 0.178265 0.233839 0.145753 0.089868
54 0.811583 0.232244 0.151497 0.087816
54 0.813725 0.652581 0.146569 0.087780
54 0.470084 0.166223 0.148412 0.089475
54 0.206353 0.652497 0.201622 0.100534
53 0.875245 0.485643 0.139657 0.014262
54 0.177369 0.652393 0.144019 0.089488
