55 0.147136 0.506949 0.060216 0.039467
55 0.916183 0.506841 0.060780 0.038129
55 0.851342 0.507256 0.060143 0.039207
55 0.819222 0.200614 0.059719 0.039524
55 0.114008 0.199843 0.060447 0.037286
55 0.179409 0.201529 0.060053 0.040046
55 0.082146 0.506783 0.060504 0.038270
55 0.883895 0.199697 0.060672 0.037319
54 0.912796 0.570476 0.146348 0.087750
52 0.403289 0.642603 0.029391 0.035583
54 0.474198 0.168446 0.152497 0.087673
54 0.121039 0.263957 0.152957 0.089660
54 0.529001 0.752788 0.145379 0.088150
54 0.115288 0.571101 0.204857 0.099739
54 0.088680 0.570856 0.151110 0.090195
53 0.855974 0.320783 0.148772 0.015123
54 0.885114 0.264877 0.135645 0.087850
54 0.850338 0.264096 0.207427 0.100768
