55 0.824212 0.173831 0.059826 0.037729
54 0.115952 0.436696 0.204377 0.100970
54 0.497665 0.170489 0.205021 0.098667
54 0.205597 0.661284 0.202521 0.102249
55 0.759588 0.174869 0.060491 0.039337
52 0.401929 0.643259 0.029796 0.036302
54 0.526315 0.753131 0.143555 0.087112
54 0.819692 0.237274 0.145754 0.087171
54 0.204701 0.238558 0.202957 0.099173
54 0.879091 0.435999 0.205263 0.095961
53 0.790495 0.293566 0.138837 0.017071
54 0.906998 0.437130 0.149950 0.090493
54 0.178832 0.239532 0.151149 0.091172
