55 0.240325 0.173843 0.059800 0.039748
55 0.240202 0.600951 0.060928 0.039160
52 0.213237 0.372751 0.029368 0.037907
55 0.767769 0.172470 0.061474 0.039471
55 0.175085 0.173516 0.061645 0.038103
55 0.832591 0.172059 0.059655 0.038647
55 0.083361 0.373641 0.061457 0.039156
55 0.149206 0.373712 0.060790 0.039882
54 0.474946 0.169361 0.147036 0.088271
55 0.471029 0.103966 0.060404 0.038517
55 0.536434 0.105422 0.061407 0.041662
55 0.174393 0.601093 0.061524 0.038044
54 0.828049 0.236331 0.149478 0.087628
54 0.827614 0.665299 0.149308 0.090334
54 0.116952 0.438069 0.205080 0.100553
54 0.206845 0.237038 0.207173 0.100300
54 0.207076 0.665090 0.208402 0.103262
54 0.799224 0.664711 0.206134 0.097212
53 0.503113 0.812471 0.145457 0.015176
54 0.535369 0.757482 0.141068 0.088198
54 0.175938 0.238376 0.143605 0.089738
54 0.176317 0.665671 0.144410 0.091045
