55 0.243893 0.591507 0.058327 0.039229
55 0.761885 0.592310 0.060190 0.039892
55 0.916496 0.367654 0.057620 0.037272
55 0.155044 0.368385 0.057023 0.038340
52 0.313647 0.599697 0.027746 0.032029
55 0.091151 0.367569 0.058366 0.036720
54 0.532004 0.744017 0.143936 0.088976
55 0.852984 0.368660 0.056823 0.038703
55 0.243856 0.171229 0.058819 0.039836
55 0.180191 0.591126 0.058528 0.037143
55 0.179388 0.171167 0.058927 0.037260
55 0.827623 0.590950 0.057377 0.036521
55 0.536276 0.104028 0.059168 0.038900
55 0.827539 0.169361 0.057941 0.037504
55 0.762074 0.170132 0.060832 0.039364
55 0.471128 0.103511 0.059348 0.036948
54 0.822581 0.653644 0.144862 0.089606
54 0.472668 0.166822 0.141140 0.085779
54 0.821923 0.233569 0.145734 0.089075
54 0.182970 0.653219 0.145234 0.088395
54 0.120416 0.431031 0.198002 0.092354
53 0.487720 0.223411 0.108731 0.015076
54 0.913504 0.430412 0.144190 0.087953
54 0.211386 0.232955 0.203193 0.099600
55 0.535606 0.666494 0.059876 0.059511
54 0.502655 0.165270 0.204185 0.097493
54 0.183550 0.234552 0.144279 0.091160
54 0.094521 0.430348 0.145520 0.087141
