55 0.823723 0.595254 0.060036 0.037616
55 0.913429 0.370570 0.060353 0.037552
55 0.530984 0.104969 0.058564 0.038524
55 0.848736 0.371470 0.060301 0.039892
55 0.147007 0.370978 0.059648 0.038522
55 0.466105 0.104247 0.058313 0.036592
54 0.525775 0.750874 0.145410 0.086322
55 0.758940 0.596121 0.060895 0.038601
55 0.759589 0.171691 0.060529 0.039736
55 0.823946 0.170852 0.059798 0.038550
55 0.236255 0.173101 0.059784 0.039166
55 0.171716 0.172818 0.059065 0.037796
52 0.542132 0.272978 0.029136 0.035514
55 0.081464 0.370898 0.060429 0.037642
54 0.819441 0.658294 0.146159 0.087648
54 0.470258 0.167846 0.148968 0.089229
54 0.821096 0.235425 0.142581 0.088123
54 0.176118 0.236027 0.146457 0.090373
54 0.908359 0.434847 0.148380 0.089274
53 0.788854 0.714974 0.133652 0.014686
54 0.114970 0.433310 0.205119 0.099191
54 0.088624 0.434746 0.151986 0.090957
