55 0.819389 0.201234 0.059451 0.040766
55 0.916186 0.506757 0.060692 0.038316
55 0.851494 0.507224 0.059767 0.039211
55 0.147065 0.506963 0.060224 0.039483
55 0.114003 0.199856 0.060466 0.037285
55 0.467781 0.103857 0.058841 0.037662
55 0.883799 0.199667 0.060771 0.037561
55 0.531857 0.105065 0.059038 0.039866
55 0.179411 0.201599 0.060109 0.040140
55 0.082145 0.506806 0.060512 0.038229
54 0.472237 0.168270 0.146526 0.087166
54 0.879766 0.264491 0.145297 0.089358
52 0.544173 0.273782 0.028794 0.036032
54 0.913029 0.570390 0.146281 0.087892
54 0.528570 0.753016 0.146564 0.087857
54 0.120731 0.264118 0.152345 0.089852
53 0.494665 0.807136 0.126524 0.016150
54 0.114965 0.571329 0.205166 0.100027
54 0.089851 0.571132 0.153555 0.090748
