55 0.530986 0.104630 0.059197 0.038632
55 0.758898 0.171372 0.060718 0.039522
54 0.525611 0.750574 0.146577 0.085315
55 0.823220 0.170640 0.060156 0.038649
55 0.146941 0.370594 0.059628 0.038241
55 0.466119 0.104098 0.058290 0.037041
52 0.273520 0.324372 0.030034 0.036024
55 0.081322 0.370418 0.060174 0.037292
55 0.171620 0.172719 0.059463 0.037682
54 0.176124 0.236200 0.147564 0.088938
55 0.235920 0.173383 0.059789 0.038282
54 0.878891 0.433791 0.205023 0.098544
54 0.820123 0.235268 0.143289 0.087102
54 0.115076 0.433034 0.203609 0.098946
54 0.811939 0.658659 0.157214 0.094873
54 0.467809 0.168008 0.143287 0.089768
54 0.499452 0.166876 0.201360 0.099786
53 0.495987 0.803627 0.132318 0.013953
