55 0.824204 0.597875 0.059230 0.037092
55 0.236626 0.598426 0.059964 0.038836
52 0.273686 0.328360 0.029740 0.037225
55 0.759535 0.599098 0.059644 0.038438
55 0.824201 0.173840 0.059782 0.037847
55 0.236644 0.176458 0.059884 0.040285
55 0.759545 0.174983 0.060543 0.039527
55 0.171947 0.175296 0.058468 0.037685
55 0.146787 0.374025 0.060032 0.039055
55 0.081472 0.373544 0.060769 0.038277
55 0.913543 0.373754 0.060019 0.038578
55 0.171544 0.598150 0.059833 0.037558
54 0.819969 0.237829 0.144290 0.087973
54 0.176392 0.240415 0.148648 0.087740
54 0.115280 0.436843 0.203593 0.099552
54 0.204645 0.662044 0.204615 0.100317
55 0.848537 0.374782 0.059726 0.039902
54 0.527018 0.752069 0.143898 0.087305
54 0.819847 0.661709 0.145689 0.087241
54 0.908461 0.438008 0.149328 0.088471
53 0.770905 0.718287 0.097240 0.014028
54 0.174139 0.662081 0.142822 0.089358
