55 0.824176 0.173828 0.059905 0.037863
55 0.236623 0.598429 0.060034 0.038843
55 0.530591 0.107795 0.060148 0.039841
55 0.236550 0.176389 0.059898 0.039975
55 0.465543 0.107480 0.059281 0.038252
55 0.171950 0.175209 0.058477 0.037433
55 0.759576 0.174980 0.060514 0.039598
55 0.146778 0.373995 0.059883 0.039080
55 0.081466 0.373549 0.060695 0.038352
55 0.171569 0.598131 0.059836 0.037513
54 0.819785 0.237926 0.144805 0.087820
52 0.210299 0.372362 0.028479 0.039079
54 0.176463 0.239868 0.148729 0.087576
54 0.525973 0.753834 0.145869 0.087903
54 0.204578 0.661976 0.204604 0.100305
54 0.115179 0.436738 0.203132 0.100056
54 0.879273 0.435902 0.205089 0.096420
53 0.499627 0.807597 0.138418 0.015683
54 0.467849 0.170978 0.142754 0.088311
54 0.907790 0.437108 0.148311 0.090633
54 0.499088 0.169863 0.202296 0.100015
54 0.174155 0.662183 0.142844 0.089470
