52 0.202107 0.488244 0.029910 0.036703
55 0.146846 0.506412 0.060071 0.039707
55 0.113932 0.199751 0.060439 0.037332
55 0.467450 0.103816 0.058972 0.037582
55 0.082113 0.506329 0.060484 0.038477
55 0.179259 0.201478 0.060382 0.040283
55 0.531616 0.105124 0.059439 0.040110
54 0.472691 0.168257 0.148073 0.088657
54 0.909380 0.570826 0.152727 0.091420
54 0.875956 0.265537 0.153334 0.091432
54 0.088581 0.570312 0.150611 0.088238
54 0.528709 0.752409 0.145548 0.087907
54 0.120797 0.263771 0.153008 0.089450
