55 0.915783 0.506144 0.060574 0.038184
55 0.850937 0.506787 0.060592 0.039428
55 0.818681 0.201138 0.059962 0.040468
55 0.467518 0.103784 0.058818 0.037576
55 0.883379 0.199523 0.060991 0.037354
54 0.474353 0.168365 0.151408 0.088973
52 0.543894 0.273570 0.029230 0.036435
55 0.531649 0.105050 0.059378 0.040087
54 0.911883 0.570259 0.147600 0.088776
54 0.528634 0.752349 0.144797 0.087513
54 0.878552 0.263842 0.146631 0.089611
54 0.146775 0.262072 0.204575 0.098885
54 0.115922 0.570092 0.205761 0.100000
53 0.829787 0.321676 0.096720 0.015230
54 0.122606 0.263802 0.155618 0.088926
