55 0.247165 0.589790 0.059234 0.039204
52 0.802765 0.503192 0.029598 0.034981
55 0.916797 0.366912 0.058750 0.036888
54 0.534721 0.741392 0.144214 0.086197
55 0.853794 0.367376 0.057913 0.037513
55 0.764225 0.589780 0.060484 0.039569
55 0.828633 0.169254 0.058118 0.037920
55 0.474217 0.102704 0.060631 0.038371
55 0.828288 0.588393 0.058566 0.036225
55 0.764527 0.169838 0.060816 0.039111
55 0.182702 0.588867 0.059605 0.037065
55 0.246978 0.170705 0.059490 0.039735
55 0.182662 0.170588 0.059759 0.037189
54 0.477145 0.166936 0.142752 0.087867
55 0.537998 0.103704 0.059303 0.039945
54 0.822244 0.652715 0.147536 0.087925
54 0.823482 0.233407 0.144507 0.086850
54 0.795346 0.231252 0.203742 0.097339
54 0.186662 0.234293 0.144053 0.089076
54 0.215944 0.232288 0.203814 0.101365
54 0.883395 0.428814 0.204539 0.094596
54 0.185471 0.652652 0.142697 0.089732
