55 0.761481 0.589957 0.059987 0.039402
52 0.281644 0.321236 0.028838 0.036451
54 0.531907 0.740872 0.143336 0.085259
55 0.913929 0.367153 0.059003 0.037151
55 0.243749 0.589496 0.059483 0.038919
55 0.825276 0.588445 0.059928 0.036870
55 0.825447 0.169088 0.059044 0.037624
55 0.244137 0.171415 0.060753 0.039081
55 0.761728 0.169844 0.060137 0.039460
55 0.850258 0.367319 0.059655 0.037157
55 0.535152 0.103180 0.059944 0.039831
55 0.091967 0.366787 0.058927 0.036739
55 0.470906 0.102818 0.059412 0.038281
55 0.156035 0.366950 0.059189 0.037970
55 0.179581 0.589155 0.059626 0.037619
55 0.179709 0.170652 0.059033 0.037245
54 0.183384 0.233864 0.144689 0.087262
54 0.819427 0.653012 0.147072 0.088194
54 0.125541 0.430059 0.199934 0.099049
54 0.212592 0.652061 0.202098 0.100301
54 0.504085 0.166237 0.200876 0.099341
54 0.475205 0.166083 0.143809 0.088495
54 0.821245 0.232877 0.143772 0.087737
53 0.871467 0.485689 0.108870 0.013817
55 0.534787 0.664205 0.059308 0.061240
54 0.880401 0.429659 0.207708 0.102488
54 0.792663 0.230916 0.203353 0.095573
