55 0.155207 0.368484 0.057119 0.038562
52 0.281353 0.323071 0.028183 0.034658
55 0.091186 0.367585 0.058326 0.036690
54 0.531964 0.743652 0.144929 0.088267
55 0.179751 0.591051 0.059521 0.036194
54 0.211355 0.233546 0.203171 0.097885
55 0.243410 0.591643 0.058116 0.038389
54 0.503285 0.164709 0.202694 0.093781
54 0.823744 0.232095 0.141554 0.087792
54 0.821402 0.654932 0.147153 0.091324
54 0.100803 0.430456 0.159702 0.087899
54 0.796680 0.653146 0.198673 0.097537
54 0.884940 0.428901 0.201053 0.091421
54 0.182336 0.652922 0.144576 0.087554
54 0.796456 0.230201 0.196672 0.094944
54 0.472408 0.166731 0.141359 0.085789
