55 0.916651 0.506300 0.060787 0.038426
55 0.819640 0.200412 0.059795 0.039365
55 0.148067 0.506615 0.060860 0.039751
55 0.852138 0.506955 0.059288 0.039253
54 0.501622 0.169010 0.203509 0.100069
52 0.217804 0.361347 0.028626 0.035650
55 0.884210 0.199495 0.060726 0.037612
55 0.114771 0.199678 0.060338 0.037279
55 0.083073 0.506313 0.060670 0.038451
54 0.913595 0.570382 0.146107 0.088206
55 0.180391 0.201592 0.060721 0.040230
54 0.529442 0.752654 0.148009 0.086475
54 0.121911 0.263862 0.151020 0.089559
54 0.115888 0.571205 0.205613 0.099997
53 0.496404 0.806476 0.130332 0.016510
54 0.879429 0.264054 0.146494 0.089764
54 0.091871 0.571149 0.156064 0.091114
54 0.851026 0.262281 0.206116 0.099387
