55 0.240259 0.600989 0.060741 0.039166
55 0.536407 0.105256 0.061398 0.041553
55 0.240153 0.174602 0.060211 0.041700
55 0.767776 0.172445 0.061483 0.039464
55 0.832597 0.172080 0.059586 0.038609
55 0.471040 0.103916 0.060390 0.038481
55 0.175055 0.173505 0.061656 0.038145
55 0.083390 0.373546 0.061417 0.039026
54 0.476156 0.169676 0.149201 0.088712
55 0.174382 0.601054 0.061538 0.038002
55 0.149242 0.374689 0.060578 0.041436
55 0.858390 0.374327 0.060731 0.041061
55 0.922676 0.373420 0.059793 0.039079
54 0.178547 0.238226 0.149827 0.089104
54 0.533220 0.755757 0.145497 0.089955
54 0.088506 0.438911 0.149448 0.089293
54 0.828027 0.237370 0.148363 0.089728
52 0.548504 0.275468 0.030539 0.036711
54 0.919457 0.438392 0.145181 0.089107
54 0.208140 0.665035 0.207062 0.102122
54 0.176613 0.665734 0.145911 0.091070
53 0.207028 0.721863 0.145599 0.016765
