52 0.748447 0.329550 0.029057 0.036388
54 0.525562 0.740921 0.143845 0.086170
55 0.755171 0.589626 0.059428 0.038728
55 0.818910 0.588416 0.059388 0.037283
55 0.755063 0.170297 0.059788 0.039761
55 0.237518 0.589660 0.060040 0.039085
55 0.149634 0.367455 0.059955 0.038765
55 0.529175 0.103163 0.058025 0.040539
55 0.465292 0.102858 0.057802 0.038094
55 0.237983 0.171217 0.060299 0.039474
55 0.843752 0.367494 0.059573 0.037471
55 0.907097 0.366830 0.058577 0.036675
55 0.173869 0.170279 0.060271 0.038468
55 0.819120 0.169129 0.058462 0.037852
55 0.173358 0.588937 0.059456 0.035955
54 0.470604 0.167085 0.148125 0.088335
55 0.085753 0.367028 0.060520 0.036771
54 0.091688 0.430802 0.150952 0.090012
54 0.900613 0.429955 0.149470 0.088016
54 0.813578 0.232732 0.146528 0.088376
54 0.177460 0.233746 0.143993 0.088652
54 0.206347 0.652400 0.201591 0.100737
53 0.489670 0.795469 0.121437 0.014063
54 0.786857 0.651942 0.203982 0.097701
52 0.686314 0.550291 0.026414 0.035400
55 0.528213 0.664911 0.059509 0.058205
54 0.178210 0.652542 0.145590 0.090116
