55 0.913054 0.370359 0.060300 0.037732
55 0.236373 0.595412 0.060045 0.038632
55 0.530991 0.104646 0.059184 0.038644
55 0.758839 0.171433 0.060936 0.039444
54 0.526313 0.750439 0.144998 0.085976
55 0.823189 0.170630 0.060030 0.038706
55 0.466096 0.104134 0.058399 0.037101
55 0.848239 0.370843 0.059968 0.038696
55 0.146865 0.371173 0.059669 0.039177
55 0.081347 0.370752 0.060315 0.037945
55 0.171616 0.172741 0.059435 0.037689
55 0.171472 0.594866 0.059582 0.037394
52 0.541946 0.273042 0.029083 0.035773
54 0.176174 0.235965 0.147628 0.088734
55 0.235912 0.173382 0.059768 0.038304
54 0.815735 0.658762 0.150090 0.092001
54 0.205002 0.659062 0.203962 0.101031
54 0.819474 0.235426 0.144598 0.087365
54 0.468991 0.168025 0.145652 0.090588
54 0.085924 0.434335 0.146486 0.089080
54 0.499627 0.167062 0.200987 0.099560
54 0.177846 0.658680 0.149868 0.091372
53 0.496139 0.803777 0.132633 0.013918
54 0.908679 0.434336 0.147402 0.088295
