52 0.217073 0.361673 0.028633 0.035698
55 0.818669 0.201207 0.059795 0.040425
55 0.531755 0.104529 0.058944 0.039123
55 0.883389 0.199589 0.060839 0.037306
55 0.467488 0.103966 0.059107 0.038052
54 0.528233 0.750660 0.147076 0.090162
54 0.906197 0.569963 0.156615 0.088717
54 0.500940 0.167653 0.201947 0.098763
54 0.122451 0.263747 0.155139 0.089007
54 0.116104 0.569989 0.206220 0.101356
54 0.472481 0.168481 0.148865 0.090795
54 0.147089 0.262505 0.204780 0.097760
54 0.878932 0.264277 0.147277 0.090171
53 0.848987 0.321385 0.150969 0.015809
