55 0.824183 0.597832 0.059329 0.037071
55 0.759448 0.599114 0.059861 0.038783
55 0.824211 0.173853 0.059796 0.037933
55 0.530657 0.107803 0.060139 0.039877
55 0.465575 0.107453 0.059274 0.038285
55 0.236412 0.176964 0.059903 0.041291
55 0.759562 0.174799 0.061477 0.039065
55 0.172016 0.175331 0.058658 0.037723
55 0.236556 0.599184 0.060040 0.039824
55 0.171615 0.598068 0.059861 0.037226
54 0.178307 0.662727 0.151818 0.089014
55 0.081463 0.373623 0.060591 0.038304
54 0.176456 0.240336 0.148684 0.088645
55 0.913578 0.373701 0.060067 0.038527
52 0.541772 0.276097 0.029419 0.036753
54 0.526311 0.753177 0.143618 0.087591
55 0.848612 0.374553 0.059673 0.039474
55 0.146974 0.374570 0.060231 0.039465
54 0.819218 0.661801 0.146953 0.087752
54 0.087426 0.438006 0.149549 0.088663
54 0.500008 0.169744 0.200454 0.097900
54 0.819529 0.238028 0.144992 0.087338
52 0.790395 0.402820 0.028316 0.038057
54 0.908760 0.437905 0.148664 0.088139
54 0.469556 0.171090 0.145663 0.088509
53 0.759941 0.718745 0.077201 0.014235
