55 0.916670 0.506320 0.060785 0.038405
55 0.819661 0.200377 0.059716 0.039404
55 0.852109 0.506971 0.059342 0.039224
55 0.148094 0.506616 0.060840 0.039701
55 0.884216 0.199486 0.060679 0.037580
55 0.180401 0.201743 0.060862 0.040556
55 0.114715 0.199654 0.060361 0.037310
55 0.083081 0.506322 0.060686 0.038414
54 0.913683 0.570484 0.146003 0.088305
55 0.468121 0.103771 0.058998 0.037695
54 0.472405 0.168755 0.145526 0.088244
54 0.529459 0.752501 0.147507 0.088084
55 0.532775 0.104955 0.059809 0.039885
52 0.217722 0.361462 0.028608 0.035372
54 0.120330 0.264044 0.147795 0.089428
54 0.116139 0.571102 0.205199 0.100120
54 0.879813 0.264224 0.145795 0.089614
53 0.499604 0.805687 0.141125 0.015968
54 0.852176 0.262951 0.201133 0.096646
54 0.092070 0.571138 0.156338 0.091325
