55 0.824153 0.597736 0.059373 0.037103
55 0.759408 0.599163 0.059957 0.039005
52 0.273592 0.328601 0.029667 0.036790
55 0.824183 0.173871 0.059863 0.037940
55 0.236414 0.176927 0.059847 0.041197
55 0.171995 0.175312 0.058666 0.037704
55 0.236561 0.599172 0.060030 0.039820
55 0.171613 0.598079 0.059846 0.037235
55 0.759587 0.174824 0.061493 0.039109
54 0.178272 0.662753 0.151979 0.089127
55 0.081450 0.373606 0.060608 0.038265
55 0.913568 0.373711 0.060107 0.038525
54 0.176422 0.240180 0.148547 0.088444
55 0.848609 0.374555 0.059692 0.039485
55 0.146992 0.374576 0.060239 0.039471
54 0.819499 0.661606 0.145893 0.087273
54 0.087483 0.437960 0.149417 0.088355
54 0.819614 0.238330 0.144777 0.087617
52 0.790437 0.402608 0.028425 0.037590
54 0.526832 0.753263 0.143206 0.088102
54 0.908580 0.437927 0.149021 0.088257
53 0.781520 0.717792 0.120322 0.014456
