55 0.824108 0.597717 0.059476 0.037248
55 0.759418 0.599207 0.059978 0.039312
55 0.530513 0.107864 0.059855 0.040089
55 0.465552 0.107517 0.059490 0.038441
55 0.236415 0.176957 0.059836 0.041219
55 0.172001 0.175341 0.058654 0.037758
54 0.178186 0.662889 0.151768 0.089282
55 0.236569 0.599195 0.060054 0.039838
55 0.848847 0.374337 0.060243 0.039039
55 0.081445 0.373613 0.060563 0.038303
55 0.171614 0.598065 0.059841 0.037200
55 0.913531 0.373679 0.060213 0.038542
54 0.176314 0.239965 0.148260 0.088140
55 0.146639 0.374275 0.060011 0.040036
53 0.868129 0.494822 0.115308 0.015519
54 0.818627 0.663043 0.146846 0.088443
54 0.790150 0.237965 0.204483 0.099968
54 0.526064 0.753308 0.144130 0.088070
54 0.467957 0.171196 0.143141 0.089073
54 0.087530 0.437879 0.149585 0.088098
52 0.790444 0.402669 0.028194 0.037611
54 0.912951 0.438356 0.137773 0.087418
54 0.822309 0.238013 0.140211 0.090923
52 0.210575 0.368694 0.028369 0.032048
