52 0.797711 0.510335 0.028217 0.035755
55 0.530666 0.107751 0.060011 0.039748
55 0.465629 0.107399 0.059212 0.038150
54 0.526589 0.753343 0.144204 0.087452
54 0.789888 0.238001 0.204002 0.100073
54 0.500043 0.169789 0.200419 0.097551
54 0.089896 0.437329 0.152681 0.088593
54 0.816268 0.662009 0.149881 0.089193
53 0.496989 0.808385 0.131727 0.015989
54 0.878200 0.436407 0.206638 0.093942
54 0.190207 0.661946 0.172118 0.096946
54 0.177533 0.239573 0.148867 0.091646
54 0.906969 0.437033 0.149815 0.091074
54 0.205151 0.238889 0.205369 0.097442
54 0.469793 0.171188 0.146168 0.088201
54 0.822105 0.237765 0.140894 0.091271
