55 0.913802 0.367044 0.059183 0.037183
54 0.531676 0.741374 0.145500 0.084620
55 0.850077 0.367412 0.060241 0.037419
55 0.243823 0.589999 0.059401 0.039970
52 0.408003 0.633145 0.029101 0.035264
55 0.092051 0.366779 0.058965 0.036748
55 0.156057 0.366976 0.059159 0.038022
55 0.179475 0.588570 0.059934 0.036611
54 0.818491 0.652819 0.148320 0.088241
54 0.187960 0.233552 0.151382 0.087533
54 0.125459 0.430247 0.199249 0.098823
54 0.792557 0.230526 0.203169 0.101801
54 0.819901 0.232602 0.147040 0.091149
54 0.185005 0.652331 0.147442 0.089749
55 0.535579 0.665417 0.059267 0.060125
53 0.212140 0.707322 0.144788 0.015415
54 0.881391 0.429220 0.201760 0.100607
