55 0.827139 0.596047 0.059061 0.038057
52 0.754955 0.333406 0.029090 0.034570
55 0.916010 0.371566 0.060484 0.038797
55 0.761546 0.171597 0.062875 0.040301
55 0.826979 0.170862 0.059210 0.039548
55 0.761559 0.596956 0.061964 0.039198
55 0.236312 0.172675 0.060529 0.040006
55 0.531796 0.104525 0.058992 0.039060
55 0.851263 0.371868 0.059863 0.039454
55 0.171529 0.172564 0.059907 0.038600
55 0.467516 0.103831 0.058972 0.037702
55 0.146974 0.372084 0.060366 0.039921
55 0.236034 0.597665 0.059874 0.040983
55 0.171682 0.596148 0.060788 0.038067
55 0.082407 0.371567 0.060311 0.037954
54 0.820405 0.660569 0.148580 0.088882
54 0.527934 0.752536 0.145863 0.086162
54 0.820986 0.235499 0.146663 0.088893
54 0.178448 0.661296 0.151092 0.088412
54 0.501478 0.167703 0.200496 0.098791
54 0.086260 0.436210 0.145581 0.088497
54 0.204961 0.236350 0.204844 0.099074
54 0.471843 0.168468 0.146855 0.090085
53 0.480244 0.806917 0.098942 0.016244
54 0.175358 0.237364 0.144321 0.090592
54 0.888974 0.435461 0.192765 0.094268
