54 0.524323 0.741059 0.144874 0.084751
55 0.237593 0.589489 0.060078 0.038639
54 0.786365 0.652264 0.201735 0.099603
55 0.529213 0.103120 0.057877 0.040525
55 0.238045 0.170784 0.059807 0.039706
55 0.465386 0.102831 0.057609 0.038061
52 0.792723 0.502624 0.027778 0.035201
55 0.173400 0.588842 0.059486 0.035653
55 0.173904 0.170281 0.060197 0.038474
54 0.470681 0.166891 0.148133 0.087485
54 0.880174 0.429645 0.189885 0.089932
54 0.810573 0.232005 0.151836 0.089374
54 0.176891 0.234044 0.143321 0.088867
54 0.094542 0.429757 0.155358 0.089491
54 0.118712 0.428766 0.202879 0.099146
54 0.176772 0.653050 0.143189 0.090064
54 0.206476 0.653083 0.203738 0.100022
