52 0.806748 0.512016 0.028426 0.035504
55 0.240365 0.173794 0.059843 0.039748
55 0.833157 0.600962 0.059269 0.038241
55 0.767535 0.601696 0.060108 0.040461
55 0.175076 0.173507 0.061663 0.038111
55 0.767337 0.172674 0.060521 0.039654
55 0.149174 0.373661 0.060715 0.039417
55 0.832569 0.172114 0.059658 0.038599
54 0.475567 0.169582 0.147884 0.088566
55 0.083356 0.373599 0.061417 0.039023
55 0.471003 0.103969 0.060400 0.038551
55 0.536412 0.105420 0.061379 0.041665
55 0.858395 0.374327 0.060706 0.041280
55 0.922701 0.373407 0.059752 0.039070
54 0.828470 0.665190 0.148387 0.088876
54 0.533608 0.756286 0.146091 0.089264
54 0.116593 0.439177 0.205513 0.101240
54 0.208080 0.667035 0.207934 0.104841
54 0.206571 0.237015 0.207175 0.100485
54 0.919792 0.438550 0.145002 0.089333
54 0.827650 0.236954 0.150495 0.089029
54 0.176114 0.238510 0.144003 0.090291
