55 0.758766 0.171469 0.060976 0.039868
55 0.236220 0.172922 0.060092 0.039178
54 0.526277 0.750373 0.144316 0.087936
55 0.465997 0.104057 0.058354 0.036960
55 0.146872 0.370898 0.059557 0.038808
55 0.530578 0.104683 0.058873 0.038508
52 0.273590 0.324358 0.030043 0.036063
55 0.235793 0.595945 0.059666 0.037708
55 0.823133 0.170533 0.059958 0.038579
55 0.171534 0.172717 0.059487 0.037623
55 0.081351 0.370376 0.060295 0.037170
55 0.171595 0.594536 0.060987 0.037049
54 0.470514 0.168292 0.148241 0.089950
54 0.818950 0.234830 0.145919 0.087959
54 0.176756 0.658290 0.148449 0.091248
54 0.816658 0.658701 0.148792 0.090811
54 0.204575 0.235642 0.204307 0.099781
54 0.174725 0.236449 0.143792 0.090183
54 0.086564 0.434412 0.147459 0.088900
