52 0.306004 0.602611 0.028656 0.033935
55 0.823612 0.595301 0.059898 0.037664
55 0.531162 0.104875 0.058961 0.038130
55 0.465967 0.104240 0.058494 0.036617
55 0.147078 0.370979 0.059596 0.038417
54 0.525783 0.751022 0.144671 0.085299
55 0.081448 0.370735 0.060396 0.037487
55 0.236246 0.595930 0.060121 0.039313
55 0.236242 0.173113 0.059847 0.039206
55 0.758877 0.596122 0.060771 0.038718
55 0.171632 0.172839 0.059300 0.037698
55 0.171601 0.595183 0.059172 0.037356
54 0.177097 0.659187 0.147990 0.092196
54 0.819652 0.658607 0.146379 0.088469
54 0.819052 0.234584 0.146307 0.088633
54 0.467866 0.168086 0.144535 0.091297
54 0.176025 0.236387 0.145655 0.090878
53 0.782607 0.715044 0.121865 0.014307
54 0.566739 0.166083 0.068494 0.087280
54 0.114793 0.432919 0.205204 0.097664
