55 0.833363 0.601002 0.058819 0.038361
52 0.277532 0.327795 0.030229 0.037244
55 0.240027 0.601568 0.060795 0.040526
55 0.536427 0.105288 0.061498 0.041526
55 0.767546 0.601664 0.060606 0.040545
55 0.240121 0.174596 0.060292 0.041699
55 0.832595 0.172088 0.059631 0.038545
55 0.767777 0.172481 0.061537 0.039462
55 0.175045 0.173492 0.061691 0.038137
55 0.083390 0.373561 0.061465 0.039065
55 0.471057 0.103946 0.060513 0.038452
55 0.922723 0.373419 0.059833 0.038616
54 0.828380 0.665529 0.148441 0.088293
54 0.475573 0.169567 0.147991 0.088457
55 0.149142 0.374633 0.060626 0.041802
55 0.858381 0.374351 0.060751 0.040677
55 0.174411 0.601122 0.061545 0.038461
54 0.178482 0.238136 0.149848 0.088741
54 0.179634 0.665833 0.150941 0.091216
54 0.532793 0.756064 0.146908 0.088886
53 0.886925 0.495560 0.134099 0.013770
54 0.828305 0.237117 0.147865 0.089193
54 0.088655 0.439074 0.149632 0.089336
54 0.924263 0.439175 0.137554 0.087811
55 0.536029 0.679215 0.060522 0.061264
