54 0.116229 0.434645 0.204951 0.100664
54 0.205965 0.237359 0.202920 0.100312
52 0.684907 0.597534 0.029595 0.035073
55 0.467765 0.103755 0.059007 0.037472
54 0.792753 0.235934 0.204351 0.099751
54 0.528760 0.753005 0.145479 0.087580
55 0.531644 0.105321 0.059800 0.040359
54 0.881881 0.434634 0.206064 0.098055
54 0.471981 0.168149 0.147790 0.088909
54 0.824139 0.235354 0.142509 0.091986
54 0.793880 0.660032 0.202837 0.098325
54 0.206054 0.660697 0.203316 0.098220
54 0.820452 0.660767 0.148953 0.090447
53 0.498441 0.226546 0.142337 0.016603
