52 0.217145 0.361883 0.028576 0.035674
55 0.819175 0.200526 0.059903 0.039486
55 0.147144 0.506967 0.059977 0.039197
55 0.883886 0.199651 0.060831 0.037452
54 0.909742 0.570585 0.149706 0.087546
55 0.082173 0.506953 0.060395 0.038215
54 0.528704 0.752823 0.145554 0.088715
54 0.473417 0.167861 0.149476 0.088028
54 0.878859 0.264303 0.146556 0.089736
54 0.122592 0.263660 0.154893 0.090083
54 0.088817 0.571330 0.152664 0.090848
54 0.115219 0.572443 0.203843 0.098928
54 0.850372 0.262270 0.206277 0.099688
