54 0.875479 0.429331 0.199942 0.097526
54 0.787864 0.649779 0.199462 0.098894
55 0.242537 0.587739 0.059205 0.039217
54 0.530398 0.739291 0.140460 0.085304
52 0.406191 0.631325 0.028990 0.034987
55 0.156081 0.366816 0.058877 0.039401
54 0.097028 0.428067 0.147494 0.086490
55 0.092693 0.366086 0.058384 0.036665
55 0.179033 0.586324 0.059282 0.037312
54 0.815174 0.232458 0.145321 0.088150
54 0.188509 0.234220 0.152215 0.088018
54 0.187289 0.650669 0.150301 0.088904
54 0.475673 0.166770 0.149252 0.089610
53 0.123620 0.483564 0.134902 0.016773
