54 0.882563 0.571484 0.203107 0.099343
52 0.217045 0.361620 0.028633 0.035375
55 0.818620 0.200856 0.060152 0.039954
55 0.531770 0.104503 0.058956 0.039062
55 0.883401 0.199691 0.061045 0.037539
55 0.467492 0.103833 0.059054 0.037774
54 0.501147 0.167665 0.201167 0.098183
54 0.528314 0.750613 0.146872 0.090220
54 0.089890 0.570036 0.154043 0.086859
54 0.471892 0.168374 0.147289 0.089320
54 0.885031 0.264970 0.133721 0.087560
54 0.121882 0.263663 0.153865 0.089320
54 0.147118 0.262061 0.205244 0.097822
53 0.851378 0.321155 0.146556 0.015639
