55 0.823071 0.595058 0.060028 0.037678
55 0.913022 0.370306 0.060492 0.037510
54 0.205054 0.236681 0.202549 0.101219
55 0.758476 0.595748 0.060404 0.037386
55 0.848179 0.370698 0.059985 0.038230
54 0.526119 0.748196 0.145745 0.089524
54 0.472971 0.167352 0.152394 0.089454
54 0.817289 0.658872 0.148373 0.089473
54 0.180753 0.659767 0.154949 0.091862
54 0.816799 0.234173 0.149897 0.089399
52 0.306148 0.599889 0.027714 0.029293
54 0.879467 0.435665 0.203331 0.100559
54 0.114923 0.432108 0.203627 0.098371
