55 0.823653 0.595190 0.060138 0.037645
55 0.913429 0.370571 0.060354 0.037625
55 0.147062 0.370959 0.059623 0.038438
55 0.848664 0.371517 0.060243 0.039775
55 0.823970 0.170595 0.059963 0.038446
54 0.526361 0.750524 0.144360 0.086406
55 0.759589 0.171663 0.060535 0.039675
55 0.081446 0.370852 0.060481 0.037617
52 0.683085 0.594953 0.028868 0.032055
55 0.758920 0.596032 0.060968 0.038592
55 0.236230 0.596098 0.059962 0.038140
55 0.171626 0.595225 0.060792 0.037161
54 0.205356 0.235117 0.204189 0.104224
54 0.818413 0.659177 0.147087 0.089307
54 0.824619 0.235259 0.134503 0.086390
54 0.499574 0.166868 0.205279 0.098096
54 0.176479 0.659802 0.148259 0.089548
54 0.908578 0.434394 0.149283 0.088243
54 0.115097 0.432933 0.204850 0.097570
53 0.790234 0.290703 0.136036 0.015648
