52 0.806706 0.512476 0.028478 0.034416
55 0.833141 0.600919 0.059260 0.038126
55 0.832939 0.172217 0.060069 0.038745
55 0.083407 0.373530 0.061443 0.039032
55 0.858378 0.374064 0.060786 0.040331
55 0.767367 0.172680 0.060488 0.040018
55 0.149187 0.374599 0.060628 0.041784
55 0.767688 0.601691 0.060004 0.040377
55 0.922893 0.373472 0.059781 0.039000
54 0.503806 0.168884 0.205622 0.101967
54 0.827551 0.665310 0.150889 0.089467
54 0.826903 0.236818 0.151082 0.090113
54 0.089075 0.438795 0.150213 0.089059
54 0.534130 0.756724 0.140637 0.087625
54 0.207690 0.665012 0.204780 0.103490
54 0.478125 0.169105 0.153323 0.091358
54 0.923030 0.439406 0.140344 0.088828
54 0.889281 0.438195 0.208083 0.100611
