55 0.113963 0.199747 0.060429 0.037292
55 0.146917 0.507276 0.059654 0.040383
55 0.531826 0.104489 0.058855 0.039003
54 0.908377 0.570582 0.152300 0.088103
55 0.467534 0.103922 0.058970 0.037918
55 0.179215 0.200989 0.060026 0.039401
52 0.403187 0.641672 0.028977 0.035133
55 0.082199 0.506361 0.060334 0.038514
54 0.528186 0.752384 0.145530 0.085900
54 0.501366 0.167659 0.200972 0.098291
54 0.147861 0.263092 0.204013 0.100346
54 0.876243 0.264203 0.151723 0.090730
54 0.087172 0.570685 0.149410 0.089793
54 0.472993 0.168398 0.149229 0.089482
53 0.114124 0.625797 0.142379 0.015988
