54 0.530189 0.739058 0.140618 0.086162
52 0.795492 0.501754 0.028456 0.035491
55 0.845619 0.366791 0.059023 0.037207
54 0.212700 0.233466 0.201010 0.099867
55 0.908936 0.366332 0.059416 0.036220
55 0.756937 0.587297 0.059052 0.038042
55 0.821599 0.169400 0.059154 0.038147
55 0.757326 0.170721 0.059370 0.039415
55 0.821627 0.586133 0.060036 0.037174
54 0.100642 0.428395 0.150133 0.087664
54 0.816947 0.232332 0.143027 0.086266
54 0.475559 0.166470 0.148949 0.089349
55 0.532071 0.662074 0.060673 0.060776
54 0.190079 0.649544 0.155897 0.092209
54 0.787859 0.649589 0.201542 0.098458
54 0.876416 0.427674 0.200427 0.100523
53 0.785397 0.289890 0.133636 0.016627
54 0.817807 0.650281 0.141136 0.090982
