54 0.531907 0.740987 0.144420 0.084553
52 0.408047 0.633084 0.029229 0.035134
55 0.244129 0.171048 0.060382 0.038376
55 0.180022 0.170007 0.058608 0.038214
54 0.907376 0.429861 0.147842 0.086580
54 0.819884 0.232532 0.147328 0.088804
54 0.818337 0.652050 0.149456 0.088279
54 0.479218 0.167076 0.152446 0.088054
54 0.099571 0.430263 0.151461 0.087140
53 0.207697 0.291241 0.137976 0.017593
54 0.192920 0.651977 0.161896 0.093356
54 0.211297 0.232175 0.201282 0.095642
54 0.180615 0.233990 0.138469 0.087545
