55 0.823007 0.594997 0.059952 0.037865
52 0.752752 0.332252 0.029538 0.035016
55 0.913016 0.370326 0.060397 0.037690
54 0.525920 0.750419 0.145653 0.087504
55 0.236379 0.595413 0.060084 0.038632
55 0.530974 0.104673 0.059260 0.038678
55 0.758935 0.171348 0.060737 0.039417
55 0.146765 0.370611 0.058914 0.037522
55 0.757871 0.595650 0.060569 0.037324
55 0.823172 0.170599 0.060137 0.038625
55 0.466044 0.104139 0.058474 0.037151
55 0.848214 0.370772 0.060043 0.038606
55 0.081351 0.370400 0.060227 0.037243
55 0.171615 0.172741 0.059465 0.037678
55 0.171491 0.594825 0.059632 0.037424
54 0.176149 0.236290 0.147649 0.089177
55 0.235914 0.173404 0.059790 0.038276
54 0.819476 0.235193 0.144537 0.086639
54 0.204930 0.659042 0.204010 0.100942
54 0.499782 0.167189 0.200476 0.099422
54 0.789468 0.657649 0.203796 0.100970
54 0.469024 0.168075 0.145719 0.090254
54 0.177380 0.658662 0.148955 0.091249
54 0.115053 0.431638 0.204869 0.101236
54 0.817755 0.658598 0.146567 0.092805
54 0.087346 0.434420 0.149339 0.091149
54 0.907478 0.434192 0.149800 0.090339
