52 0.797415 0.507675 0.028918 0.035248
55 0.822966 0.594982 0.059880 0.037883
55 0.913061 0.370184 0.060241 0.037472
55 0.758764 0.171636 0.060984 0.039714
55 0.146790 0.370626 0.058762 0.037192
55 0.848322 0.371490 0.060146 0.040101
55 0.236248 0.172888 0.060007 0.039134
55 0.823159 0.170591 0.060029 0.038593
54 0.525724 0.750001 0.145101 0.085049
55 0.530541 0.104745 0.059019 0.038660
55 0.466022 0.104052 0.058317 0.036949
55 0.171551 0.172713 0.059427 0.037589
55 0.235764 0.595753 0.059244 0.038211
55 0.758326 0.595733 0.060766 0.037647
55 0.171605 0.594577 0.060883 0.037079
54 0.471275 0.168181 0.149547 0.089374
55 0.081602 0.370384 0.059904 0.037451
54 0.176143 0.659037 0.147702 0.088915
54 0.818643 0.234994 0.146174 0.087724
54 0.204605 0.235286 0.203705 0.099304
54 0.908544 0.434231 0.147279 0.088648
54 0.115203 0.433785 0.203185 0.101196
54 0.174914 0.236349 0.144143 0.089943
53 0.083875 0.491777 0.077979 0.016225
54 0.819332 0.658840 0.143653 0.090535
54 0.791313 0.658241 0.200066 0.095121
54 0.088863 0.434310 0.152841 0.089371
