55 0.825161 0.595496 0.060239 0.037889
55 0.915455 0.371166 0.060321 0.038411
52 0.754576 0.332684 0.029183 0.035174
55 0.825276 0.170906 0.060053 0.038076
55 0.146947 0.370837 0.060115 0.038026
55 0.237050 0.596355 0.060448 0.039691
54 0.527678 0.752236 0.145827 0.087421
55 0.760578 0.172129 0.061471 0.038518
55 0.850362 0.371306 0.060849 0.039025
55 0.760291 0.596229 0.061456 0.038138
55 0.171869 0.595571 0.061375 0.037966
54 0.176837 0.236321 0.148159 0.089249
55 0.082483 0.371204 0.060136 0.037863
55 0.171932 0.172967 0.060353 0.037606
54 0.820243 0.235579 0.146428 0.088443
55 0.237250 0.173139 0.060667 0.038867
54 0.177775 0.660163 0.149004 0.089455
54 0.116098 0.434195 0.203391 0.098137
53 0.484877 0.806143 0.108548 0.015115
54 0.881858 0.433593 0.205398 0.100389
54 0.791967 0.658717 0.206275 0.102348
54 0.822567 0.659616 0.142337 0.092987
