55 0.822926 0.594979 0.059875 0.037848
55 0.912997 0.370277 0.060412 0.037357
55 0.465819 0.104172 0.058801 0.036458
55 0.146992 0.370679 0.059436 0.038474
55 0.848263 0.370690 0.059986 0.038300
54 0.526194 0.750439 0.144242 0.085964
55 0.235786 0.595738 0.059700 0.037504
55 0.530890 0.105245 0.058813 0.039066
52 0.210081 0.369042 0.029162 0.035846
55 0.081387 0.370467 0.060358 0.037245
55 0.758494 0.595870 0.060388 0.037451
55 0.171450 0.594778 0.059445 0.037211
55 0.171473 0.172874 0.060774 0.037647
54 0.177258 0.658775 0.148543 0.092370
54 0.176113 0.236109 0.147607 0.088303
54 0.468859 0.168259 0.146544 0.088860
55 0.236070 0.173523 0.059552 0.037954
53 0.879642 0.491157 0.143776 0.015941
54 0.818062 0.659272 0.146273 0.090116
54 0.817326 0.234323 0.148134 0.089772
54 0.114682 0.433456 0.205611 0.098668
