55 0.761496 0.589881 0.059995 0.039236
55 0.825155 0.588358 0.059946 0.036832
54 0.531538 0.741153 0.144781 0.083882
55 0.243617 0.589524 0.059085 0.039165
55 0.091968 0.366872 0.059118 0.036909
55 0.156114 0.367001 0.059055 0.038019
55 0.179617 0.589150 0.059536 0.037423
54 0.818641 0.232515 0.149626 0.089137
54 0.906389 0.430206 0.150178 0.087021
54 0.187592 0.233413 0.150921 0.088491
54 0.125389 0.430218 0.199474 0.099353
54 0.476863 0.166157 0.147925 0.090837
54 0.819368 0.652662 0.147527 0.088756
54 0.212299 0.652358 0.202016 0.100090
