55 0.824182 0.597879 0.059173 0.037398
52 0.752967 0.335836 0.030074 0.036371
55 0.759483 0.599284 0.059989 0.039057
55 0.236599 0.598435 0.059975 0.038829
55 0.824201 0.173814 0.059816 0.037790
55 0.530673 0.108252 0.059724 0.040279
55 0.146796 0.373965 0.060088 0.039158
55 0.465637 0.107402 0.059485 0.038195
55 0.081463 0.373567 0.060734 0.038429
54 0.471889 0.171100 0.148615 0.086559
55 0.759589 0.174930 0.060516 0.039424
55 0.171674 0.598017 0.059012 0.036967
55 0.913531 0.373742 0.060057 0.038499
54 0.818981 0.237822 0.146252 0.087505
55 0.848646 0.374292 0.060556 0.038999
54 0.115209 0.436745 0.203638 0.099451
54 0.818136 0.662243 0.147575 0.087663
54 0.527672 0.752239 0.143378 0.087399
54 0.204068 0.663106 0.205440 0.103924
54 0.908320 0.438027 0.149863 0.088315
54 0.173752 0.662363 0.141904 0.088532
53 0.203606 0.718522 0.138673 0.015848
