52 0.797248 0.507793 0.029235 0.035521
55 0.823009 0.594931 0.059995 0.038064
55 0.913161 0.370551 0.060571 0.037862
55 0.759006 0.171246 0.060512 0.039546
54 0.526193 0.750123 0.144728 0.087436
55 0.465997 0.104177 0.058689 0.036462
55 0.823299 0.170511 0.060262 0.038723
55 0.236005 0.595864 0.059272 0.039241
55 0.171702 0.594577 0.060791 0.037135
55 0.758457 0.595760 0.060678 0.037642
55 0.848254 0.370867 0.059994 0.038780
55 0.530940 0.105320 0.058828 0.039268
55 0.171513 0.172717 0.060511 0.037560
55 0.235982 0.173598 0.059373 0.038857
54 0.469141 0.168409 0.147111 0.088985
54 0.176234 0.236138 0.148258 0.089097
54 0.818309 0.658539 0.146599 0.089015
54 0.177003 0.658063 0.148848 0.092632
54 0.818387 0.234934 0.145645 0.087546
54 0.909191 0.434328 0.146506 0.087788
