55 0.833298 0.600980 0.058899 0.038468
55 0.239639 0.601601 0.060957 0.040534
55 0.536431 0.104667 0.061399 0.040226
55 0.083417 0.373565 0.061492 0.039064
55 0.767640 0.172583 0.061652 0.039704
55 0.832698 0.172024 0.059887 0.038406
55 0.149258 0.374652 0.060688 0.041435
52 0.406762 0.646228 0.028674 0.034562
55 0.470861 0.104018 0.059922 0.038438
55 0.767623 0.601657 0.060219 0.040364
55 0.174342 0.600915 0.061425 0.038071
55 0.858357 0.374046 0.060670 0.040224
54 0.827472 0.236295 0.149790 0.087863
55 0.922847 0.373465 0.059871 0.038978
54 0.178999 0.665701 0.149585 0.090747
54 0.504095 0.168151 0.206032 0.101507
54 0.827860 0.664760 0.150956 0.086880
54 0.089125 0.439080 0.150699 0.089410
54 0.535133 0.756534 0.139227 0.087963
54 0.472997 0.169001 0.142445 0.088071
54 0.889077 0.437749 0.208299 0.100294
