55 0.824101 0.597682 0.059446 0.037072
52 0.273557 0.328613 0.029595 0.036708
55 0.824212 0.173829 0.059839 0.037966
55 0.530636 0.107727 0.060111 0.039777
55 0.759424 0.599143 0.060028 0.039170
55 0.465597 0.107442 0.059268 0.038259
55 0.236396 0.176920 0.059857 0.041204
55 0.759555 0.174756 0.061456 0.039018
55 0.172012 0.175302 0.058661 0.037690
55 0.236552 0.599176 0.060013 0.039824
55 0.171613 0.598071 0.059824 0.037198
54 0.178287 0.662932 0.151887 0.089528
55 0.081458 0.373612 0.060597 0.038288
54 0.176305 0.240168 0.148474 0.088282
54 0.818977 0.661441 0.146574 0.086865
55 0.146979 0.374572 0.060232 0.039425
54 0.879341 0.435646 0.204860 0.096731
54 0.087358 0.437856 0.149171 0.088143
54 0.525992 0.753151 0.144430 0.087369
54 0.820452 0.237971 0.143565 0.086824
54 0.499703 0.169511 0.201457 0.098591
54 0.467802 0.171132 0.142383 0.088266
53 0.788830 0.717626 0.135401 0.014800
54 0.789704 0.235523 0.207247 0.096808
