55 0.915781 0.506269 0.060711 0.038363
55 0.818636 0.201082 0.060083 0.040369
55 0.850920 0.506947 0.060692 0.039478
55 0.147031 0.506685 0.060634 0.039632
55 0.531725 0.104591 0.058942 0.039116
55 0.467424 0.103893 0.059157 0.037759
55 0.082120 0.506340 0.060471 0.038557
55 0.883359 0.199518 0.061061 0.037475
52 0.741156 0.589321 0.028689 0.035499
54 0.911719 0.570447 0.148004 0.089084
54 0.527986 0.752602 0.146295 0.086265
54 0.087527 0.570487 0.148544 0.088763
54 0.878232 0.264188 0.147299 0.090181
54 0.142209 0.262102 0.195213 0.093965
54 0.499846 0.167760 0.205438 0.098945
54 0.469182 0.168167 0.143540 0.089266
53 0.498748 0.225854 0.141128 0.015831
