55 0.824161 0.597865 0.059235 0.037343
52 0.752961 0.335799 0.030022 0.036499
55 0.759411 0.599313 0.060091 0.039192
55 0.146779 0.373940 0.060045 0.039046
54 0.205452 0.661314 0.204059 0.102184
55 0.848803 0.374336 0.060583 0.038743
55 0.913794 0.373662 0.059629 0.037818
55 0.081460 0.373576 0.060799 0.038444
53 0.861048 0.494808 0.097613 0.014666
54 0.115311 0.436672 0.203602 0.099176
54 0.816203 0.237243 0.152743 0.089363
54 0.818266 0.662900 0.147726 0.088864
54 0.526642 0.752953 0.144080 0.088781
54 0.472332 0.171103 0.150365 0.086051
54 0.913333 0.438134 0.136821 0.087487
