55 0.761467 0.590012 0.060082 0.039657
55 0.913797 0.367014 0.059173 0.037105
54 0.531863 0.741101 0.144115 0.085159
55 0.243757 0.590134 0.059513 0.040237
55 0.825218 0.588516 0.059871 0.037114
55 0.850116 0.367353 0.060090 0.037353
55 0.825416 0.169004 0.059093 0.037568
55 0.156071 0.366925 0.059029 0.037959
55 0.244192 0.171584 0.060905 0.039450
55 0.761688 0.169825 0.060098 0.039666
52 0.408055 0.632986 0.029164 0.035266
55 0.470896 0.102850 0.059403 0.038161
55 0.179544 0.589099 0.059725 0.037580
55 0.091413 0.366970 0.058947 0.036513
55 0.534645 0.103687 0.059375 0.039450
55 0.179610 0.170571 0.059057 0.037083
54 0.477445 0.165817 0.148560 0.090732
54 0.125326 0.430456 0.199424 0.098951
54 0.819665 0.652973 0.146909 0.088015
54 0.184432 0.233936 0.145306 0.088730
54 0.820308 0.232763 0.146071 0.088751
54 0.186835 0.652870 0.150935 0.090313
55 0.534755 0.664249 0.059218 0.061040
53 0.214808 0.290419 0.133537 0.016624
54 0.881456 0.428485 0.202573 0.101271
