55 0.824176 0.597756 0.059282 0.037167
52 0.752957 0.335949 0.029715 0.036553
55 0.759473 0.599180 0.059865 0.039062
55 0.824214 0.173837 0.059785 0.037997
55 0.530642 0.107805 0.060124 0.039852
55 0.465570 0.107473 0.059351 0.038378
55 0.236412 0.176966 0.059897 0.041295
55 0.759511 0.174801 0.061376 0.039073
55 0.172010 0.175325 0.058650 0.037718
55 0.236562 0.599179 0.060049 0.039823
54 0.178211 0.662824 0.151732 0.089145
55 0.081451 0.373603 0.060574 0.038285
55 0.171616 0.598062 0.059859 0.037216
54 0.176506 0.240291 0.148687 0.088702
55 0.913581 0.373727 0.060077 0.038539
54 0.525868 0.753833 0.145602 0.087907
55 0.848619 0.374539 0.059693 0.039513
55 0.146970 0.374578 0.060237 0.039480
54 0.818723 0.662992 0.146510 0.088338
53 0.492741 0.807935 0.124150 0.015530
54 0.499954 0.169625 0.200467 0.097400
54 0.820136 0.238121 0.143829 0.086990
54 0.087489 0.437980 0.149346 0.088330
54 0.908828 0.437995 0.148509 0.088291
54 0.468944 0.170902 0.144515 0.087880
52 0.790466 0.402691 0.028352 0.037543
