55 0.850178 0.367624 0.059945 0.037648
55 0.761468 0.589923 0.060072 0.039293
55 0.913845 0.367005 0.059119 0.037024
54 0.531865 0.741010 0.144347 0.084775
55 0.825206 0.588427 0.059982 0.036991
55 0.761726 0.170011 0.060334 0.039998
55 0.825456 0.169025 0.059014 0.037548
55 0.244126 0.171725 0.060580 0.039831
55 0.243613 0.589501 0.059118 0.039126
55 0.091953 0.366839 0.059118 0.036839
55 0.470986 0.102918 0.059191 0.038192
52 0.408014 0.632930 0.029105 0.035146
55 0.156085 0.366968 0.059085 0.038031
55 0.179575 0.589188 0.059636 0.037655
54 0.908524 0.430004 0.147047 0.087979
55 0.179708 0.170784 0.059216 0.037528
55 0.535008 0.103955 0.059486 0.040624
54 0.820902 0.232685 0.144313 0.088832
54 0.476941 0.166851 0.137057 0.086424
54 0.182559 0.233629 0.144238 0.087162
54 0.212810 0.652192 0.201447 0.100108
54 0.125430 0.430184 0.199610 0.099283
54 0.819323 0.652841 0.147339 0.088035
