52 0.797132 0.507598 0.029354 0.036229
54 0.498809 0.168456 0.202854 0.100378
55 0.146979 0.370551 0.059540 0.038070
54 0.526690 0.750374 0.143446 0.085162
55 0.171644 0.172739 0.059415 0.037671
54 0.879049 0.433533 0.205197 0.099619
55 0.081312 0.370256 0.060105 0.036921
54 0.205620 0.658408 0.204268 0.105315
54 0.176201 0.236127 0.147703 0.088789
55 0.235944 0.173417 0.059773 0.038312
54 0.815661 0.658500 0.150927 0.090849
54 0.789241 0.233388 0.203460 0.103959
53 0.114404 0.490569 0.139652 0.017331
54 0.114608 0.434286 0.203267 0.099833
52 0.439536 0.600308 0.027531 0.033956
54 0.816384 0.234347 0.151425 0.092211
54 0.087813 0.434230 0.150690 0.089569
