55 0.243910 0.589830 0.059979 0.039745
55 0.761436 0.589957 0.059938 0.039369
54 0.531920 0.741173 0.144493 0.084630
55 0.913987 0.366944 0.058743 0.036788
55 0.850415 0.367612 0.059531 0.037632
55 0.825274 0.588387 0.060023 0.036713
55 0.155954 0.367033 0.058805 0.038726
55 0.179579 0.589109 0.059801 0.037604
55 0.091417 0.367018 0.059007 0.036604
54 0.818969 0.232342 0.149104 0.086987
55 0.243969 0.171166 0.060250 0.038442
52 0.408088 0.633035 0.029254 0.035238
55 0.179741 0.170690 0.059271 0.037312
54 0.909813 0.429777 0.146398 0.088262
54 0.096484 0.430539 0.147840 0.089747
54 0.479724 0.166847 0.153244 0.088732
54 0.819790 0.652769 0.146102 0.087660
54 0.184958 0.652776 0.146655 0.088528
54 0.209754 0.232634 0.198137 0.095489
53 0.881628 0.485904 0.139197 0.014275
