55 0.823618 0.595261 0.060011 0.037549
55 0.531055 0.104811 0.058850 0.038194
55 0.913550 0.370635 0.060133 0.037521
55 0.465954 0.104230 0.058553 0.036654
55 0.147032 0.371206 0.059691 0.037140
55 0.823975 0.170690 0.059851 0.038544
55 0.236474 0.173114 0.060145 0.039124
54 0.526068 0.750730 0.144760 0.086581
55 0.081390 0.370910 0.060609 0.037807
55 0.758965 0.596065 0.060952 0.038622
55 0.848737 0.371088 0.060237 0.038598
55 0.759751 0.172248 0.060167 0.038539
55 0.171546 0.173110 0.059193 0.037442
55 0.171692 0.595216 0.060778 0.037176
55 0.236225 0.596128 0.059925 0.038244
54 0.818417 0.659289 0.146555 0.088860
54 0.820604 0.234269 0.143599 0.088240
52 0.402233 0.639546 0.029283 0.036330
54 0.176716 0.659490 0.148566 0.089605
54 0.468922 0.168083 0.146473 0.091211
54 0.178121 0.237224 0.150617 0.092111
54 0.114822 0.432767 0.205043 0.097783
54 0.499862 0.166550 0.202379 0.098452
54 0.912045 0.434552 0.140917 0.088402
54 0.879737 0.431982 0.206018 0.098132
