54 0.529871 0.739346 0.141751 0.084841
55 0.242698 0.587801 0.059594 0.038932
55 0.845458 0.366913 0.059391 0.037443
55 0.909154 0.366470 0.059042 0.037372
55 0.757288 0.170406 0.059719 0.038836
55 0.821667 0.586392 0.059895 0.037356
55 0.821658 0.169278 0.059154 0.037977
55 0.756946 0.587801 0.059320 0.039046
55 0.468714 0.104329 0.058140 0.036564
55 0.242810 0.172094 0.059879 0.039214
54 0.126051 0.427530 0.200391 0.099625
55 0.179887 0.170962 0.058103 0.038402
55 0.532840 0.105413 0.059120 0.038618
52 0.682013 0.588455 0.027401 0.032836
54 0.474548 0.167199 0.146490 0.086299
54 0.904728 0.428445 0.142683 0.085855
55 0.179123 0.586350 0.059393 0.037363
54 0.186938 0.650697 0.149684 0.088968
54 0.816865 0.233061 0.142065 0.086906
54 0.183445 0.233981 0.143869 0.087489
54 0.817563 0.650488 0.141794 0.088246
55 0.531936 0.662263 0.060572 0.060973
53 0.210246 0.290549 0.143421 0.016807
