55 0.823639 0.595190 0.060085 0.037761
54 0.115974 0.432158 0.204870 0.098424
55 0.913526 0.370644 0.060115 0.037628
52 0.798015 0.507747 0.029124 0.035661
55 0.848687 0.371624 0.060319 0.040024
55 0.758901 0.596033 0.061112 0.038563
55 0.759348 0.171551 0.060581 0.039771
55 0.823874 0.170593 0.060001 0.038476
54 0.526534 0.751042 0.144339 0.086753
54 0.205120 0.235366 0.204739 0.104282
54 0.823108 0.235255 0.137670 0.086772
54 0.818869 0.659035 0.146650 0.088809
54 0.498628 0.166647 0.206460 0.102113
54 0.179947 0.658661 0.154612 0.094798
54 0.908538 0.434586 0.147810 0.089113
53 0.792580 0.290463 0.138752 0.016197
52 0.439739 0.598927 0.026874 0.037738
52 0.689691 0.551723 0.026731 0.044680
