55 0.468635 0.104547 0.057852 0.036256
55 0.845619 0.366880 0.058916 0.037406
54 0.530188 0.739224 0.140375 0.085046
52 0.218092 0.366629 0.028012 0.034336
54 0.126456 0.427001 0.201805 0.093704
55 0.532721 0.105127 0.058227 0.037841
55 0.821578 0.169100 0.059320 0.037707
55 0.757832 0.170362 0.059626 0.038919
55 0.908988 0.366480 0.059467 0.036468
54 0.213118 0.648597 0.203472 0.102272
54 0.473796 0.167019 0.144388 0.089685
54 0.813014 0.650324 0.149813 0.089357
54 0.903375 0.428306 0.144931 0.087634
54 0.820350 0.232984 0.136862 0.084488
53 0.789086 0.289467 0.139591 0.017474
