55 0.823003 0.594925 0.059996 0.037676
55 0.912967 0.370172 0.060483 0.037536
55 0.530820 0.104777 0.059012 0.038765
55 0.848243 0.370742 0.060076 0.038547
55 0.759041 0.171682 0.060749 0.039690
55 0.465940 0.104146 0.058136 0.037114
52 0.682924 0.595886 0.029037 0.034571
54 0.526370 0.750647 0.143802 0.085958
55 0.823196 0.170610 0.060095 0.038671
55 0.235871 0.595660 0.059412 0.038246
55 0.758532 0.595790 0.060373 0.037125
55 0.171415 0.594781 0.059533 0.037370
54 0.179058 0.236284 0.152076 0.090318
54 0.177046 0.658382 0.148197 0.092065
54 0.818707 0.233784 0.146423 0.086990
54 0.090765 0.433785 0.153690 0.087169
54 0.789061 0.657608 0.204715 0.101379
54 0.468412 0.167559 0.144934 0.088348
54 0.820785 0.658860 0.140473 0.091884
54 0.908362 0.434004 0.147313 0.087367
54 0.878798 0.433558 0.205444 0.091603
