55 0.822897 0.594968 0.059979 0.037957
52 0.752907 0.332085 0.030134 0.036536
54 0.205056 0.236848 0.202674 0.101239
55 0.758741 0.171709 0.060846 0.039672
55 0.823165 0.170535 0.059959 0.038446
54 0.115936 0.431675 0.204877 0.101276
55 0.530553 0.104764 0.059188 0.038594
55 0.465945 0.104176 0.058581 0.037117
55 0.758359 0.595850 0.060543 0.037412
54 0.526029 0.748077 0.146065 0.089259
54 0.905268 0.434092 0.152204 0.088327
54 0.472122 0.168123 0.152144 0.091612
54 0.818449 0.234636 0.147036 0.087950
54 0.184446 0.659221 0.162674 0.094057
54 0.819230 0.659068 0.143896 0.090762
54 0.789373 0.657143 0.204889 0.101548
