52 0.280685 0.320940 0.028286 0.036412
54 0.529968 0.739169 0.141281 0.085677
55 0.845561 0.366908 0.059171 0.037600
55 0.242862 0.171813 0.059838 0.038886
55 0.092693 0.366006 0.058132 0.036449
55 0.821603 0.586148 0.059967 0.037224
55 0.532821 0.105025 0.058144 0.038011
55 0.821655 0.169276 0.059118 0.037894
55 0.468660 0.104292 0.058013 0.036421
55 0.909141 0.366395 0.058977 0.037102
55 0.756992 0.587474 0.059237 0.038811
55 0.757399 0.170327 0.059364 0.038597
55 0.156040 0.366110 0.058646 0.038025
55 0.179885 0.170701 0.058112 0.038143
54 0.903946 0.428563 0.145586 0.087186
54 0.183817 0.234488 0.145346 0.087153
54 0.125781 0.429036 0.198804 0.098120
54 0.472947 0.167111 0.142251 0.089222
54 0.817658 0.233013 0.140560 0.087182
54 0.815550 0.650630 0.145675 0.089077
54 0.787555 0.231352 0.201810 0.095508
54 0.096116 0.428104 0.143043 0.086492
53 0.847890 0.484756 0.079503 0.013514
