55 0.823018 0.595072 0.059999 0.037679
55 0.913027 0.370306 0.060363 0.037648
55 0.531004 0.104662 0.059205 0.038664
55 0.236375 0.595443 0.060059 0.038650
54 0.525967 0.750321 0.144425 0.085203
55 0.758885 0.171441 0.060914 0.039374
55 0.758320 0.595674 0.060449 0.038334
55 0.466094 0.104138 0.058388 0.037096
55 0.848245 0.370739 0.060007 0.038563
55 0.823209 0.170638 0.060023 0.038695
55 0.146867 0.371191 0.059679 0.039195
55 0.171616 0.172740 0.059443 0.037680
55 0.081362 0.370783 0.060326 0.038024
55 0.171490 0.594909 0.059572 0.037430
52 0.541943 0.272982 0.029036 0.035888
54 0.176200 0.235928 0.147679 0.088605
55 0.235913 0.173390 0.059783 0.038316
54 0.205065 0.658920 0.203975 0.100669
54 0.818761 0.235498 0.145792 0.087914
54 0.469105 0.167955 0.145972 0.090567
54 0.817840 0.658110 0.147823 0.088502
54 0.499499 0.167085 0.201217 0.099562
54 0.087736 0.434907 0.150114 0.089132
54 0.177016 0.658377 0.148452 0.090547
53 0.784454 0.714347 0.126302 0.014872
54 0.907526 0.434054 0.149775 0.090308
