54 0.549414 0.740968 0.145134 0.085601
55 0.262853 0.589499 0.060201 0.038511
55 0.554527 0.103358 0.058961 0.040487
52 0.817966 0.502561 0.027376 0.034266
55 0.198649 0.588726 0.059644 0.035470
54 0.811446 0.652105 0.201474 0.099052
55 0.490525 0.102798 0.057564 0.037920
54 0.232602 0.232601 0.202233 0.103986
54 0.926513 0.429959 0.145491 0.086629
54 0.495538 0.166466 0.146880 0.087520
54 0.839311 0.232489 0.145505 0.089337
54 0.120303 0.429157 0.155714 0.087989
55 0.553459 0.664857 0.058678 0.060490
54 0.202534 0.652947 0.144429 0.090330
54 0.231485 0.652938 0.204511 0.100158
28 0.553782 0.664945 0.058558 0.061103
