55 0.823648 0.595228 0.060180 0.037621
52 0.305992 0.602621 0.028571 0.033935
55 0.913509 0.370504 0.060249 0.037557
55 0.848691 0.371572 0.060315 0.039850
54 0.526072 0.751186 0.144343 0.087884
55 0.147087 0.370967 0.059610 0.038407
55 0.823938 0.170738 0.059912 0.038543
55 0.759470 0.171732 0.060578 0.039709
55 0.236256 0.595939 0.060114 0.039342
55 0.081439 0.370764 0.060334 0.037343
55 0.758958 0.596041 0.061019 0.038623
55 0.236219 0.173177 0.059755 0.039132
55 0.171629 0.595194 0.060698 0.037145
54 0.818279 0.659376 0.146943 0.089207
55 0.171640 0.172890 0.059260 0.037694
54 0.176594 0.659517 0.148083 0.089627
54 0.822393 0.234910 0.143582 0.086682
54 0.175796 0.236105 0.145841 0.089912
54 0.908728 0.434684 0.147952 0.089053
54 0.115210 0.432765 0.205783 0.097773
53 0.783669 0.291145 0.123582 0.015401
