52 0.797842 0.510357 0.028008 0.035989
55 0.824206 0.173816 0.059761 0.037855
55 0.530606 0.107821 0.060129 0.039939
55 0.236554 0.176373 0.059814 0.040027
55 0.465516 0.107493 0.059440 0.038364
55 0.759560 0.174961 0.060532 0.039542
55 0.171945 0.175218 0.058489 0.037488
55 0.146863 0.373990 0.059896 0.038397
55 0.081488 0.373602 0.060541 0.038343
55 0.171527 0.598182 0.059680 0.037510
55 0.913538 0.373741 0.060043 0.038592
54 0.818778 0.237835 0.146657 0.087237
55 0.236835 0.598697 0.059961 0.038549
54 0.177141 0.240054 0.149874 0.088362
52 0.439516 0.601148 0.027432 0.037622
54 0.204557 0.662046 0.204567 0.100734
55 0.848594 0.374769 0.059806 0.039997
53 0.106923 0.494089 0.134583 0.016745
54 0.526466 0.753349 0.143889 0.087844
54 0.499581 0.169672 0.201169 0.097802
54 0.115171 0.438299 0.204464 0.098178
54 0.908866 0.437853 0.148560 0.088083
54 0.469206 0.170983 0.144920 0.088709
54 0.174196 0.662252 0.142905 0.089410
