55 0.827093 0.596048 0.059130 0.038058
52 0.755003 0.333437 0.029075 0.034807
55 0.761574 0.596958 0.061996 0.039153
55 0.916022 0.371573 0.060502 0.038783
55 0.761536 0.171640 0.062882 0.040300
55 0.826947 0.170863 0.059281 0.039575
55 0.236338 0.172723 0.060522 0.039905
55 0.146923 0.371388 0.059631 0.037706
55 0.851223 0.371894 0.059942 0.039521
55 0.171526 0.172584 0.059941 0.038565
54 0.820440 0.660327 0.148473 0.088591
54 0.820935 0.235587 0.146657 0.088966
55 0.236039 0.597640 0.059887 0.040914
55 0.171704 0.596155 0.060794 0.038101
55 0.082392 0.371749 0.060291 0.038158
54 0.178557 0.661286 0.151347 0.088395
54 0.528347 0.752120 0.145573 0.086717
54 0.204906 0.236363 0.204759 0.098926
53 0.473519 0.807518 0.084890 0.016109
54 0.175248 0.237377 0.144086 0.090484
54 0.115971 0.433612 0.206209 0.100649
52 0.767884 0.489843 0.025917 0.040200
54 0.913481 0.435532 0.143148 0.089154
