55 0.148109 0.506670 0.060888 0.039654
55 0.916654 0.506323 0.060778 0.038311
52 0.791766 0.354850 0.029518 0.035290
55 0.852030 0.506958 0.059523 0.039251
55 0.819637 0.200383 0.059744 0.039404
55 0.114767 0.199658 0.060320 0.037277
54 0.913546 0.570569 0.146163 0.088377
54 0.472973 0.168953 0.146486 0.088342
55 0.884212 0.199502 0.060682 0.037538
55 0.180368 0.201618 0.060718 0.040289
55 0.083075 0.506384 0.060528 0.038488
55 0.468117 0.103768 0.058996 0.037731
55 0.532768 0.105062 0.059785 0.040122
54 0.121929 0.263841 0.151143 0.089398
54 0.530260 0.751781 0.145564 0.089082
54 0.879155 0.264319 0.147227 0.089978
54 0.116307 0.572193 0.204925 0.098726
54 0.089970 0.571139 0.153169 0.090317
52 0.440969 0.599960 0.027846 0.038538
54 0.852314 0.263106 0.200856 0.096308
