55 0.247155 0.589836 0.059459 0.039427
55 0.764244 0.589799 0.060490 0.039529
54 0.533944 0.741625 0.145912 0.085930
55 0.828388 0.588419 0.058217 0.035974
52 0.550109 0.269914 0.030612 0.034238
55 0.474227 0.102718 0.060625 0.038331
55 0.764562 0.169840 0.060829 0.039135
55 0.828665 0.169248 0.058073 0.037971
55 0.182629 0.588934 0.059706 0.037481
55 0.182623 0.170593 0.059750 0.037247
55 0.246947 0.170695 0.059493 0.039742
54 0.098663 0.430245 0.143453 0.089422
55 0.538000 0.103689 0.059280 0.039881
55 0.094624 0.367088 0.059914 0.036509
54 0.477244 0.166915 0.142660 0.087512
54 0.822952 0.651786 0.147500 0.088365
54 0.824167 0.233163 0.143411 0.086145
55 0.159583 0.367884 0.059537 0.039571
54 0.187998 0.234478 0.146575 0.090004
54 0.216808 0.651011 0.201886 0.102132
54 0.214720 0.232091 0.200143 0.097189
54 0.795888 0.230698 0.202690 0.095850
55 0.537834 0.664833 0.060727 0.060983
54 0.188372 0.652578 0.147443 0.090615
