54 0.524735 0.741942 0.144696 0.084654
55 0.149623 0.367472 0.059985 0.038744
55 0.237450 0.589609 0.059886 0.038982
55 0.465282 0.102843 0.057801 0.038073
55 0.529197 0.103066 0.057965 0.040483
54 0.786168 0.652209 0.201497 0.098796
55 0.173428 0.589050 0.059549 0.036837
52 0.402162 0.633344 0.029203 0.035772
55 0.085640 0.366993 0.059971 0.037206
54 0.206824 0.233312 0.202313 0.103855
54 0.896474 0.429666 0.156908 0.088280
54 0.469116 0.167209 0.145461 0.088929
54 0.091722 0.430609 0.150511 0.089040
54 0.811393 0.232168 0.150245 0.089412
54 0.206512 0.652398 0.201123 0.100901
54 0.178459 0.652435 0.146137 0.089922
53 0.495709 0.795466 0.133451 0.014050
