55 0.243734 0.589504 0.059502 0.038947
54 0.531653 0.741250 0.145284 0.085263
55 0.244142 0.171520 0.060829 0.039463
55 0.155990 0.366984 0.058930 0.037883
55 0.091954 0.366851 0.059084 0.036835
55 0.470913 0.102889 0.059406 0.038224
55 0.179563 0.589169 0.059603 0.037601
55 0.179733 0.170617 0.059294 0.037218
55 0.534433 0.104028 0.059033 0.040314
54 0.474317 0.167167 0.143228 0.088940
54 0.907012 0.430059 0.148275 0.086334
54 0.792474 0.232197 0.202907 0.100486
52 0.218975 0.366831 0.027960 0.034462
54 0.183372 0.233840 0.144684 0.087446
54 0.792840 0.652024 0.199595 0.099983
54 0.212653 0.652088 0.202062 0.100450
54 0.125400 0.429354 0.201148 0.099127
54 0.820131 0.232450 0.146783 0.091687
53 0.503188 0.795818 0.141880 0.014920
54 0.820696 0.651881 0.145030 0.093789
54 0.096593 0.429643 0.147444 0.087923
55 0.534934 0.664594 0.059500 0.058771
