54 0.124903 0.428314 0.200189 0.098088
54 0.529800 0.739130 0.141163 0.085288
52 0.682188 0.588561 0.027752 0.034078
55 0.242453 0.587536 0.059039 0.038774
54 0.502474 0.166567 0.201835 0.101886
55 0.179049 0.586383 0.058909 0.037282
54 0.211347 0.231969 0.197881 0.096379
54 0.875900 0.427323 0.198698 0.092867
54 0.813286 0.650316 0.148951 0.088921
54 0.817038 0.232012 0.143168 0.090246
54 0.788888 0.231310 0.200148 0.097084
23 0.499627 0.409744 0.059390 0.120043
54 0.214017 0.650062 0.203740 0.095079
29 0.499677 0.409975 0.059857 0.121482
