52 0.797300 0.507783 0.029181 0.035480
55 0.823006 0.595009 0.059734 0.037839
54 0.115701 0.432880 0.204488 0.099789
55 0.913025 0.370381 0.060340 0.037810
55 0.530882 0.105035 0.059118 0.039291
55 0.758853 0.171554 0.060863 0.039155
54 0.205023 0.659066 0.202810 0.101651
55 0.758325 0.595474 0.062039 0.038622
55 0.823202 0.170602 0.060046 0.038770
54 0.525851 0.749923 0.144991 0.085704
55 0.466111 0.103981 0.058280 0.036879
55 0.171664 0.172705 0.059300 0.037635
55 0.848240 0.370847 0.059982 0.038725
54 0.470457 0.168072 0.147563 0.088936
54 0.175877 0.235885 0.147169 0.090784
55 0.236135 0.173333 0.059607 0.039861
54 0.817082 0.658519 0.148497 0.089186
54 0.819206 0.235215 0.145295 0.088034
53 0.202659 0.295197 0.137325 0.015656
54 0.790418 0.232757 0.204286 0.096549
54 0.910039 0.434158 0.144566 0.087946
