54 0.789706 0.662507 0.202547 0.100972
55 0.824184 0.173828 0.059867 0.037836
55 0.236561 0.176358 0.059796 0.039974
54 0.498916 0.170926 0.202910 0.098494
55 0.171935 0.175192 0.058451 0.037445
55 0.759536 0.174959 0.060523 0.039577
54 0.205512 0.660953 0.203507 0.104102
55 0.146847 0.373960 0.059904 0.038473
55 0.081491 0.373607 0.060564 0.038370
54 0.818902 0.237632 0.146578 0.087353
54 0.177099 0.240007 0.149843 0.088284
54 0.879199 0.436035 0.204603 0.097341
52 0.401915 0.643190 0.029882 0.036201
53 0.114005 0.493620 0.139145 0.016689
54 0.114755 0.437277 0.203450 0.097196
54 0.526936 0.751777 0.143872 0.087778
54 0.908445 0.437224 0.147069 0.090990
