55 0.823626 0.595240 0.060118 0.037666
55 0.913550 0.370469 0.060082 0.037068
52 0.753087 0.332587 0.029899 0.034966
55 0.758891 0.596072 0.061052 0.038541
54 0.114102 0.434415 0.202370 0.093215
55 0.759618 0.171755 0.060499 0.039532
55 0.848736 0.370993 0.060374 0.038378
55 0.823974 0.170742 0.059886 0.038675
54 0.205266 0.660676 0.205865 0.103402
55 0.236400 0.173285 0.059959 0.039149
54 0.525990 0.750789 0.145860 0.088206
54 0.818418 0.659634 0.147167 0.090058
55 0.171829 0.172785 0.059395 0.037582
54 0.176344 0.236465 0.148309 0.091682
54 0.821030 0.235319 0.141739 0.087636
54 0.909834 0.434002 0.147386 0.088679
