55 0.823023 0.595015 0.059986 0.037794
55 0.913022 0.370191 0.060318 0.037518
55 0.146724 0.370682 0.058828 0.037716
54 0.204964 0.236583 0.202689 0.100898
55 0.848320 0.371535 0.060187 0.040149
55 0.758786 0.171668 0.060989 0.039679
55 0.823164 0.170604 0.060026 0.038625
55 0.235846 0.595882 0.059779 0.037529
55 0.465960 0.104088 0.058285 0.036991
55 0.530570 0.104771 0.059076 0.038576
55 0.081363 0.370561 0.060323 0.037635
52 0.682596 0.594941 0.028748 0.032369
54 0.526336 0.750371 0.144157 0.086681
55 0.758530 0.595654 0.061900 0.038566
55 0.171649 0.594515 0.060944 0.037019
54 0.176269 0.659163 0.147927 0.089139
54 0.818649 0.235147 0.146634 0.087742
54 0.471309 0.167319 0.151057 0.089752
54 0.907900 0.434085 0.149191 0.087463
54 0.819040 0.659096 0.144370 0.090118
54 0.115228 0.431382 0.205459 0.100893
54 0.789384 0.657162 0.204661 0.100390
