52 0.217181 0.361891 0.028456 0.035595
55 0.916174 0.506811 0.060761 0.038260
55 0.819256 0.201101 0.059682 0.040729
55 0.851467 0.507278 0.059836 0.039168
55 0.147084 0.506935 0.060118 0.039450
55 0.114008 0.199861 0.060479 0.037288
55 0.883852 0.199686 0.060773 0.037424
55 0.179417 0.201638 0.060066 0.040201
55 0.082160 0.506834 0.060560 0.038316
54 0.913271 0.570260 0.145657 0.087518
54 0.877515 0.264297 0.149564 0.089518
54 0.120547 0.264001 0.151980 0.089947
54 0.473203 0.167862 0.149105 0.088199
54 0.528319 0.752907 0.146852 0.088383
53 0.493860 0.807545 0.124910 0.016470
54 0.114691 0.570621 0.205835 0.099743
54 0.091095 0.571047 0.156097 0.090843
