55 0.756970 0.587536 0.059041 0.038679
55 0.845463 0.366875 0.059479 0.037665
54 0.530544 0.738973 0.140089 0.085158
52 0.751364 0.328522 0.028931 0.036040
55 0.242662 0.587561 0.059557 0.038714
55 0.242848 0.171815 0.059887 0.038911
55 0.821591 0.586143 0.060028 0.037101
55 0.909142 0.366410 0.059051 0.037266
55 0.821651 0.169285 0.059131 0.037912
55 0.092688 0.366027 0.058209 0.036377
55 0.532783 0.105028 0.058255 0.038068
55 0.179850 0.170734 0.058107 0.038133
55 0.757412 0.170313 0.059468 0.038685
55 0.468634 0.104298 0.058078 0.036481
55 0.156007 0.366112 0.058749 0.037898
54 0.183643 0.234271 0.145529 0.086847
55 0.179016 0.586348 0.059142 0.037374
54 0.903093 0.428510 0.146393 0.086900
54 0.125893 0.429338 0.198614 0.098568
53 0.498253 0.792635 0.132619 0.015844
54 0.817243 0.232977 0.141396 0.086924
54 0.473598 0.167132 0.143250 0.088985
54 0.212801 0.649183 0.202316 0.101408
54 0.814787 0.650260 0.147296 0.089684
52 0.689842 0.546694 0.026385 0.040277
54 0.787513 0.231415 0.201961 0.095185
