55 0.148074 0.506657 0.060919 0.039682
55 0.114770 0.199669 0.060369 0.037281
54 0.910221 0.570531 0.150072 0.088124
55 0.180385 0.201654 0.060729 0.040357
55 0.468207 0.103793 0.058660 0.037676
52 0.404188 0.641882 0.028998 0.035918
55 0.532315 0.105017 0.059637 0.039828
54 0.472847 0.168710 0.146753 0.089050
55 0.083073 0.506318 0.060640 0.038439
54 0.850807 0.263278 0.206710 0.101134
54 0.530084 0.752269 0.145968 0.088017
54 0.121949 0.263889 0.151164 0.089614
54 0.116337 0.571739 0.205567 0.099425
54 0.089543 0.571643 0.152069 0.090809
54 0.876002 0.263552 0.153797 0.093851
