55 0.819394 0.201227 0.059469 0.040818
55 0.916180 0.506770 0.060735 0.038295
55 0.851466 0.507232 0.059827 0.039195
55 0.147072 0.506958 0.060208 0.039478
55 0.114002 0.199848 0.060463 0.037278
55 0.467780 0.103851 0.058854 0.037667
55 0.883796 0.199675 0.060768 0.037555
55 0.531857 0.105070 0.059067 0.039888
55 0.082142 0.506818 0.060516 0.038260
55 0.179412 0.201607 0.060114 0.040166
54 0.472099 0.168791 0.146054 0.088097
54 0.912988 0.570485 0.146403 0.088066
54 0.879984 0.264218 0.144857 0.088899
54 0.528547 0.752829 0.145595 0.086212
52 0.544160 0.273740 0.028821 0.036052
54 0.120741 0.263947 0.152094 0.089451
54 0.115014 0.571212 0.204940 0.099896
53 0.468999 0.808423 0.075959 0.015868
54 0.090052 0.570998 0.153786 0.090689
