54 0.115879 0.432842 0.204549 0.099243
55 0.913007 0.370328 0.060388 0.037632
55 0.848246 0.370737 0.059989 0.038472
54 0.526266 0.750157 0.144180 0.086557
54 0.499073 0.168081 0.202396 0.100041
53 0.869037 0.491354 0.117538 0.015899
52 0.541979 0.272876 0.028975 0.035910
54 0.180190 0.235514 0.152394 0.091906
54 0.817835 0.658448 0.146204 0.091692
54 0.789496 0.231848 0.205078 0.102746
54 0.790371 0.657523 0.200284 0.097786
54 0.818428 0.234551 0.146722 0.090820
54 0.474706 0.167467 0.157002 0.090644
54 0.910661 0.434970 0.144116 0.088635
