52 0.281204 0.321310 0.028724 0.036410
55 0.846462 0.367175 0.058511 0.037385
55 0.243917 0.588290 0.059844 0.039831
54 0.531134 0.739582 0.141489 0.084946
55 0.910071 0.366705 0.058683 0.037443
55 0.821958 0.586665 0.059469 0.037249
55 0.243951 0.172099 0.060109 0.039392
55 0.757673 0.588108 0.059006 0.039596
55 0.758324 0.170579 0.059917 0.039115
55 0.821742 0.169418 0.058882 0.037956
55 0.092366 0.366616 0.059031 0.036148
55 0.155806 0.366829 0.059004 0.038254
55 0.469715 0.104318 0.057736 0.036216
55 0.179659 0.171238 0.059554 0.037496
55 0.533108 0.105446 0.058939 0.038420
55 0.178974 0.586642 0.059012 0.037484
54 0.098433 0.429126 0.147474 0.088562
54 0.473782 0.167383 0.144045 0.086443
54 0.183568 0.234532 0.145024 0.087321
54 0.906701 0.428809 0.141996 0.086494
54 0.186466 0.651432 0.148557 0.089009
54 0.817131 0.233311 0.142491 0.086627
54 0.818028 0.650927 0.141608 0.087989
53 0.857878 0.484832 0.095115 0.013765
