55 0.147136 0.506949 0.060216 0.039467
55 0.916183 0.506841 0.060778 0.038129
55 0.851342 0.507256 0.060144 0.039208
55 0.819212 0.200640 0.059699 0.039562
55 0.114008 0.199843 0.060447 0.037286
55 0.179409 0.201529 0.060053 0.040046
55 0.883894 0.199701 0.060649 0.037326
55 0.082146 0.506783 0.060503 0.038270
54 0.912795 0.570477 0.146346 0.087754
52 0.403289 0.642602 0.029390 0.035581
54 0.474193 0.168445 0.152487 0.087674
54 0.121039 0.263957 0.152957 0.089660
54 0.529002 0.752788 0.145377 0.088149
54 0.115288 0.571101 0.204857 0.099739
54 0.088680 0.570856 0.151110 0.090195
53 0.856041 0.320801 0.148983 0.015174
54 0.885505 0.264811 0.134975 0.087784
54 0.850361 0.264009 0.207534 0.100734
