54 0.798253 0.666249 0.206263 0.103065
55 0.240160 0.174572 0.060249 0.041673
55 0.175032 0.173470 0.061834 0.038373
55 0.536441 0.105235 0.061428 0.041374
54 0.208547 0.665185 0.206219 0.101031
52 0.309733 0.609534 0.029455 0.036321
55 0.470954 0.103904 0.059812 0.038141
54 0.178725 0.238576 0.150166 0.089515
54 0.916780 0.437821 0.148450 0.089662
54 0.798245 0.236684 0.208305 0.101821
54 0.532878 0.755581 0.147341 0.089844
54 0.476780 0.168995 0.150839 0.089365
54 0.091427 0.437499 0.155020 0.089780
54 0.829550 0.236194 0.145829 0.093661
53 0.502483 0.227545 0.140999 0.017577
