55 0.240335 0.173741 0.059864 0.039651
52 0.690382 0.601527 0.028838 0.036383
55 0.175088 0.173477 0.061678 0.038099
54 0.117035 0.437710 0.206494 0.102177
54 0.475810 0.169757 0.148539 0.088705
54 0.208285 0.664295 0.205501 0.102202
55 0.470987 0.104083 0.059652 0.038498
55 0.536425 0.105406 0.061385 0.041600
54 0.917136 0.437703 0.148051 0.089811
54 0.828414 0.665218 0.148399 0.090131
54 0.206730 0.237010 0.206850 0.100493
54 0.533410 0.756292 0.145108 0.090723
53 0.503131 0.812573 0.144918 0.015749
54 0.825997 0.235996 0.153127 0.091677
55 0.535456 0.679113 0.061995 0.060661
54 0.175809 0.238374 0.143445 0.089911
54 0.798073 0.236248 0.208380 0.100386
