52 0.790812 0.355190 0.029869 0.035859
55 0.818644 0.201111 0.060039 0.040368
55 0.915790 0.506172 0.060622 0.038199
55 0.850942 0.506775 0.060581 0.039426
55 0.113931 0.199826 0.060372 0.037387
55 0.531846 0.105259 0.059389 0.040332
55 0.467410 0.103846 0.059310 0.037651
55 0.883349 0.199524 0.061068 0.037427
55 0.179282 0.201460 0.060306 0.040049
54 0.473238 0.168312 0.149457 0.088072
54 0.528202 0.752648 0.145982 0.085991
54 0.912093 0.570406 0.147377 0.088952
54 0.878414 0.264100 0.147041 0.090105
54 0.120281 0.264359 0.152005 0.090970
52 0.440176 0.602077 0.026987 0.033097
54 0.111366 0.570363 0.196029 0.094849
