54 0.524734 0.741387 0.144456 0.084771
55 0.818876 0.588451 0.059452 0.037384
55 0.755040 0.170327 0.059866 0.039846
55 0.755223 0.589742 0.059358 0.038788
55 0.149699 0.367577 0.059942 0.038829
55 0.529142 0.103182 0.058053 0.040536
55 0.843729 0.367525 0.059581 0.037464
52 0.679558 0.590788 0.028423 0.034236
55 0.465273 0.102865 0.057883 0.038071
55 0.237978 0.171204 0.060308 0.039447
55 0.173436 0.589039 0.059542 0.036866
55 0.237393 0.589712 0.059794 0.039277
55 0.907080 0.366850 0.058612 0.036742
55 0.819067 0.169135 0.058555 0.037887
55 0.173856 0.170243 0.060236 0.038448
54 0.470520 0.167189 0.148020 0.088030
54 0.091354 0.430838 0.150231 0.089364
54 0.900481 0.430215 0.149911 0.088435
55 0.085501 0.367154 0.060336 0.036977
54 0.813825 0.231769 0.147524 0.088129
54 0.177328 0.234083 0.143815 0.089056
54 0.206531 0.652380 0.201548 0.101191
54 0.786511 0.652201 0.204202 0.098280
54 0.178150 0.652456 0.145415 0.089983
53 0.108007 0.485952 0.121312 0.015544
54 0.815987 0.652909 0.142002 0.090777
