54 0.880804 0.433687 0.204348 0.099264
54 0.116448 0.432957 0.204585 0.100111
54 0.791504 0.661015 0.203419 0.103013
55 0.237424 0.173222 0.060570 0.039296
55 0.237082 0.596280 0.060552 0.039725
55 0.171939 0.172985 0.060093 0.037658
54 0.176284 0.236751 0.147084 0.089184
55 0.171638 0.595568 0.060193 0.037918
54 0.527831 0.749566 0.146808 0.089610
54 0.177483 0.659550 0.148193 0.092001
54 0.818358 0.234485 0.151303 0.089714
54 0.474640 0.167726 0.154891 0.089090
52 0.274575 0.325308 0.030616 0.035802
53 0.192638 0.715126 0.116451 0.015138
