52 0.802860 0.506250 0.028495 0.033497
55 0.917210 0.367451 0.057591 0.037852
55 0.155603 0.368333 0.057807 0.039010
55 0.853160 0.369315 0.057168 0.040646
55 0.763283 0.592247 0.060860 0.040286
55 0.243944 0.172424 0.058880 0.039531
54 0.533301 0.744749 0.143443 0.088480
55 0.179998 0.171384 0.059892 0.037147
55 0.091160 0.367488 0.057613 0.037100
55 0.471975 0.103855 0.059780 0.036660
55 0.828162 0.591048 0.057027 0.037084
55 0.828267 0.169799 0.057642 0.037325
54 0.824847 0.654723 0.143721 0.090203
54 0.474423 0.167009 0.145373 0.085070
54 0.182201 0.234567 0.143148 0.088001
55 0.763896 0.170606 0.059532 0.038974
54 0.914607 0.430908 0.143025 0.088115
55 0.535318 0.104487 0.058404 0.037987
54 0.822797 0.233779 0.146086 0.088593
54 0.183271 0.654476 0.145989 0.090824
54 0.093488 0.430916 0.143883 0.086328
55 0.535197 0.667058 0.059076 0.059779
54 0.123092 0.429802 0.203355 0.090086
