55 0.823668 0.595218 0.060203 0.037631
55 0.913453 0.370382 0.060461 0.037288
55 0.530871 0.104947 0.058607 0.038449
55 0.848697 0.371656 0.060323 0.039972
55 0.466043 0.104224 0.058419 0.036573
54 0.526192 0.750964 0.144436 0.088655
55 0.824026 0.170680 0.060206 0.038503
55 0.147037 0.370958 0.059521 0.038676
55 0.759326 0.171536 0.060501 0.039860
55 0.236085 0.596610 0.059802 0.039613
55 0.758958 0.596036 0.061038 0.038600
55 0.236163 0.173252 0.060039 0.039011
52 0.210165 0.369455 0.029052 0.035606
55 0.081432 0.370824 0.060507 0.037485
54 0.823460 0.235260 0.137271 0.086857
54 0.177284 0.659249 0.150225 0.090542
55 0.171702 0.172858 0.059092 0.037783
55 0.171565 0.595241 0.059222 0.037190
54 0.818455 0.659440 0.147366 0.088853
54 0.175860 0.236285 0.145550 0.090284
54 0.468512 0.167723 0.145602 0.090599
54 0.908425 0.434750 0.147745 0.089365
54 0.114982 0.434289 0.204815 0.099111
53 0.793584 0.290727 0.135167 0.015898
