55 0.822949 0.594920 0.060131 0.037863
52 0.752734 0.332305 0.029890 0.035450
55 0.758752 0.171643 0.061013 0.039794
55 0.146788 0.370630 0.058929 0.037578
55 0.236262 0.172907 0.060028 0.039070
55 0.823161 0.170534 0.060011 0.038620
55 0.171520 0.172725 0.059485 0.037599
55 0.758412 0.595862 0.060625 0.037426
55 0.081336 0.370479 0.060305 0.037380
54 0.526038 0.750212 0.145801 0.089031
54 0.904862 0.434200 0.152756 0.088869
54 0.472668 0.167516 0.152193 0.089949
54 0.818908 0.234787 0.145727 0.088238
54 0.204524 0.235434 0.203948 0.099279
54 0.180677 0.659411 0.154980 0.092089
54 0.174991 0.236452 0.144182 0.090016
54 0.819561 0.658882 0.143586 0.091043
54 0.114935 0.431448 0.205083 0.100367
54 0.789658 0.657112 0.204979 0.101703
54 0.084722 0.434186 0.143811 0.088840
