55 0.823047 0.595058 0.059951 0.037713
54 0.526045 0.750262 0.144061 0.087172
55 0.236371 0.595421 0.060099 0.038639
55 0.530930 0.104633 0.059279 0.038596
55 0.758916 0.171466 0.060921 0.039353
55 0.823235 0.170601 0.060009 0.038774
55 0.466087 0.104116 0.058427 0.037052
55 0.146879 0.371176 0.059655 0.039422
55 0.081354 0.370729 0.060313 0.037908
55 0.171628 0.172749 0.059445 0.037669
55 0.171508 0.594856 0.059544 0.037423
55 0.758310 0.595674 0.060559 0.038347
54 0.176346 0.235979 0.147182 0.090755
55 0.235932 0.173399 0.059821 0.038260
54 0.878874 0.434055 0.205844 0.099356
54 0.204906 0.659165 0.204236 0.101116
54 0.467489 0.168277 0.142878 0.089796
54 0.819284 0.235071 0.145371 0.087463
54 0.087066 0.435005 0.148927 0.088723
54 0.817630 0.657840 0.148670 0.088275
54 0.499120 0.167044 0.202064 0.100859
54 0.177953 0.658754 0.150111 0.091524
