55 0.823627 0.595392 0.060254 0.037755
55 0.913611 0.370644 0.060048 0.037801
55 0.146846 0.370928 0.058900 0.037757
55 0.848733 0.371870 0.060529 0.040380
54 0.526409 0.750698 0.143864 0.084796
55 0.759335 0.171754 0.060835 0.039607
55 0.236390 0.173027 0.060159 0.039030
55 0.823815 0.170577 0.059992 0.038382
55 0.530669 0.104809 0.058760 0.038611
55 0.235954 0.596078 0.059679 0.038874
55 0.466256 0.104086 0.058135 0.036969
55 0.171534 0.172822 0.059557 0.037541
55 0.081633 0.370802 0.060275 0.037957
55 0.758822 0.596041 0.060500 0.038302
55 0.171660 0.595099 0.060791 0.037130
54 0.176486 0.659576 0.147971 0.088529
54 0.470450 0.168487 0.147448 0.089931
54 0.819522 0.234478 0.145694 0.087710
54 0.204812 0.235652 0.203727 0.099239
53 0.756695 0.292232 0.071269 0.012249
54 0.820279 0.659444 0.143241 0.090297
54 0.908482 0.434584 0.148982 0.088070
54 0.174869 0.236714 0.143667 0.089655
54 0.115472 0.432172 0.205115 0.101147
54 0.790237 0.657362 0.205818 0.101496
