55 0.824069 0.597731 0.059430 0.037177
55 0.759426 0.599205 0.060025 0.039196
55 0.824209 0.173823 0.059764 0.038042
55 0.530657 0.107695 0.060084 0.039543
55 0.465703 0.107293 0.059154 0.037950
55 0.236748 0.599209 0.059898 0.039188
55 0.759497 0.174770 0.061389 0.039048
55 0.081457 0.373648 0.060645 0.038353
52 0.402049 0.643258 0.029901 0.036309
54 0.178607 0.662728 0.152467 0.089157
55 0.146973 0.374603 0.060232 0.039260
54 0.818697 0.662635 0.146545 0.087943
54 0.525924 0.753088 0.144453 0.088138
54 0.204681 0.239488 0.203181 0.094317
54 0.498872 0.169888 0.203280 0.099207
54 0.087521 0.438011 0.149533 0.088103
55 0.149273 0.599069 0.017387 0.035606
54 0.820235 0.237824 0.144023 0.087071
55 0.153335 0.598945 0.025503 0.037783
54 0.467962 0.170522 0.143112 0.087282
53 0.499499 0.227464 0.141238 0.016506
54 0.790256 0.235582 0.205488 0.096625
55 0.174857 0.599938 0.060313 0.039664
