54 0.881070 0.430177 0.200975 0.099626
55 0.761500 0.589964 0.060051 0.039577
54 0.124466 0.429380 0.201242 0.098623
54 0.531548 0.741627 0.145762 0.085947
55 0.825187 0.588415 0.059974 0.036938
54 0.212738 0.233446 0.201538 0.100604
52 0.685687 0.590882 0.027882 0.035659
54 0.212789 0.653026 0.202697 0.098587
54 0.477591 0.165935 0.149797 0.090939
54 0.819258 0.232526 0.148409 0.088957
54 0.819772 0.652114 0.146334 0.087573
55 0.535116 0.664705 0.059169 0.058849
53 0.501618 0.796082 0.139181 0.014919
