55 0.819388 0.201178 0.059462 0.040798
55 0.147174 0.506974 0.060156 0.039390
55 0.082158 0.506764 0.060525 0.038272
55 0.467805 0.103876 0.058717 0.037672
55 0.883816 0.199696 0.060773 0.037513
52 0.741293 0.590122 0.028868 0.035731
55 0.531976 0.105070 0.058763 0.039916
54 0.879742 0.264817 0.145184 0.089534
54 0.471734 0.168845 0.145873 0.088812
54 0.910495 0.570092 0.148912 0.087182
54 0.528281 0.753025 0.146500 0.086848
53 0.499628 0.806655 0.139930 0.016113
54 0.146965 0.262330 0.203970 0.095603
54 0.115385 0.571120 0.204907 0.100035
54 0.087299 0.570703 0.148555 0.089972
