55 0.761496 0.589930 0.060037 0.039172
55 0.243738 0.589496 0.059502 0.038940
55 0.825079 0.588567 0.059470 0.036987
54 0.531615 0.741482 0.145635 0.085570
55 0.244145 0.171522 0.060829 0.039474
55 0.761731 0.169882 0.060150 0.039481
55 0.156001 0.366991 0.058929 0.037881
55 0.825417 0.169127 0.059058 0.037842
55 0.091955 0.366842 0.059087 0.036830
55 0.179564 0.589157 0.059589 0.037585
55 0.470911 0.102863 0.059431 0.038221
55 0.179725 0.170636 0.059294 0.037236
55 0.534438 0.104020 0.058980 0.040336
54 0.474436 0.167102 0.143522 0.089064
54 0.183313 0.233858 0.144704 0.087200
52 0.218988 0.366827 0.027988 0.034448
54 0.212639 0.652140 0.202073 0.100483
54 0.821093 0.232931 0.144207 0.088393
54 0.124292 0.429319 0.201811 0.099801
54 0.819557 0.652860 0.147697 0.088884
53 0.503051 0.795881 0.142044 0.015043
54 0.792933 0.230502 0.202165 0.093555
55 0.535196 0.664636 0.059125 0.058799
