54 0.881354 0.430172 0.201015 0.099568
55 0.243818 0.590074 0.059599 0.040246
55 0.761478 0.589833 0.059991 0.039311
54 0.532057 0.741093 0.144139 0.084871
54 0.212346 0.233660 0.201563 0.099892
55 0.825343 0.588433 0.059224 0.036081
55 0.156063 0.366947 0.059126 0.038052
55 0.179550 0.589117 0.059650 0.037611
55 0.092057 0.366783 0.058961 0.036760
52 0.685692 0.590909 0.028027 0.035611
54 0.477191 0.165800 0.147827 0.090323
55 0.470836 0.102784 0.059471 0.038219
55 0.534575 0.103717 0.059215 0.039494
54 0.819564 0.232580 0.147608 0.088103
54 0.125230 0.430068 0.199137 0.098907
54 0.820857 0.652659 0.145610 0.088825
54 0.186853 0.652746 0.151055 0.090931
