55 0.761465 0.589964 0.059984 0.039414
54 0.532130 0.740812 0.143849 0.084930
55 0.913886 0.367088 0.059041 0.037239
55 0.243722 0.589515 0.059512 0.038980
55 0.825287 0.588454 0.059968 0.036887
55 0.850077 0.367282 0.059977 0.037256
55 0.155960 0.366990 0.058939 0.037902
55 0.244150 0.171402 0.060753 0.039022
55 0.535158 0.103190 0.059966 0.039788
55 0.470873 0.102815 0.059484 0.038273
55 0.091954 0.366772 0.058924 0.036751
55 0.179578 0.589166 0.059601 0.037616
54 0.792313 0.232491 0.202834 0.099213
55 0.179718 0.170663 0.059052 0.037236
52 0.218963 0.366788 0.027917 0.034516
54 0.183441 0.233819 0.144390 0.086892
54 0.819594 0.652730 0.146722 0.087804
54 0.212710 0.651945 0.201956 0.100172
54 0.474159 0.166269 0.141710 0.088272
54 0.125380 0.429546 0.201140 0.099355
54 0.823355 0.232777 0.139687 0.090160
54 0.503804 0.165800 0.200821 0.100308
53 0.882473 0.486005 0.137185 0.014079
54 0.880161 0.429900 0.204711 0.099968
54 0.913131 0.429301 0.138405 0.088510
