54 0.526228 0.741103 0.143762 0.085229
55 0.756321 0.589633 0.059022 0.038923
55 0.819787 0.588429 0.059247 0.037209
55 0.238568 0.590006 0.059580 0.039510
55 0.756325 0.170089 0.059700 0.039778
55 0.908095 0.367024 0.059083 0.036169
55 0.844752 0.367655 0.059400 0.037793
52 0.403231 0.633334 0.029128 0.035069
54 0.090419 0.430214 0.145782 0.088454
55 0.174621 0.588871 0.060282 0.035856
55 0.819970 0.168676 0.058854 0.037019
55 0.086751 0.367214 0.060142 0.037027
54 0.182660 0.233840 0.150463 0.087857
55 0.150668 0.367694 0.058705 0.039587
54 0.470851 0.166570 0.147037 0.090574
54 0.901876 0.430038 0.148850 0.088418
54 0.179783 0.652554 0.147275 0.090423
54 0.814160 0.232195 0.147260 0.088227
55 0.529186 0.665382 0.059008 0.059070
54 0.785813 0.651215 0.204522 0.096490
54 0.815359 0.652442 0.144473 0.088463
