54 0.531039 0.742184 0.146823 0.086185
54 0.212354 0.233981 0.201387 0.100273
55 0.156043 0.366934 0.058893 0.037901
54 0.906810 0.430548 0.148954 0.086889
55 0.092103 0.366774 0.058966 0.036709
52 0.219026 0.366817 0.028029 0.034631
54 0.819282 0.232544 0.148087 0.089078
54 0.477626 0.165738 0.149876 0.090762
54 0.212691 0.652998 0.202936 0.098592
54 0.818200 0.652412 0.149973 0.088374
54 0.125461 0.429666 0.200291 0.098585
55 0.535269 0.664516 0.059899 0.060492
53 0.502043 0.795893 0.139932 0.015194
54 0.096965 0.429928 0.147640 0.088063
