52 0.217200 0.361849 0.028449 0.035516
55 0.819182 0.200545 0.059947 0.039422
55 0.147094 0.506932 0.060150 0.039449
55 0.113996 0.199852 0.060457 0.037300
55 0.467781 0.103880 0.058843 0.037642
55 0.883881 0.199641 0.060840 0.037445
55 0.532078 0.105689 0.059666 0.041189
55 0.082152 0.506810 0.060484 0.038275
55 0.179416 0.201613 0.060113 0.040180
54 0.909920 0.570427 0.149725 0.087832
54 0.472417 0.168251 0.147429 0.087922
54 0.528543 0.752674 0.146523 0.087943
54 0.120615 0.264039 0.152117 0.089830
53 0.499826 0.807133 0.139022 0.016160
54 0.115049 0.571221 0.204871 0.099884
54 0.878715 0.264339 0.146901 0.089516
54 0.091187 0.571042 0.156022 0.091061
