55 0.147176 0.506981 0.060223 0.039481
55 0.114009 0.199847 0.060450 0.037276
55 0.179437 0.201516 0.060069 0.040077
55 0.082164 0.506784 0.060523 0.038213
52 0.741217 0.590150 0.028813 0.035741
54 0.850266 0.263514 0.206799 0.101340
54 0.910065 0.570250 0.149583 0.087201
54 0.473002 0.168130 0.148774 0.088441
54 0.529151 0.752436 0.145860 0.088448
54 0.120777 0.263994 0.152653 0.089816
53 0.499786 0.806767 0.136939 0.016836
54 0.115639 0.570730 0.207419 0.099784
54 0.088093 0.571015 0.150085 0.090233
