55 0.827653 0.596386 0.059546 0.037909
55 0.827404 0.170976 0.059534 0.039817
55 0.916315 0.371673 0.060720 0.038715
52 0.307143 0.605173 0.028796 0.034141
55 0.236446 0.597619 0.060172 0.040090
55 0.236477 0.172829 0.060686 0.039952
55 0.762066 0.171381 0.062978 0.040012
55 0.851609 0.372294 0.059667 0.039968
55 0.147104 0.371499 0.060263 0.038603
55 0.762191 0.597751 0.061986 0.039505
55 0.171631 0.172758 0.059918 0.038480
55 0.467705 0.103774 0.059168 0.037497
55 0.082431 0.372009 0.060262 0.037964
55 0.171790 0.596420 0.059018 0.037695
54 0.177778 0.661302 0.149665 0.087988
55 0.531650 0.105324 0.059877 0.040379
54 0.821535 0.660713 0.147018 0.088116
54 0.115429 0.435782 0.203903 0.099648
54 0.471973 0.168354 0.147408 0.089251
54 0.821714 0.235944 0.146027 0.088576
54 0.204996 0.236259 0.204931 0.098386
54 0.528988 0.752460 0.145326 0.088987
54 0.175809 0.237289 0.145016 0.089956
54 0.792539 0.233790 0.206790 0.098159
54 0.910301 0.435875 0.150851 0.091464
52 0.792888 0.400929 0.028757 0.038723
