55 0.148134 0.506646 0.060905 0.039705
55 0.916634 0.506346 0.060794 0.038406
55 0.819642 0.200401 0.059693 0.039473
55 0.852132 0.507000 0.059286 0.039280
55 0.884208 0.199479 0.060678 0.037575
55 0.114821 0.199595 0.060397 0.037203
55 0.468074 0.103751 0.058991 0.037579
55 0.083094 0.506281 0.060720 0.038343
55 0.180565 0.201238 0.060850 0.039627
54 0.913613 0.570328 0.146064 0.088061
55 0.532812 0.104967 0.059717 0.039921
52 0.404193 0.641744 0.028982 0.035848
54 0.472844 0.168097 0.148313 0.089636
54 0.530037 0.751861 0.145818 0.088640
54 0.120768 0.263976 0.149573 0.089535
54 0.879724 0.264240 0.145960 0.089623
54 0.116411 0.571039 0.205426 0.099839
54 0.850937 0.262231 0.206142 0.099354
54 0.089263 0.570768 0.150792 0.089925
