55 0.824088 0.597767 0.059502 0.037261
55 0.759404 0.599259 0.060011 0.039353
55 0.824249 0.173942 0.059773 0.037968
52 0.402051 0.643258 0.029924 0.036216
55 0.081442 0.373626 0.060633 0.038326
55 0.236187 0.599390 0.059871 0.039585
55 0.171603 0.598082 0.059796 0.037223
55 0.848531 0.374564 0.059607 0.039595
54 0.178542 0.662669 0.152353 0.089036
55 0.759544 0.174742 0.061296 0.038865
55 0.913545 0.373692 0.060153 0.038571
54 0.818652 0.663047 0.146752 0.088441
55 0.146988 0.374628 0.060278 0.039353
54 0.204801 0.239451 0.203437 0.094391
54 0.527621 0.752338 0.143294 0.087385
54 0.087207 0.437933 0.149084 0.088225
54 0.908598 0.437969 0.149063 0.088501
54 0.820796 0.237753 0.143089 0.087738
52 0.790282 0.402781 0.028183 0.037882
53 0.791208 0.295035 0.140742 0.017350
