55 0.827131 0.596022 0.058948 0.038020
55 0.916068 0.371634 0.060366 0.038941
55 0.826884 0.170948 0.059314 0.039669
55 0.761548 0.171621 0.062689 0.040195
52 0.684486 0.596908 0.029527 0.034372
55 0.851290 0.371915 0.059811 0.039509
55 0.531527 0.105449 0.059340 0.040907
55 0.147127 0.372449 0.060980 0.040519
55 0.467378 0.103998 0.059249 0.038083
55 0.236092 0.173439 0.060270 0.041220
54 0.822170 0.660608 0.145498 0.088362
55 0.171660 0.596108 0.060673 0.037839
55 0.761595 0.596957 0.061202 0.039339
55 0.171622 0.172518 0.060078 0.038642
54 0.472664 0.168331 0.149010 0.089050
54 0.821295 0.235630 0.146274 0.088223
55 0.082412 0.371639 0.059946 0.037613
55 0.235994 0.597207 0.059665 0.039607
54 0.177803 0.661116 0.149914 0.088607
54 0.176537 0.236559 0.146875 0.090136
53 0.103609 0.491962 0.123626 0.015809
54 0.528016 0.752523 0.146051 0.087305
54 0.086941 0.435378 0.149010 0.090356
54 0.882352 0.434417 0.207234 0.100684
