54 0.880965 0.430362 0.201163 0.099716
54 0.531903 0.741181 0.143727 0.084606
55 0.243658 0.589495 0.059198 0.038874
55 0.155888 0.367237 0.058707 0.038817
55 0.825304 0.168945 0.059127 0.037461
52 0.313373 0.596961 0.028045 0.034374
55 0.091484 0.367126 0.059222 0.036852
55 0.243938 0.171070 0.060077 0.038319
55 0.761691 0.169776 0.060125 0.039325
55 0.179534 0.589160 0.059613 0.037613
55 0.179779 0.170740 0.059361 0.037473
54 0.097434 0.429532 0.150338 0.089902
54 0.819634 0.652613 0.146563 0.088191
54 0.482851 0.167396 0.159318 0.093031
54 0.212144 0.652186 0.202545 0.100555
54 0.826592 0.233327 0.133640 0.086182
53 0.791490 0.289876 0.144972 0.017377
54 0.211869 0.231397 0.203047 0.100680
54 0.183470 0.234201 0.143405 0.089436
