55 0.825025 0.595397 0.060250 0.037683
55 0.914499 0.370728 0.059706 0.037896
55 0.237420 0.595641 0.060195 0.038549
55 0.825172 0.170687 0.059937 0.038321
55 0.760529 0.171566 0.061661 0.039355
55 0.237522 0.172808 0.060466 0.039317
55 0.850160 0.371223 0.060524 0.039007
52 0.274916 0.324475 0.031095 0.036064
55 0.147904 0.370724 0.060176 0.037798
54 0.527476 0.750761 0.145390 0.085353
55 0.760324 0.595994 0.060098 0.038068
55 0.172980 0.172700 0.060340 0.037936
55 0.531999 0.104790 0.059313 0.038674
55 0.467014 0.104042 0.058195 0.037208
55 0.172677 0.595109 0.060044 0.037317
55 0.082552 0.370923 0.060091 0.038136
54 0.818123 0.660343 0.149843 0.090299
54 0.472235 0.168068 0.147150 0.087834
53 0.856914 0.492052 0.095887 0.015907
54 0.819358 0.235109 0.147897 0.087922
54 0.116173 0.433741 0.203867 0.098507
54 0.205954 0.659624 0.204471 0.101163
54 0.205298 0.235780 0.204914 0.099269
54 0.175390 0.236381 0.143696 0.089743
54 0.912665 0.434924 0.143201 0.087350
53 0.883170 0.491993 0.145718 0.016748
54 0.178135 0.659079 0.148694 0.091398
