55 0.827765 0.596379 0.059298 0.037954
55 0.762151 0.597725 0.062039 0.039498
55 0.916299 0.371674 0.060776 0.038760
52 0.306951 0.605579 0.029360 0.035062
55 0.236491 0.172843 0.060691 0.039919
55 0.851593 0.372234 0.059713 0.039832
55 0.147101 0.371499 0.060275 0.038631
55 0.171625 0.172740 0.059911 0.038475
55 0.236190 0.598056 0.059917 0.040929
55 0.082436 0.372018 0.060266 0.037958
55 0.171783 0.596534 0.060672 0.037995
54 0.528593 0.752861 0.145906 0.087249
54 0.179279 0.661934 0.152590 0.089005
54 0.115541 0.435755 0.204024 0.099606
54 0.821426 0.660680 0.147344 0.088519
54 0.205090 0.236330 0.204875 0.098558
54 0.819830 0.235408 0.150446 0.090302
53 0.500002 0.806802 0.137935 0.016537
54 0.473735 0.167926 0.150663 0.088096
52 0.792790 0.400669 0.028798 0.038015
54 0.175672 0.237348 0.144898 0.089954
54 0.910353 0.435947 0.150846 0.091548
54 0.500063 0.168793 0.204487 0.093946
