52 0.797279 0.507793 0.029225 0.035468
55 0.822970 0.595028 0.059879 0.037912
55 0.913007 0.370379 0.060367 0.037796
54 0.526134 0.750213 0.143845 0.086608
55 0.236463 0.595467 0.060042 0.038611
55 0.530945 0.104659 0.059273 0.038686
55 0.758834 0.171420 0.060945 0.039433
55 0.466063 0.104137 0.058455 0.037139
55 0.823176 0.170600 0.060015 0.038717
55 0.848247 0.370845 0.059978 0.038699
55 0.171563 0.594873 0.059430 0.037210
55 0.146872 0.371193 0.059665 0.039212
55 0.758370 0.595789 0.060542 0.037660
55 0.171619 0.172735 0.059447 0.037664
55 0.081357 0.370765 0.060293 0.037963
55 0.235913 0.173397 0.059782 0.038300
54 0.176177 0.235940 0.147642 0.088797
54 0.817427 0.659074 0.147603 0.089124
54 0.499556 0.167078 0.200964 0.099445
54 0.819713 0.234891 0.143796 0.087458
54 0.086586 0.434947 0.147951 0.088556
54 0.204303 0.660279 0.206827 0.101713
54 0.468667 0.167972 0.145018 0.090110
54 0.790451 0.232689 0.203481 0.095946
54 0.173430 0.659329 0.141588 0.089969
54 0.909024 0.434218 0.146610 0.087970
