52 0.748441 0.329538 0.029055 0.036400
55 0.755169 0.589651 0.059422 0.038766
55 0.818913 0.588403 0.059394 0.037251
55 0.237512 0.589675 0.060053 0.039119
55 0.755062 0.170297 0.059802 0.039765
54 0.524974 0.741079 0.145077 0.085328
55 0.149628 0.367454 0.059968 0.038799
55 0.529173 0.103163 0.058026 0.040542
55 0.465287 0.102863 0.057818 0.038116
55 0.237980 0.171212 0.060309 0.039465
55 0.843751 0.367492 0.059587 0.037470
55 0.907103 0.366830 0.058569 0.036684
55 0.173860 0.170271 0.060262 0.038463
55 0.819118 0.169135 0.058477 0.037871
55 0.173423 0.589017 0.059564 0.036868
54 0.470520 0.167291 0.147843 0.088734
55 0.085755 0.367045 0.060534 0.036786
54 0.900623 0.430106 0.149479 0.088260
54 0.091777 0.430421 0.150748 0.089122
54 0.813640 0.232716 0.146408 0.088285
54 0.177372 0.234113 0.143829 0.089202
54 0.206387 0.652413 0.201576 0.100874
54 0.786793 0.652024 0.203824 0.097720
52 0.686332 0.550280 0.026441 0.035392
54 0.178503 0.652636 0.146123 0.090322
53 0.493681 0.795380 0.129652 0.013880
