55 0.823044 0.594927 0.059897 0.037739
55 0.758788 0.171573 0.060913 0.039789
54 0.525455 0.750441 0.146060 0.084655
55 0.236263 0.172946 0.060023 0.039142
55 0.235831 0.595818 0.059873 0.037368
55 0.823153 0.170547 0.059959 0.038592
55 0.530521 0.104694 0.059001 0.038522
55 0.466020 0.104028 0.058325 0.036877
55 0.171587 0.172720 0.059371 0.037644
55 0.758395 0.595849 0.060819 0.037466
55 0.171467 0.594709 0.059710 0.037383
54 0.470575 0.168135 0.148362 0.089181
54 0.176406 0.659396 0.148331 0.089191
54 0.904797 0.434219 0.153013 0.088785
54 0.819155 0.234779 0.145752 0.088081
54 0.204483 0.235429 0.203678 0.099379
54 0.174272 0.236364 0.143072 0.089718
54 0.114963 0.432402 0.202470 0.096426
53 0.494127 0.803650 0.128233 0.014308
54 0.819434 0.658784 0.143607 0.090914
54 0.788390 0.658222 0.206279 0.096806
