55 0.922670 0.373365 0.059766 0.038826
55 0.858394 0.374238 0.060661 0.040813
52 0.406699 0.646398 0.029124 0.035828
54 0.798560 0.665502 0.206804 0.103715
53 0.889306 0.495685 0.145329 0.014028
54 0.923413 0.439672 0.139157 0.088143
54 0.207516 0.665134 0.204563 0.103378
54 0.532392 0.756576 0.146558 0.088908
54 0.478062 0.169098 0.153469 0.088998
54 0.092467 0.438102 0.156038 0.090116
54 0.798931 0.235411 0.207136 0.102402
54 0.828063 0.236314 0.149072 0.092634
54 0.180780 0.238149 0.151738 0.091597
