55 0.823014 0.594997 0.059967 0.037743
55 0.913054 0.370034 0.060286 0.037089
55 0.758757 0.171600 0.060958 0.039711
54 0.525857 0.750181 0.144539 0.086858
55 0.848302 0.371423 0.060083 0.039870
55 0.146774 0.370655 0.058883 0.037632
52 0.273568 0.324336 0.030017 0.036164
55 0.236233 0.172915 0.060083 0.039165
55 0.235821 0.595869 0.059775 0.037537
55 0.823140 0.170516 0.060036 0.038502
55 0.530541 0.104688 0.059007 0.038505
55 0.465983 0.104037 0.058387 0.036921
55 0.171539 0.172716 0.059484 0.037626
55 0.081357 0.370509 0.060251 0.037467
55 0.758439 0.595869 0.060591 0.037428
55 0.171646 0.594549 0.060956 0.037101
54 0.470630 0.168442 0.148601 0.090188
54 0.176687 0.658730 0.148848 0.089330
53 0.869356 0.491301 0.120020 0.015997
54 0.818720 0.234936 0.146108 0.088154
54 0.204682 0.235676 0.204354 0.099613
54 0.908858 0.434508 0.147736 0.089703
54 0.174652 0.236380 0.143448 0.089828
54 0.819294 0.658954 0.143751 0.090646
54 0.115305 0.431739 0.205369 0.101440
54 0.792590 0.658291 0.197517 0.095073
