55 0.761449 0.589940 0.059970 0.039478
54 0.531516 0.741161 0.144769 0.084986
55 0.243818 0.589255 0.059408 0.038335
55 0.913823 0.367085 0.059160 0.037232
55 0.825440 0.169066 0.059030 0.037604
55 0.825202 0.588548 0.059937 0.037237
55 0.761703 0.169831 0.060132 0.039554
52 0.799460 0.503077 0.028703 0.035020
55 0.850094 0.367286 0.060011 0.037340
55 0.470881 0.102837 0.059394 0.038321
55 0.535109 0.103199 0.059996 0.039843
55 0.243938 0.171138 0.060134 0.038456
55 0.179512 0.589013 0.059434 0.037058
55 0.179706 0.170648 0.059207 0.037209
54 0.503912 0.166353 0.201115 0.098787
54 0.819136 0.652779 0.148137 0.087781
54 0.212704 0.652633 0.202827 0.100541
54 0.821016 0.232885 0.144283 0.088361
54 0.476194 0.166218 0.145734 0.089075
54 0.792823 0.231164 0.202913 0.096599
54 0.182548 0.233574 0.141514 0.088251
52 0.443668 0.591834 0.025648 0.036496
54 0.880649 0.428557 0.203578 0.094207
54 0.912277 0.428963 0.140403 0.089814
