54 0.204867 0.236725 0.202856 0.100930
55 0.146764 0.370592 0.058670 0.037151
54 0.526477 0.750023 0.143336 0.087794
54 0.788976 0.658230 0.202883 0.102841
54 0.904651 0.434261 0.152924 0.088832
55 0.081592 0.370377 0.059951 0.037547
54 0.472772 0.167186 0.152418 0.089589
52 0.306064 0.599888 0.027728 0.029819
54 0.817481 0.234483 0.149254 0.089786
54 0.179878 0.659511 0.153176 0.090779
53 0.090646 0.491214 0.091913 0.015638
54 0.114886 0.433613 0.203536 0.101333
54 0.092788 0.434562 0.160967 0.089954
