55 0.824073 0.173828 0.059783 0.038014
55 0.530523 0.107856 0.059881 0.040053
55 0.465533 0.107492 0.059543 0.038328
52 0.541813 0.276123 0.029373 0.036612
55 0.759398 0.174696 0.060874 0.039074
55 0.171994 0.175338 0.058637 0.037730
55 0.236565 0.599181 0.060029 0.039819
54 0.178349 0.662858 0.152022 0.089192
55 0.171618 0.598064 0.059837 0.037203
55 0.913563 0.373666 0.060073 0.038553
55 0.081445 0.373609 0.060601 0.038301
55 0.236441 0.176887 0.059954 0.041154
54 0.176535 0.240072 0.148791 0.088251
54 0.526647 0.753164 0.144411 0.087319
55 0.848633 0.374523 0.059687 0.039571
55 0.146977 0.374570 0.060233 0.039489
54 0.815861 0.662446 0.150440 0.089485
54 0.087435 0.437898 0.149261 0.088080
54 0.469791 0.170929 0.146463 0.088393
52 0.790358 0.402820 0.028304 0.037996
54 0.909101 0.437745 0.147801 0.088524
54 0.820323 0.238443 0.142741 0.085898
53 0.497924 0.808130 0.132314 0.016647
54 0.790266 0.236433 0.205490 0.093998
