52 0.806713 0.512405 0.028482 0.034419
55 0.833173 0.600933 0.059203 0.038171
55 0.536461 0.104765 0.061590 0.040599
55 0.470937 0.103863 0.060139 0.038210
55 0.832848 0.172192 0.060272 0.038819
55 0.767669 0.172562 0.061394 0.039612
55 0.858513 0.374092 0.060441 0.040317
55 0.767675 0.601701 0.060091 0.040439
54 0.475474 0.168604 0.147880 0.090161
55 0.922862 0.373497 0.059727 0.039104
54 0.827587 0.665330 0.150941 0.089698
54 0.827834 0.236974 0.148898 0.089358
54 0.092301 0.438251 0.155645 0.089933
54 0.532944 0.756172 0.146966 0.089431
54 0.207308 0.665334 0.204673 0.103560
54 0.183040 0.237877 0.153931 0.092175
53 0.800513 0.293866 0.139883 0.016663
54 0.504023 0.167860 0.204563 0.102080
52 0.443754 0.601852 0.026404 0.044559
55 0.535573 0.678958 0.060826 0.060717
54 0.921345 0.439861 0.140342 0.089565
