55 0.850695 0.506926 0.061137 0.039191
55 0.915799 0.506374 0.060754 0.038415
54 0.500561 0.168592 0.203151 0.099852
55 0.146966 0.506924 0.060626 0.040274
54 0.087969 0.571287 0.150640 0.090398
55 0.082110 0.506356 0.060430 0.038373
52 0.741256 0.589356 0.028603 0.035607
54 0.528246 0.750577 0.147116 0.090164
54 0.910283 0.570149 0.150634 0.088439
54 0.876773 0.264240 0.150433 0.091119
54 0.850411 0.262765 0.204477 0.101214
54 0.146931 0.261824 0.204819 0.098705
54 0.121999 0.263746 0.153819 0.089385
