55 0.531056 0.104789 0.058914 0.038137
54 0.525712 0.751248 0.146406 0.086003
55 0.465976 0.104232 0.058503 0.036538
52 0.210232 0.369131 0.029017 0.035247
54 0.906635 0.434215 0.150320 0.089903
54 0.205291 0.235438 0.204421 0.104545
54 0.115888 0.433013 0.205068 0.097609
54 0.818271 0.659201 0.147419 0.089508
54 0.820046 0.235066 0.145285 0.088400
54 0.469831 0.168053 0.147305 0.090710
54 0.202681 0.659107 0.205864 0.099773
53 0.502930 0.803766 0.134326 0.013302
54 0.499397 0.166994 0.205125 0.096672
54 0.176091 0.659775 0.150930 0.091129
