55 0.240160 0.174563 0.060212 0.041635
55 0.536412 0.105242 0.061386 0.041518
55 0.083381 0.373574 0.061342 0.039070
55 0.175050 0.173489 0.061648 0.038123
55 0.767785 0.172443 0.061525 0.039502
55 0.832595 0.172083 0.059606 0.038603
55 0.471027 0.103910 0.060428 0.038473
54 0.476153 0.169701 0.149138 0.088769
55 0.149155 0.374744 0.060513 0.041615
54 0.178577 0.238140 0.150049 0.088733
55 0.858404 0.374323 0.060695 0.041022
55 0.922653 0.373394 0.059809 0.038999
54 0.827476 0.665681 0.149536 0.089787
52 0.548543 0.275537 0.030690 0.036743
54 0.532815 0.755593 0.145903 0.089302
54 0.827838 0.237177 0.148780 0.089473
54 0.919647 0.438420 0.145202 0.089405
54 0.088058 0.438434 0.149547 0.090197
52 0.443728 0.607611 0.025409 0.032490
54 0.206719 0.666114 0.205587 0.100199
55 0.535610 0.678916 0.060922 0.060724
54 0.799672 0.664859 0.204209 0.097396
53 0.113135 0.494883 0.145031 0.015273
