54 0.881131 0.430144 0.201031 0.099774
55 0.761463 0.589903 0.060000 0.039436
54 0.124488 0.429466 0.201218 0.098961
55 0.825288 0.588442 0.059235 0.036049
52 0.685686 0.590924 0.028097 0.035444
55 0.244069 0.170510 0.060455 0.039249
55 0.179830 0.170708 0.059602 0.037413
54 0.211673 0.233296 0.202761 0.098164
54 0.212724 0.653456 0.203218 0.099104
54 0.477660 0.165829 0.149766 0.091048
54 0.530730 0.741192 0.145620 0.084249
54 0.819072 0.232756 0.148716 0.089165
54 0.820964 0.652721 0.145222 0.089001
28 0.502606 0.409730 0.059591 0.118346
29 0.501625 0.409755 0.061530 0.118699
