55 0.468741 0.104403 0.057446 0.035884
55 0.756937 0.588105 0.059115 0.039727
54 0.530308 0.739567 0.140114 0.085157
55 0.532794 0.105127 0.057962 0.037628
55 0.845607 0.366836 0.058932 0.037393
55 0.757178 0.170698 0.059513 0.039422
55 0.242696 0.587629 0.059519 0.038900
55 0.092689 0.366091 0.058295 0.036235
55 0.821581 0.586206 0.059945 0.037279
55 0.242600 0.171671 0.058678 0.038411
55 0.155995 0.366203 0.058309 0.037790
55 0.909080 0.366535 0.059005 0.037258
55 0.821606 0.169142 0.059244 0.037777
55 0.179547 0.171151 0.058729 0.037444
54 0.821756 0.233352 0.133519 0.084568
52 0.218450 0.366383 0.027006 0.033790
55 0.178972 0.586397 0.058980 0.037291
54 0.472705 0.167584 0.143167 0.087929
54 0.817451 0.650661 0.142100 0.087455
54 0.903221 0.427871 0.145940 0.087336
54 0.101047 0.428829 0.152723 0.089353
54 0.183629 0.234350 0.142988 0.088487
53 0.790312 0.289559 0.137638 0.017197
54 0.214009 0.649965 0.203591 0.096422
54 0.185298 0.650835 0.145598 0.090439
