54 0.525797 0.740841 0.144446 0.085338
55 0.238626 0.590007 0.059895 0.039451
55 0.756326 0.589632 0.059025 0.038903
55 0.819799 0.588418 0.059253 0.037168
55 0.756360 0.170080 0.059768 0.039832
55 0.908085 0.367001 0.059188 0.036151
55 0.530316 0.103412 0.058274 0.040446
55 0.466293 0.102873 0.058331 0.038051
55 0.238873 0.171273 0.060375 0.039461
55 0.845134 0.367505 0.059462 0.037378
54 0.090445 0.430213 0.145974 0.088816
55 0.174614 0.588855 0.060280 0.035770
55 0.175161 0.170709 0.060799 0.037995
52 0.308511 0.596719 0.029640 0.033691
55 0.819948 0.169152 0.058104 0.037869
54 0.469173 0.166542 0.142211 0.087238
55 0.086846 0.367224 0.060367 0.037090
55 0.150677 0.367692 0.058852 0.039637
54 0.179746 0.233133 0.146061 0.085975
54 0.902106 0.429566 0.148336 0.087600
54 0.814310 0.232572 0.146544 0.088184
54 0.180029 0.652661 0.147667 0.090632
55 0.529359 0.664414 0.058775 0.060747
54 0.785704 0.651295 0.204758 0.096105
54 0.815244 0.652419 0.144715 0.088549
