55 0.818609 0.200841 0.060378 0.040083
55 0.531812 0.104488 0.058909 0.039053
55 0.467496 0.103851 0.058938 0.037740
52 0.571828 0.968624 0.021510 0.029368
52 0.217059 0.361428 0.028474 0.034744
55 0.113974 0.199798 0.060473 0.037521
55 0.883397 0.199577 0.061097 0.037625
55 0.179259 0.201076 0.060192 0.039320
55 0.025529 0.863109 0.044049 0.028568
55 0.074557 0.863848 0.044860 0.030032
55 0.082258 0.506382 0.060850 0.038862
54 0.877683 0.264524 0.148183 0.089948
54 0.566997 0.758398 0.155775 0.074822
55 0.146749 0.507146 0.060608 0.039886
55 0.184094 0.544444 0.066035 0.038508
54 0.657121 0.912361 0.116425 0.069355
54 0.098674 0.760543 0.113709 0.067343
54 0.468969 0.168696 0.141977 0.090164
54 0.320035 0.707036 0.109219 0.066620
54 0.120540 0.263706 0.152911 0.090067
54 0.882232 0.569794 0.204268 0.096124
54 0.039411 0.912781 0.078516 0.065831
54 0.588090 0.759961 0.111254 0.066821
54 0.501617 0.168250 0.201383 0.099082
28 0.342755 0.896004 0.047019 0.093585
55 0.155344 0.525631 0.046272 0.018457
