55 0.240254 0.601602 0.061084 0.040910
54 0.798503 0.666208 0.207511 0.102819
55 0.240093 0.174587 0.060288 0.041599
55 0.083398 0.373537 0.061417 0.039071
52 0.213304 0.373862 0.029298 0.040502
55 0.149184 0.374562 0.060680 0.041759
55 0.175061 0.173506 0.061667 0.038117
55 0.471086 0.104028 0.060642 0.038608
55 0.536391 0.104989 0.061473 0.040688
54 0.474975 0.169414 0.147046 0.088217
55 0.174390 0.600984 0.061495 0.038176
54 0.179061 0.666091 0.149740 0.091347
54 0.178480 0.237904 0.149714 0.087905
54 0.917170 0.437807 0.148007 0.090175
54 0.088562 0.439003 0.149461 0.089150
54 0.534126 0.757543 0.143705 0.088662
53 0.503697 0.812789 0.142485 0.015861
55 0.535702 0.678861 0.061451 0.060580
