55 0.761974 0.592371 0.060103 0.039968
55 0.155060 0.368336 0.057063 0.038399
55 0.916593 0.367576 0.057462 0.037127
55 0.852690 0.369440 0.057396 0.040254
55 0.827497 0.591129 0.057656 0.036895
55 0.091218 0.367564 0.058271 0.036722
52 0.408511 0.633895 0.028933 0.032176
55 0.243311 0.591807 0.058123 0.038263
54 0.532051 0.743855 0.143906 0.088318
55 0.179430 0.591616 0.058825 0.036245
54 0.824117 0.654020 0.143614 0.089363
54 0.822364 0.232217 0.144959 0.087323
54 0.912782 0.430736 0.144952 0.088894
54 0.184723 0.234169 0.149110 0.087805
54 0.475024 0.166143 0.147718 0.087419
54 0.120341 0.431212 0.197610 0.092186
54 0.211684 0.653958 0.203225 0.101914
55 0.875736 0.821511 0.073676 0.038500
55 0.535568 0.667239 0.059871 0.059648
55 0.958773 0.820420 0.074690 0.038848
54 0.182401 0.654428 0.142560 0.090875
53 0.504497 0.800153 0.142723 0.016419
54 0.093793 0.430467 0.144067 0.086789
55 0.471460 0.667994 0.061499 0.060548
