54 0.124795 0.428615 0.200171 0.098395
55 0.845593 0.366956 0.059082 0.037466
52 0.544758 0.270692 0.028746 0.036150
55 0.821663 0.169248 0.059161 0.037887
55 0.908833 0.366196 0.059255 0.035714
55 0.757672 0.170216 0.058926 0.039498
54 0.213119 0.648747 0.203178 0.103050
54 0.903721 0.428422 0.146182 0.086531
54 0.529760 0.739061 0.142490 0.086123
54 0.502427 0.166411 0.201691 0.102769
54 0.788821 0.649571 0.198934 0.094947
54 0.187163 0.233971 0.148990 0.087461
54 0.816551 0.233274 0.142724 0.087656
53 0.877418 0.483899 0.138816 0.015633
54 0.787774 0.231081 0.201366 0.094896
54 0.213122 0.233174 0.201984 0.092455
54 0.475782 0.166788 0.149804 0.090598
