55 0.915989 0.371597 0.060661 0.038820
55 0.851237 0.371816 0.059998 0.039082
55 0.236091 0.173486 0.060354 0.041131
55 0.147166 0.372685 0.060327 0.040311
55 0.171580 0.172587 0.060084 0.039026
55 0.082433 0.371657 0.060156 0.037833
54 0.176472 0.236472 0.146909 0.090006
54 0.528172 0.750535 0.147158 0.090119
53 0.882886 0.492615 0.143993 0.015741
54 0.792476 0.661538 0.205559 0.100705
54 0.819989 0.234689 0.149597 0.088789
54 0.475022 0.168558 0.154655 0.089248
52 0.543894 0.273752 0.029142 0.036844
54 0.087323 0.435456 0.148779 0.089873
54 0.180835 0.661588 0.154657 0.092865
