55 0.827580 0.596389 0.059459 0.037904
52 0.800368 0.508960 0.029683 0.034503
54 0.116157 0.434494 0.204942 0.100589
55 0.236510 0.597640 0.060370 0.039911
54 0.206011 0.237432 0.203045 0.100308
55 0.762236 0.597616 0.062023 0.039299
55 0.171793 0.596393 0.059178 0.037726
54 0.792951 0.235688 0.204524 0.100116
54 0.527881 0.753003 0.146367 0.087113
54 0.177981 0.661409 0.150154 0.087963
54 0.821483 0.659945 0.148500 0.089015
54 0.475360 0.169102 0.154348 0.088687
54 0.881885 0.434851 0.206392 0.098279
54 0.823809 0.235191 0.143144 0.091733
