52 0.306049 0.602590 0.028719 0.033404
55 0.823658 0.595239 0.060098 0.037530
54 0.879373 0.432577 0.207211 0.096188
55 0.236343 0.595728 0.060021 0.038550
55 0.759621 0.171654 0.060611 0.039756
54 0.525651 0.751066 0.145509 0.087313
55 0.146938 0.370949 0.059128 0.037684
55 0.823933 0.170678 0.059964 0.038742
55 0.758918 0.596070 0.060974 0.038585
55 0.171488 0.595239 0.059245 0.037362
55 0.081455 0.370815 0.060370 0.037428
55 0.236308 0.173546 0.059853 0.038107
54 0.819195 0.658693 0.146190 0.088096
54 0.176608 0.236285 0.148451 0.088991
55 0.171741 0.172792 0.059512 0.037576
54 0.499457 0.166870 0.204783 0.098115
54 0.821521 0.234441 0.143726 0.089124
54 0.205209 0.658674 0.204884 0.098034
54 0.172965 0.659405 0.139712 0.090370
53 0.788411 0.715178 0.132543 0.014425
