55 0.833301 0.601065 0.058966 0.038539
55 0.240327 0.600996 0.060858 0.039208
55 0.536440 0.105301 0.061522 0.041555
55 0.767536 0.601686 0.060635 0.040498
52 0.213350 0.373975 0.029371 0.040639
55 0.083392 0.373538 0.061459 0.039029
55 0.149165 0.374592 0.060700 0.041761
55 0.240069 0.175023 0.060010 0.042234
55 0.175027 0.173541 0.061773 0.038176
55 0.471034 0.103907 0.060622 0.038409
54 0.828496 0.665551 0.148310 0.088127
54 0.474824 0.169562 0.146820 0.088289
54 0.917354 0.437653 0.148829 0.090009
55 0.174458 0.600970 0.061593 0.038095
54 0.178297 0.238228 0.148991 0.088954
54 0.798428 0.236402 0.208373 0.101732
54 0.088572 0.439062 0.149435 0.089151
54 0.532456 0.756151 0.146765 0.088879
54 0.206183 0.664920 0.205981 0.097702
54 0.829581 0.236092 0.145822 0.093390
55 0.535438 0.678459 0.060396 0.060781
