55 0.824193 0.597731 0.059264 0.037148
55 0.759455 0.599217 0.059953 0.039097
55 0.824251 0.173822 0.059725 0.037949
55 0.530686 0.107789 0.060016 0.039888
55 0.465605 0.107441 0.059202 0.038264
55 0.236404 0.176962 0.059902 0.041284
55 0.759531 0.174764 0.061356 0.039031
55 0.172007 0.175334 0.058647 0.037732
55 0.236558 0.599176 0.060057 0.039833
54 0.178288 0.662923 0.151822 0.089316
55 0.171618 0.598065 0.059859 0.037220
54 0.176535 0.240273 0.148688 0.088619
55 0.081459 0.373618 0.060591 0.038322
55 0.913630 0.373700 0.059913 0.038368
52 0.541772 0.276092 0.029377 0.036736
55 0.848553 0.374554 0.059859 0.039288
55 0.146974 0.374581 0.060244 0.039528
54 0.818572 0.662377 0.147501 0.087166
54 0.087327 0.437876 0.149037 0.088075
53 0.499373 0.807685 0.138068 0.015710
54 0.500021 0.169686 0.200503 0.097786
54 0.819237 0.238072 0.145670 0.087671
54 0.469470 0.170902 0.145609 0.088271
54 0.526734 0.753600 0.145673 0.086889
54 0.907994 0.438364 0.150173 0.088202
