55 0.833267 0.600947 0.059024 0.038271
55 0.536422 0.104635 0.061294 0.040083
55 0.832833 0.172163 0.060237 0.038807
55 0.767658 0.172564 0.061636 0.039675
55 0.767542 0.601640 0.060237 0.040391
52 0.690549 0.601192 0.029205 0.036044
55 0.470893 0.104062 0.059846 0.038457
55 0.239591 0.601591 0.060928 0.040399
55 0.858386 0.374042 0.060725 0.040231
55 0.922886 0.373449 0.059827 0.038994
55 0.174279 0.601034 0.061263 0.037993
54 0.827384 0.665346 0.151013 0.089580
54 0.827765 0.237036 0.149225 0.090155
54 0.179300 0.665692 0.148673 0.090811
54 0.504175 0.168668 0.206728 0.102365
54 0.534162 0.756794 0.140802 0.087224
54 0.092767 0.438047 0.157062 0.090171
54 0.473742 0.169096 0.144541 0.088390
54 0.889182 0.437795 0.208275 0.100355
52 0.443925 0.604908 0.026552 0.039072
54 0.920460 0.438772 0.144549 0.092009
