52 0.797226 0.507827 0.029213 0.035502
55 0.822924 0.595026 0.059777 0.037845
54 0.115620 0.431605 0.204606 0.098917
54 0.525907 0.750572 0.145015 0.087005
55 0.848261 0.370708 0.060027 0.038529
55 0.912778 0.370036 0.059697 0.037721
55 0.758539 0.595461 0.059441 0.038056
54 0.819119 0.657945 0.145293 0.088423
54 0.474463 0.168302 0.157578 0.090888
54 0.817354 0.234265 0.148259 0.089595
54 0.200700 0.235408 0.200343 0.094698
54 0.204964 0.659682 0.204194 0.098244
53 0.787586 0.714593 0.131613 0.014670
54 0.179128 0.659114 0.152163 0.091749
