54 0.524803 0.741421 0.144033 0.084807
52 0.307577 0.596696 0.029404 0.033334
55 0.237560 0.589645 0.060191 0.039111
55 0.755131 0.589731 0.059555 0.038803
55 0.818922 0.588481 0.059547 0.037274
55 0.149624 0.367452 0.060049 0.038674
55 0.844037 0.367661 0.058755 0.037776
55 0.907151 0.366906 0.058602 0.036680
55 0.237960 0.171225 0.060294 0.039483
54 0.901215 0.429979 0.149427 0.087768
55 0.173437 0.589047 0.059546 0.036841
55 0.173853 0.170289 0.060268 0.038489
55 0.085765 0.367038 0.060568 0.036770
54 0.812086 0.232065 0.150223 0.087008
54 0.091796 0.430561 0.150752 0.089342
54 0.176980 0.234120 0.142988 0.088677
54 0.206385 0.652441 0.201562 0.100713
54 0.785652 0.651573 0.203826 0.098985
54 0.177484 0.652586 0.144095 0.090133
53 0.876543 0.485394 0.136381 0.014290
54 0.815704 0.652710 0.142381 0.090351
