55 0.240275 0.601097 0.060839 0.039277
55 0.833280 0.601016 0.059027 0.038374
55 0.239972 0.174646 0.060086 0.041231
55 0.767471 0.601669 0.060305 0.040634
55 0.175073 0.173548 0.061799 0.038103
55 0.767371 0.172717 0.060473 0.039723
55 0.832627 0.172216 0.059538 0.038509
55 0.083395 0.373642 0.061473 0.039241
55 0.149288 0.373470 0.060967 0.039379
55 0.858432 0.374328 0.060867 0.041256
54 0.477894 0.170412 0.153053 0.088805
55 0.174473 0.601033 0.061624 0.038269
52 0.309788 0.609483 0.029731 0.036347
54 0.177919 0.238270 0.148186 0.088348
54 0.828553 0.665222 0.148140 0.088770
55 0.922686 0.373411 0.059779 0.039052
54 0.116945 0.438218 0.205296 0.100253
54 0.919575 0.438680 0.145221 0.089223
54 0.207160 0.665627 0.208864 0.101602
54 0.532082 0.756300 0.148812 0.088411
54 0.827970 0.236583 0.149658 0.089256
53 0.800315 0.294137 0.145076 0.016186
55 0.535536 0.678881 0.061184 0.060413
