55 0.761484 0.590016 0.060061 0.039645
54 0.532023 0.741141 0.143835 0.085504
55 0.913803 0.366991 0.059161 0.037088
55 0.243799 0.590139 0.059591 0.040385
55 0.761662 0.169921 0.060112 0.039901
55 0.825233 0.588546 0.059892 0.037141
55 0.850090 0.367354 0.060157 0.037324
55 0.825408 0.169106 0.059244 0.037752
55 0.179482 0.589160 0.059626 0.037537
55 0.156119 0.366926 0.058977 0.037901
52 0.685695 0.590950 0.027994 0.035524
55 0.244050 0.171007 0.060360 0.038177
55 0.092119 0.366688 0.058706 0.036599
55 0.470909 0.102828 0.059336 0.038142
55 0.179666 0.170711 0.059274 0.037370
54 0.477171 0.166065 0.148119 0.090580
54 0.819962 0.231720 0.147572 0.088782
55 0.534638 0.103671 0.059394 0.039474
54 0.819639 0.652937 0.146880 0.087880
55 0.535142 0.664734 0.059955 0.060284
54 0.211673 0.233178 0.203290 0.098449
54 0.124414 0.430610 0.201313 0.098037
54 0.186787 0.652801 0.150921 0.090868
54 0.095110 0.429968 0.145315 0.088263
53 0.118511 0.485695 0.126903 0.015514
54 0.183480 0.234462 0.143407 0.089719
54 0.881282 0.428448 0.202411 0.099521
54 0.912896 0.429190 0.139107 0.089408
