55 0.819351 0.201233 0.059486 0.040823
55 0.147171 0.506951 0.060117 0.039338
55 0.916174 0.506854 0.060806 0.038262
55 0.851391 0.507270 0.060014 0.039204
55 0.113999 0.199859 0.060470 0.037277
55 0.467754 0.103858 0.058885 0.037684
55 0.883816 0.199692 0.060789 0.037506
54 0.471996 0.168376 0.145985 0.087288
52 0.741336 0.590184 0.028659 0.035739
55 0.082154 0.506754 0.060491 0.038240
55 0.531797 0.105130 0.059107 0.039973
55 0.179458 0.201561 0.060043 0.040020
54 0.879902 0.264522 0.145043 0.089155
54 0.912892 0.570444 0.146409 0.087898
54 0.528560 0.752968 0.145785 0.087161
54 0.120243 0.264599 0.151528 0.091172
54 0.115399 0.571037 0.204807 0.100022
54 0.087963 0.570708 0.149585 0.090230
