55 0.236529 0.597615 0.060355 0.039840
55 0.236513 0.172792 0.060653 0.039826
55 0.147144 0.371464 0.060242 0.038472
55 0.171641 0.172703 0.059918 0.038460
55 0.082442 0.371955 0.060270 0.037817
55 0.171768 0.596404 0.060703 0.037595
54 0.792920 0.235843 0.204474 0.100283
54 0.176808 0.660958 0.147411 0.090120
54 0.528921 0.752900 0.144607 0.086983
54 0.205005 0.236349 0.204905 0.098979
54 0.115475 0.435669 0.204438 0.099608
54 0.473913 0.168568 0.150467 0.088752
54 0.882087 0.434788 0.205865 0.097983
52 0.403082 0.642587 0.029784 0.035362
54 0.795628 0.660626 0.198579 0.097130
54 0.823563 0.235341 0.143615 0.092068
54 0.175697 0.237228 0.145059 0.089926
53 0.194404 0.716761 0.123032 0.014992
