54 0.116098 0.570914 0.205542 0.098499
55 0.819177 0.200536 0.059985 0.039344
55 0.916178 0.506838 0.060809 0.038179
55 0.851403 0.507245 0.060004 0.039172
55 0.467803 0.103905 0.058806 0.037627
55 0.883873 0.199613 0.060865 0.037445
54 0.912625 0.570553 0.146753 0.087954
55 0.532095 0.105040 0.058534 0.039910
54 0.529176 0.752456 0.144834 0.087415
54 0.472590 0.167814 0.150638 0.089941
52 0.544328 0.272498 0.028619 0.036261
54 0.878569 0.264521 0.147256 0.089971
54 0.146861 0.262095 0.204343 0.095781
54 0.850444 0.262482 0.205984 0.099530
