54 0.881135 0.433603 0.204145 0.099613
55 0.825104 0.595500 0.060299 0.037988
52 0.754582 0.332583 0.029351 0.035454
54 0.527602 0.752225 0.146243 0.086384
55 0.146943 0.370853 0.060048 0.038019
55 0.082481 0.371219 0.060144 0.037842
55 0.760226 0.595922 0.060245 0.038278
54 0.177068 0.236408 0.148344 0.089365
55 0.171930 0.172943 0.060375 0.037661
55 0.237267 0.173111 0.060627 0.038783
54 0.115972 0.434005 0.203578 0.097993
54 0.818742 0.235048 0.150517 0.089336
54 0.791701 0.658891 0.206146 0.102458
54 0.820779 0.659738 0.145755 0.090502
54 0.186882 0.660400 0.163917 0.093397
53 0.497325 0.805755 0.133529 0.015319
