55 0.237458 0.595671 0.060165 0.038486
55 0.825125 0.170708 0.059990 0.038409
55 0.531789 0.104658 0.059059 0.038501
55 0.237522 0.172817 0.060482 0.039288
52 0.274921 0.324470 0.031159 0.036031
55 0.760495 0.171528 0.061701 0.039407
55 0.147915 0.370727 0.060177 0.037826
54 0.527771 0.750936 0.145136 0.087448
55 0.467029 0.104076 0.058335 0.037233
55 0.172979 0.172722 0.060335 0.037943
55 0.172698 0.595103 0.060026 0.037184
55 0.082565 0.370913 0.060091 0.038130
54 0.880141 0.433665 0.204137 0.097183
54 0.820685 0.234994 0.145656 0.087592
54 0.817333 0.659280 0.151274 0.090825
54 0.116100 0.433824 0.204091 0.098790
54 0.470136 0.168154 0.144445 0.090266
54 0.205217 0.235821 0.205022 0.099450
54 0.175612 0.236462 0.143977 0.089855
54 0.501078 0.166653 0.199919 0.099350
54 0.175242 0.659554 0.143380 0.090621
54 0.205282 0.660967 0.205521 0.103805
54 0.907485 0.433734 0.151347 0.091430
