54 0.116856 0.570511 0.205954 0.099408
55 0.916641 0.506316 0.060734 0.038362
55 0.819648 0.200426 0.059677 0.039560
55 0.852148 0.506993 0.059234 0.039229
52 0.217839 0.361479 0.028799 0.036006
55 0.884210 0.199481 0.060667 0.037598
55 0.468164 0.103760 0.058588 0.037541
54 0.913540 0.570605 0.146124 0.088497
55 0.532828 0.104872 0.058828 0.039727
54 0.473211 0.167861 0.149741 0.090267
54 0.530036 0.752254 0.145771 0.088038
54 0.879531 0.264325 0.146279 0.089718
54 0.123220 0.263567 0.154152 0.089424
54 0.148587 0.262215 0.204966 0.098000
54 0.851025 0.262187 0.206025 0.099294
