55 0.848844 0.371515 0.060549 0.039842
52 0.402168 0.640323 0.028959 0.037026
55 0.913514 0.370578 0.060250 0.037737
54 0.499329 0.168412 0.201959 0.100364
55 0.147075 0.370685 0.059606 0.037717
55 0.236277 0.173046 0.059993 0.039269
55 0.171521 0.172879 0.059628 0.037776
54 0.526283 0.748355 0.145972 0.089065
55 0.081611 0.370645 0.060006 0.037339
54 0.205206 0.659643 0.202686 0.101614
54 0.789761 0.659069 0.203200 0.104028
54 0.789999 0.234977 0.204741 0.099539
54 0.175494 0.236207 0.145473 0.090173
53 0.114221 0.490867 0.139782 0.017489
54 0.115104 0.435543 0.203356 0.099180
54 0.909283 0.434941 0.146960 0.088772
54 0.820987 0.234820 0.143416 0.091555
