52 0.800054 0.508488 0.029395 0.035187
55 0.851273 0.371965 0.059883 0.039589
55 0.916024 0.371670 0.060466 0.039057
55 0.147149 0.372459 0.060929 0.040597
55 0.171677 0.596157 0.060764 0.037832
55 0.236037 0.597662 0.059866 0.040945
55 0.082431 0.371684 0.060140 0.037921
54 0.821562 0.660401 0.146574 0.088351
54 0.528446 0.752916 0.146282 0.087603
54 0.178923 0.661255 0.152216 0.088923
54 0.820501 0.235246 0.148511 0.089761
54 0.474624 0.167823 0.153156 0.089641
54 0.180963 0.236834 0.153987 0.090600
53 0.497894 0.806679 0.134009 0.016701
54 0.087960 0.435866 0.149405 0.089735
54 0.913321 0.435508 0.143296 0.088854
