55 0.916190 0.506803 0.060847 0.038270
55 0.851434 0.507245 0.059920 0.039140
55 0.147165 0.506952 0.060153 0.039417
55 0.114004 0.199841 0.060451 0.037249
55 0.467773 0.103875 0.058834 0.037675
55 0.531969 0.105119 0.058785 0.039960
55 0.179412 0.201537 0.060061 0.040083
55 0.082154 0.506762 0.060499 0.038276
52 0.403268 0.642527 0.029353 0.035468
54 0.528021 0.753193 0.146693 0.087192
54 0.912944 0.570540 0.146547 0.087893
54 0.471609 0.169072 0.145455 0.089165
54 0.878670 0.264248 0.148132 0.089339
54 0.120934 0.264002 0.152903 0.089621
53 0.499465 0.806909 0.140536 0.016089
54 0.115167 0.571097 0.204572 0.099807
54 0.087907 0.570868 0.149572 0.090144
