54 0.880813 0.430391 0.201156 0.099102
55 0.243954 0.589900 0.059455 0.039703
54 0.532037 0.740593 0.143728 0.085533
54 0.124528 0.429403 0.201452 0.098438
54 0.212730 0.233269 0.201377 0.100289
55 0.179198 0.588582 0.059481 0.036596
52 0.685688 0.590794 0.028281 0.035876
54 0.819147 0.232571 0.148467 0.088869
54 0.477668 0.165779 0.150020 0.091142
54 0.818362 0.652282 0.147239 0.087622
55 0.535245 0.664474 0.060111 0.060092
54 0.184981 0.652058 0.147372 0.089259
53 0.212538 0.707314 0.145251 0.015932
