52 0.273618 0.328512 0.029682 0.036802
55 0.530642 0.107707 0.059985 0.039663
55 0.465651 0.107420 0.059250 0.038197
55 0.171957 0.175253 0.058575 0.037560
55 0.913556 0.373716 0.060076 0.038566
55 0.236567 0.599156 0.060023 0.039792
55 0.171613 0.598055 0.059803 0.037172
54 0.178017 0.663071 0.151540 0.089809
55 0.081443 0.373596 0.060593 0.038285
53 0.486387 0.808634 0.110455 0.015345
55 0.848798 0.374331 0.060270 0.039177
54 0.174030 0.240312 0.143839 0.088236
55 0.232907 0.176685 0.053722 0.040035
54 0.526176 0.753349 0.144656 0.088023
55 0.146948 0.374548 0.060216 0.039379
54 0.816158 0.662051 0.149709 0.089753
54 0.087369 0.437972 0.149220 0.088209
54 0.909311 0.437979 0.147387 0.088591
54 0.499702 0.169679 0.201486 0.098505
54 0.467528 0.171082 0.141804 0.087903
52 0.766771 0.494227 0.024152 0.033403
