52 0.213295 0.372854 0.029593 0.038323
55 0.536415 0.105234 0.061459 0.041468
55 0.832568 0.172090 0.059623 0.038601
55 0.767774 0.172477 0.061517 0.039481
55 0.083356 0.373641 0.061433 0.039209
55 0.149206 0.373691 0.060839 0.039979
55 0.471036 0.103892 0.060561 0.038406
54 0.475172 0.169674 0.147334 0.088582
54 0.916871 0.437927 0.148305 0.089562
54 0.827624 0.665492 0.149609 0.089786
54 0.827904 0.237219 0.148834 0.090291
54 0.116841 0.437744 0.205213 0.101069
54 0.182447 0.239099 0.152895 0.090406
54 0.533340 0.755865 0.145802 0.090473
54 0.798954 0.664296 0.206512 0.099481
53 0.503388 0.812965 0.144098 0.015930
