55 0.247168 0.589850 0.059467 0.039446
54 0.535025 0.741232 0.143353 0.086713
52 0.284871 0.320892 0.028538 0.036521
55 0.764312 0.589716 0.060325 0.039274
55 0.828384 0.588384 0.058139 0.035882
55 0.474227 0.102717 0.060643 0.038283
55 0.764565 0.169842 0.060783 0.039118
55 0.828671 0.169242 0.058046 0.037947
55 0.182642 0.588939 0.059698 0.037464
55 0.182636 0.170608 0.059734 0.037247
55 0.246971 0.170738 0.059499 0.039789
54 0.098705 0.430273 0.143555 0.089436
55 0.537992 0.103696 0.059267 0.039869
55 0.094623 0.367090 0.059899 0.036507
54 0.477316 0.166680 0.142896 0.087478
54 0.823923 0.233212 0.143890 0.086295
55 0.159581 0.367901 0.059520 0.039527
54 0.823420 0.652626 0.146733 0.089532
54 0.188189 0.234472 0.147016 0.090316
54 0.216863 0.651016 0.202050 0.102215
55 0.537967 0.664625 0.060617 0.060761
54 0.216700 0.232269 0.204823 0.097009
54 0.795162 0.230586 0.204208 0.094965
28 0.538154 0.664775 0.060465 0.060795
