55 0.237470 0.595699 0.060189 0.038521
55 0.147951 0.370783 0.060084 0.038181
52 0.210830 0.369762 0.028475 0.036407
55 0.237473 0.173292 0.060460 0.039906
54 0.527962 0.750754 0.144948 0.087406
55 0.172743 0.595110 0.060017 0.037204
55 0.466963 0.104039 0.058334 0.037178
55 0.082559 0.370924 0.060071 0.038092
55 0.173117 0.172691 0.060568 0.037865
55 0.531991 0.104808 0.059310 0.038663
54 0.471582 0.168019 0.146072 0.087380
54 0.880210 0.433810 0.204151 0.096864
54 0.177421 0.235982 0.148851 0.087521
54 0.817250 0.659028 0.151511 0.090792
54 0.817401 0.234691 0.152364 0.089853
54 0.115932 0.434258 0.203526 0.098680
54 0.174557 0.659040 0.142749 0.089068
54 0.206116 0.660816 0.205491 0.101268
