52 0.217179 0.361889 0.028460 0.035590
55 0.916172 0.506812 0.060765 0.038273
55 0.819254 0.201094 0.059683 0.040787
55 0.851471 0.507282 0.059832 0.039188
55 0.147082 0.506939 0.060126 0.039460
55 0.114007 0.199862 0.060479 0.037288
55 0.883842 0.199677 0.060787 0.037456
55 0.179418 0.201639 0.060068 0.040205
55 0.082159 0.506834 0.060558 0.038319
54 0.913302 0.570254 0.145624 0.087515
54 0.877501 0.264284 0.149560 0.089546
54 0.473103 0.167716 0.148857 0.088019
54 0.120556 0.264003 0.151994 0.089943
54 0.528240 0.752945 0.147381 0.088653
54 0.114688 0.570624 0.205819 0.099739
53 0.499364 0.807182 0.136562 0.016821
54 0.091077 0.571045 0.156056 0.090846
