54 0.881107 0.430163 0.201083 0.099600
55 0.761513 0.589930 0.060029 0.039457
55 0.243793 0.590009 0.059359 0.039886
54 0.531292 0.741800 0.145900 0.087117
55 0.825257 0.588317 0.059216 0.035793
52 0.313552 0.596939 0.027900 0.034105
55 0.091406 0.366986 0.058927 0.036532
55 0.244039 0.171018 0.060355 0.038181
55 0.156055 0.366942 0.059164 0.037974
55 0.179535 0.589120 0.059715 0.037627
55 0.179681 0.170729 0.059309 0.037389
54 0.477634 0.165734 0.149955 0.091025
54 0.819277 0.232584 0.148344 0.088900
54 0.125196 0.430243 0.199518 0.099029
54 0.819313 0.652050 0.147696 0.086939
54 0.211732 0.233349 0.203253 0.098308
55 0.535182 0.664382 0.059788 0.059848
54 0.186593 0.652880 0.150690 0.090691
53 0.502516 0.795866 0.141315 0.015069
