55 0.916660 0.506298 0.060810 0.038373
55 0.819653 0.200384 0.059749 0.039372
55 0.148053 0.506642 0.060917 0.039752
55 0.852116 0.506959 0.059317 0.039199
55 0.114822 0.199610 0.060418 0.037221
55 0.884204 0.199461 0.060713 0.037560
55 0.083067 0.506310 0.060715 0.038428
55 0.180531 0.201213 0.060916 0.039584
55 0.468126 0.103784 0.058956 0.037720
54 0.913681 0.570392 0.145998 0.088139
54 0.473107 0.168918 0.146850 0.088428
55 0.532768 0.104957 0.059755 0.039885
52 0.545445 0.273749 0.029068 0.036127
54 0.529823 0.752087 0.146248 0.088406
54 0.120626 0.263990 0.148899 0.088850
53 0.481881 0.806723 0.100443 0.016115
54 0.116002 0.571087 0.205343 0.099935
54 0.879744 0.264267 0.145976 0.090004
54 0.091799 0.571042 0.155951 0.090835
54 0.850750 0.262371 0.206787 0.099623
