55 0.916056 0.371573 0.060473 0.038809
55 0.236353 0.172688 0.060498 0.039981
52 0.800205 0.508782 0.029081 0.034863
55 0.851262 0.371894 0.059883 0.039545
55 0.171605 0.172553 0.059731 0.038586
54 0.473786 0.168566 0.152266 0.088380
54 0.205499 0.236714 0.204651 0.099549
54 0.527990 0.752352 0.147061 0.088134
54 0.819988 0.660797 0.148993 0.089140
54 0.819664 0.235134 0.149860 0.090123
54 0.094696 0.434862 0.162546 0.089599
53 0.500132 0.806383 0.139160 0.017539
54 0.181495 0.661315 0.155704 0.091346
54 0.174519 0.237159 0.142649 0.089732
54 0.914418 0.435462 0.141482 0.089132
