55 0.822954 0.595062 0.060017 0.037819
55 0.913019 0.370337 0.060342 0.037708
55 0.530948 0.104639 0.059251 0.038657
54 0.525537 0.750626 0.145003 0.087461
55 0.146926 0.371266 0.059711 0.038893
55 0.758825 0.171414 0.060958 0.039410
55 0.466082 0.104121 0.058404 0.037119
55 0.823175 0.170591 0.060021 0.038710
55 0.236455 0.595394 0.060363 0.038658
55 0.848207 0.370810 0.059977 0.038627
55 0.171641 0.172793 0.059320 0.037659
52 0.402099 0.639024 0.029381 0.037042
55 0.758437 0.595882 0.060444 0.037487
55 0.171414 0.594837 0.059481 0.037432
55 0.081342 0.370738 0.060207 0.037851
55 0.236113 0.173391 0.059564 0.039930
54 0.176550 0.236166 0.148494 0.090874
54 0.204686 0.659303 0.204115 0.101171
54 0.817475 0.659054 0.147440 0.089189
54 0.499539 0.167021 0.200958 0.099474
54 0.819645 0.234970 0.143935 0.087718
54 0.086075 0.434416 0.146978 0.089124
54 0.468613 0.168042 0.144985 0.090178
53 0.198390 0.295308 0.129276 0.014438
54 0.790284 0.232723 0.203832 0.096234
54 0.177938 0.658800 0.149962 0.091491
