55 0.827079 0.596153 0.059099 0.038006
55 0.761624 0.171658 0.062774 0.040304
52 0.274384 0.325422 0.030923 0.036365
55 0.826899 0.170896 0.059373 0.039582
55 0.236317 0.172660 0.060535 0.040042
55 0.761565 0.596637 0.061728 0.039048
55 0.171689 0.596159 0.060640 0.038092
55 0.171554 0.172533 0.059859 0.038636
55 0.467503 0.103839 0.059011 0.037678
55 0.236086 0.597676 0.059725 0.040942
54 0.820854 0.659709 0.148628 0.088298
54 0.821629 0.235564 0.145420 0.089180
54 0.470961 0.168917 0.145261 0.089872
55 0.531214 0.105011 0.059311 0.039789
54 0.881051 0.435056 0.206831 0.099911
54 0.178440 0.661162 0.151231 0.088382
54 0.528688 0.752558 0.144592 0.085655
54 0.205095 0.236586 0.205122 0.099522
54 0.174339 0.237131 0.142401 0.089535
