55 0.818910 0.588272 0.059506 0.037000
55 0.755171 0.589661 0.059436 0.038642
55 0.755020 0.170340 0.059849 0.039857
55 0.237511 0.589665 0.060026 0.039087
55 0.529144 0.103179 0.058069 0.040469
55 0.465287 0.102866 0.057806 0.038064
55 0.149629 0.367456 0.059987 0.038765
54 0.524724 0.741068 0.146121 0.085681
55 0.237966 0.171238 0.060292 0.039476
55 0.173856 0.170300 0.060251 0.038521
55 0.173430 0.589034 0.059579 0.036872
52 0.275267 0.320919 0.029403 0.036605
55 0.819058 0.168936 0.058804 0.037558
55 0.085759 0.367048 0.060534 0.036789
54 0.091785 0.430554 0.150843 0.089304
54 0.468822 0.167036 0.144841 0.088787
54 0.890324 0.429410 0.169717 0.089171
54 0.813973 0.232187 0.146905 0.089162
54 0.177503 0.234127 0.144100 0.089151
54 0.206351 0.652437 0.201540 0.100987
54 0.786699 0.652046 0.203708 0.097810
53 0.496827 0.795256 0.136398 0.014190
54 0.178371 0.652533 0.145894 0.090084
55 0.528271 0.665006 0.059232 0.058727
