55 0.827084 0.596025 0.059161 0.038062
55 0.916033 0.371598 0.060568 0.038754
52 0.274425 0.325374 0.031004 0.036383
55 0.761584 0.171637 0.062814 0.040280
55 0.826973 0.170881 0.059236 0.039500
55 0.851209 0.371778 0.059974 0.039084
55 0.236291 0.172670 0.060563 0.040056
55 0.761571 0.597032 0.061776 0.039169
55 0.467566 0.103901 0.058886 0.037800
55 0.171512 0.172550 0.059888 0.038577
55 0.146949 0.372096 0.060411 0.039945
55 0.531561 0.104971 0.060172 0.039704
55 0.082409 0.371557 0.060323 0.037894
55 0.236029 0.597667 0.059836 0.041010
53 0.876083 0.492720 0.128032 0.015212
55 0.171678 0.596159 0.060778 0.038073
54 0.820374 0.660610 0.148320 0.088623
54 0.471314 0.168436 0.146041 0.088837
54 0.178503 0.661388 0.151198 0.088562
54 0.821044 0.235648 0.146399 0.089043
54 0.528427 0.752318 0.145227 0.086761
54 0.086341 0.436153 0.145889 0.088810
54 0.205271 0.236474 0.205042 0.099156
54 0.174878 0.237132 0.143312 0.090322
