55 0.823616 0.595188 0.060050 0.037667
54 0.878805 0.432503 0.205786 0.096871
55 0.531001 0.104819 0.059000 0.038094
54 0.526445 0.750863 0.144865 0.085237
55 0.147089 0.370959 0.059478 0.038622
55 0.465958 0.104236 0.058657 0.036590
55 0.758834 0.596127 0.060958 0.038507
55 0.236275 0.173070 0.059982 0.039266
55 0.081460 0.370807 0.060439 0.037500
55 0.236376 0.595972 0.060272 0.039132
55 0.171605 0.595191 0.060714 0.037238
52 0.210340 0.369133 0.028204 0.035492
55 0.171605 0.172839 0.059340 0.037742
54 0.818350 0.659172 0.147150 0.089201
54 0.176653 0.659615 0.148133 0.089395
54 0.819629 0.234570 0.145822 0.089199
54 0.175620 0.236417 0.145107 0.090619
54 0.468500 0.167893 0.145831 0.091084
53 0.496252 0.804271 0.133937 0.014452
54 0.498843 0.166864 0.206189 0.096230
54 0.115878 0.434326 0.203433 0.099599
54 0.204724 0.234093 0.204203 0.103168
