54 0.531689 0.741783 0.145469 0.085935
55 0.243882 0.590060 0.059603 0.040076
55 0.156008 0.366919 0.058876 0.037894
54 0.906835 0.430487 0.148760 0.086821
55 0.244047 0.171029 0.060289 0.038134
55 0.091393 0.366978 0.058905 0.036528
55 0.470875 0.102814 0.059381 0.038139
55 0.534576 0.103697 0.059252 0.039403
55 0.179530 0.589107 0.059607 0.037551
55 0.179669 0.170725 0.059256 0.037366
52 0.218999 0.366784 0.027784 0.034262
54 0.477073 0.165862 0.147999 0.090290
54 0.819319 0.232553 0.148087 0.089173
54 0.818261 0.652466 0.149479 0.088164
54 0.211786 0.233400 0.202854 0.098195
54 0.186667 0.652845 0.150845 0.090965
54 0.125357 0.429315 0.200861 0.099009
55 0.535207 0.664377 0.059689 0.059914
53 0.502570 0.795872 0.140800 0.014970
54 0.183024 0.234385 0.142510 0.089619
