55 0.758769 0.171619 0.060979 0.039804
54 0.525823 0.750536 0.145602 0.085543
54 0.205073 0.236735 0.202577 0.101154
52 0.797270 0.507412 0.029152 0.036196
55 0.235830 0.595882 0.059761 0.037496
55 0.823162 0.170543 0.059969 0.038602
54 0.788842 0.658249 0.203346 0.103464
54 0.115837 0.431633 0.204943 0.100953
54 0.905453 0.433966 0.151825 0.088598
55 0.171510 0.594702 0.059731 0.037273
54 0.176275 0.659185 0.147854 0.088816
54 0.472856 0.167404 0.152572 0.089587
54 0.818667 0.234839 0.146222 0.088147
53 0.495714 0.803801 0.131147 0.013971
