55 0.913094 0.370182 0.060186 0.037474
55 0.758771 0.171655 0.060972 0.039642
55 0.146789 0.370615 0.058910 0.037614
55 0.848322 0.371535 0.060118 0.040109
54 0.525961 0.750583 0.145826 0.086056
55 0.236250 0.172905 0.060050 0.039132
55 0.235826 0.595859 0.059795 0.037487
55 0.823148 0.170584 0.060059 0.038579
55 0.171546 0.172717 0.059476 0.037568
54 0.788869 0.658321 0.202862 0.102932
55 0.466033 0.104038 0.058229 0.036916
55 0.530539 0.104704 0.058999 0.038580
55 0.081354 0.370501 0.060258 0.037459
55 0.171658 0.594521 0.060965 0.037035
54 0.471680 0.168074 0.150066 0.089082
54 0.176217 0.659041 0.147874 0.088910
52 0.541931 0.273017 0.029177 0.035768
54 0.818970 0.235105 0.146032 0.087782
54 0.204561 0.235277 0.203773 0.099121
54 0.908684 0.434262 0.146827 0.088755
54 0.175099 0.236270 0.144425 0.089995
54 0.115222 0.431865 0.205467 0.100798
53 0.496881 0.803543 0.134023 0.013934
