55 0.913186 0.370530 0.060858 0.037824
55 0.530855 0.104962 0.058809 0.038533
54 0.115912 0.432033 0.204704 0.098672
55 0.465966 0.104232 0.058500 0.036481
54 0.525537 0.750823 0.145970 0.089122
55 0.848634 0.371541 0.060034 0.039901
54 0.205318 0.234821 0.204078 0.103726
52 0.797862 0.507523 0.029219 0.036108
54 0.817881 0.659194 0.148053 0.090724
54 0.819412 0.234459 0.146682 0.089453
54 0.470256 0.167780 0.148515 0.090197
54 0.908692 0.435001 0.148040 0.089952
54 0.204394 0.659739 0.201852 0.102824
