55 0.237446 0.595689 0.060176 0.038521
55 0.914552 0.370854 0.059523 0.038135
55 0.825170 0.170692 0.059970 0.038351
55 0.760486 0.171566 0.061661 0.039417
55 0.147909 0.370729 0.060229 0.037829
55 0.850082 0.371377 0.060569 0.039306
55 0.237457 0.173276 0.060511 0.039975
55 0.467031 0.104037 0.058139 0.037230
54 0.528149 0.750690 0.144662 0.087072
55 0.172698 0.595111 0.060040 0.037144
55 0.531992 0.104786 0.059297 0.038697
55 0.082568 0.370890 0.060103 0.038100
55 0.173088 0.172693 0.060585 0.037900
54 0.177611 0.236030 0.149068 0.088305
54 0.472578 0.168124 0.147947 0.088049
54 0.820290 0.235117 0.146066 0.088181
52 0.543259 0.273092 0.029607 0.035961
54 0.817335 0.658933 0.151580 0.090346
54 0.115891 0.433807 0.204307 0.098454
54 0.175156 0.659580 0.143181 0.090640
54 0.909406 0.434703 0.149075 0.087934
54 0.205226 0.660946 0.205559 0.103918
