52 0.280699 0.320841 0.028320 0.036380
55 0.468780 0.104468 0.057374 0.035706
55 0.756986 0.587553 0.058957 0.038797
55 0.845508 0.366867 0.059410 0.037639
55 0.532809 0.105074 0.057940 0.037611
55 0.242707 0.587606 0.059508 0.038840
55 0.242783 0.171910 0.059102 0.038896
55 0.821616 0.586150 0.060035 0.037075
55 0.821604 0.169229 0.059228 0.037920
55 0.909151 0.366412 0.058983 0.037308
55 0.757452 0.170322 0.059154 0.038618
55 0.092768 0.366017 0.058191 0.036374
55 0.179983 0.170649 0.057816 0.038483
54 0.530865 0.739418 0.139710 0.086121
55 0.156008 0.366159 0.058698 0.037945
54 0.183948 0.234441 0.145672 0.086877
54 0.902974 0.428345 0.146526 0.086552
55 0.178974 0.586393 0.059068 0.037347
54 0.125455 0.429372 0.199586 0.098687
54 0.472938 0.167078 0.142883 0.089797
54 0.817339 0.232936 0.141433 0.087101
54 0.817027 0.650554 0.142937 0.088478
54 0.185176 0.650681 0.145579 0.090202
53 0.501829 0.794049 0.135359 0.014245
54 0.788847 0.649647 0.199591 0.091101
54 0.787530 0.230789 0.202392 0.095858
54 0.212109 0.650105 0.199850 0.094862
