54 0.530207 0.739324 0.140814 0.085049
55 0.845480 0.366880 0.059396 0.037659
55 0.756949 0.587465 0.059115 0.038646
55 0.242663 0.587570 0.059551 0.038714
55 0.821613 0.586233 0.059992 0.037079
55 0.242851 0.171819 0.059877 0.038910
55 0.909172 0.366425 0.059017 0.037233
55 0.821684 0.169293 0.059103 0.037916
55 0.532794 0.105018 0.058223 0.038021
52 0.544643 0.270349 0.028575 0.035669
55 0.757417 0.170376 0.059389 0.038681
55 0.092691 0.366025 0.058213 0.036380
55 0.468636 0.104298 0.058034 0.036439
55 0.179852 0.170730 0.058138 0.038125
55 0.156011 0.366110 0.058751 0.037913
54 0.183773 0.234294 0.145493 0.086778
54 0.902778 0.428213 0.146972 0.086283
55 0.179014 0.586364 0.059152 0.037395
54 0.125920 0.429344 0.198596 0.098528
54 0.474462 0.167210 0.145126 0.089428
54 0.816498 0.233205 0.142837 0.087510
54 0.212855 0.649132 0.202246 0.101454
54 0.817960 0.650808 0.141478 0.089164
