55 0.848824 0.371712 0.060648 0.040039
55 0.913527 0.370595 0.060226 0.037795
55 0.147013 0.370808 0.059770 0.038307
54 0.499385 0.168348 0.201866 0.100169
55 0.823869 0.170799 0.060144 0.038756
55 0.759634 0.171632 0.061611 0.039397
52 0.797951 0.507746 0.029288 0.035914
55 0.081461 0.370784 0.060543 0.037541
54 0.789463 0.658964 0.203047 0.103296
54 0.205136 0.659720 0.202567 0.101767
54 0.526770 0.750673 0.143906 0.087525
54 0.205137 0.235308 0.204272 0.103934
54 0.115266 0.433411 0.203181 0.097892
54 0.909772 0.434900 0.145900 0.089047
54 0.823822 0.235189 0.138330 0.086559
53 0.790816 0.291741 0.139311 0.015076
