55 0.243890 0.590084 0.059622 0.040171
55 0.850329 0.367812 0.059713 0.038075
55 0.913891 0.367014 0.059024 0.037002
54 0.531510 0.742006 0.144551 0.084426
52 0.546774 0.270016 0.029344 0.035333
55 0.761690 0.169908 0.060039 0.039779
55 0.825409 0.169105 0.059266 0.037754
55 0.244046 0.171026 0.060368 0.038152
54 0.125773 0.428439 0.202432 0.101784
54 0.909665 0.430075 0.144805 0.087243
55 0.470904 0.102805 0.059338 0.038173
55 0.179564 0.589113 0.059673 0.037596
55 0.179715 0.170758 0.059326 0.037415
55 0.534725 0.104206 0.059098 0.041028
54 0.477203 0.166543 0.149057 0.089172
54 0.820056 0.232697 0.146271 0.087873
54 0.818471 0.652431 0.148793 0.088048
54 0.186622 0.652892 0.150553 0.090901
54 0.211955 0.233170 0.202602 0.099528
54 0.183876 0.233891 0.144591 0.088407
53 0.502953 0.795835 0.141913 0.014831
