55 0.825130 0.595547 0.060406 0.037845
55 0.915480 0.371131 0.060321 0.038373
55 0.146925 0.370842 0.059938 0.038125
55 0.825281 0.170953 0.060041 0.038027
52 0.683945 0.596339 0.029185 0.034312
55 0.531785 0.104794 0.059795 0.041263
55 0.466798 0.103354 0.059221 0.038593
55 0.760598 0.172146 0.061497 0.038572
55 0.760311 0.595969 0.060409 0.038110
55 0.850354 0.371386 0.060843 0.039166
55 0.082459 0.371223 0.060001 0.037893
54 0.528069 0.751786 0.144981 0.086783
54 0.179269 0.236340 0.149782 0.089587
54 0.819684 0.234425 0.148133 0.086746
54 0.116020 0.433877 0.203310 0.098036
54 0.471787 0.167113 0.149250 0.090653
54 0.881679 0.433479 0.205522 0.100551
54 0.791576 0.658727 0.206349 0.102231
54 0.822061 0.659891 0.143129 0.092381
