55 0.824093 0.597856 0.059296 0.037366
55 0.824172 0.173782 0.059905 0.037857
55 0.759441 0.599271 0.060151 0.039101
55 0.530704 0.108199 0.059657 0.040379
55 0.465703 0.107392 0.059426 0.038320
55 0.236611 0.176349 0.059947 0.040110
55 0.146742 0.374208 0.060276 0.038567
55 0.236722 0.598747 0.060146 0.038649
55 0.172005 0.175195 0.058377 0.037411
55 0.759517 0.174919 0.060634 0.039498
54 0.471945 0.170955 0.149427 0.086633
54 0.818917 0.237788 0.146663 0.087806
55 0.081472 0.373530 0.060678 0.038191
55 0.171626 0.598104 0.058974 0.036989
54 0.114847 0.436903 0.203333 0.099683
53 0.200680 0.297808 0.133497 0.016415
52 0.402015 0.643331 0.029888 0.036207
54 0.175833 0.239675 0.147323 0.088590
54 0.204412 0.661964 0.204507 0.100500
54 0.818131 0.662119 0.147658 0.087416
54 0.526197 0.753405 0.143995 0.087576
54 0.174833 0.662095 0.144027 0.089530
