55 0.825029 0.595414 0.060290 0.037719
52 0.754448 0.332453 0.029293 0.035258
55 0.914540 0.370801 0.059537 0.038055
55 0.237449 0.595689 0.060185 0.038491
55 0.825174 0.170673 0.059935 0.038366
55 0.760259 0.595977 0.060258 0.038059
55 0.237536 0.172813 0.060456 0.039259
55 0.147920 0.370719 0.060199 0.037809
55 0.760470 0.171533 0.061649 0.039349
55 0.531775 0.104694 0.059033 0.038541
55 0.850127 0.371252 0.060510 0.039137
55 0.172970 0.172731 0.060350 0.037906
54 0.527783 0.751068 0.145092 0.088338
55 0.172687 0.595136 0.060043 0.037176
55 0.467025 0.104095 0.058331 0.037287
55 0.082563 0.370932 0.060095 0.038165
54 0.819646 0.235195 0.147443 0.087978
54 0.818199 0.660165 0.149769 0.090415
54 0.501070 0.167210 0.199934 0.098719
54 0.116118 0.433933 0.203828 0.098767
54 0.205045 0.235494 0.204636 0.099037
54 0.471604 0.168014 0.147100 0.089520
52 0.440352 0.600977 0.027335 0.033013
54 0.175559 0.236410 0.144024 0.089790
54 0.175405 0.659452 0.143721 0.090605
54 0.910283 0.434752 0.147738 0.087800
54 0.205939 0.660643 0.205485 0.101759
