52 0.761620 0.334915 0.029435 0.036350
55 0.833296 0.600891 0.059038 0.038387
55 0.240229 0.601577 0.061090 0.040917
55 0.767693 0.601436 0.060449 0.040031
55 0.858429 0.374332 0.060765 0.041088
55 0.174409 0.600978 0.061543 0.038185
55 0.922699 0.373410 0.059784 0.039047
54 0.179300 0.665970 0.150220 0.091245
54 0.478620 0.169257 0.154731 0.089570
54 0.919637 0.438579 0.145130 0.089045
54 0.825919 0.236421 0.153207 0.092067
54 0.091693 0.438248 0.155300 0.090300
54 0.534219 0.757712 0.143480 0.088851
54 0.183302 0.237585 0.154483 0.092559
53 0.503585 0.812760 0.143451 0.015605
54 0.828061 0.665317 0.149866 0.091606
54 0.798742 0.665131 0.208437 0.103216
