55 0.148128 0.506649 0.060939 0.039806
55 0.916623 0.506340 0.060777 0.038384
55 0.819640 0.200407 0.059676 0.039472
55 0.852127 0.507008 0.059299 0.039293
55 0.114767 0.199660 0.060316 0.037276
55 0.884211 0.199488 0.060666 0.037585
55 0.532771 0.104642 0.059454 0.039315
55 0.083081 0.506296 0.060670 0.038338
54 0.913431 0.570345 0.146325 0.088089
55 0.468037 0.103706 0.058962 0.037548
55 0.180405 0.201583 0.060721 0.040237
52 0.404170 0.641913 0.029052 0.035990
54 0.529855 0.752015 0.145965 0.088304
54 0.122465 0.263920 0.152207 0.089725
54 0.879267 0.264282 0.146583 0.089926
54 0.501507 0.167647 0.203327 0.098748
54 0.116795 0.570741 0.206620 0.101118
54 0.471545 0.168098 0.144171 0.088454
54 0.850980 0.262962 0.202920 0.096770
54 0.090216 0.571040 0.152762 0.090467
