52 0.761586 0.334724 0.029291 0.036173
55 0.833252 0.601075 0.059088 0.038378
55 0.240223 0.600935 0.060825 0.039215
55 0.767715 0.601483 0.060575 0.040120
55 0.240139 0.174600 0.060240 0.041686
55 0.536421 0.105321 0.061434 0.041628
55 0.767771 0.172506 0.061539 0.039500
55 0.832594 0.172120 0.059581 0.038611
55 0.175047 0.173506 0.061670 0.038150
55 0.083387 0.373545 0.061419 0.039056
55 0.471021 0.103939 0.060480 0.038492
54 0.476059 0.169755 0.149049 0.088794
55 0.149136 0.374612 0.060633 0.041763
55 0.858423 0.374349 0.060705 0.041061
55 0.174439 0.601109 0.061666 0.038475
54 0.178575 0.238090 0.149931 0.088720
55 0.922690 0.373426 0.059756 0.039019
54 0.827506 0.237096 0.149413 0.089832
54 0.088433 0.439024 0.149027 0.089397
54 0.206930 0.665081 0.208678 0.103402
54 0.919590 0.438459 0.145975 0.089314
54 0.534777 0.757817 0.142280 0.088474
53 0.496607 0.812718 0.119215 0.014499
52 0.697075 0.561652 0.027155 0.034754
54 0.798723 0.665432 0.208643 0.102623
54 0.828902 0.665543 0.148233 0.090893
