52 0.203402 0.488343 0.029922 0.036676
55 0.148039 0.506444 0.060551 0.039863
55 0.180404 0.201716 0.060808 0.040528
55 0.114725 0.199645 0.060314 0.037288
55 0.083080 0.506310 0.060689 0.038357
54 0.910311 0.570242 0.150042 0.087925
55 0.468119 0.103776 0.058997 0.037679
55 0.532789 0.104979 0.059754 0.039933
54 0.472048 0.169008 0.144764 0.088567
54 0.850794 0.263343 0.206784 0.101424
54 0.529413 0.752705 0.147759 0.087439
54 0.115932 0.571261 0.205218 0.100313
54 0.120616 0.264007 0.148088 0.089269
53 0.498608 0.806424 0.133778 0.016627
