55 0.762000 0.171629 0.063073 0.040420
55 0.827447 0.170961 0.059587 0.039731
54 0.206175 0.237419 0.202787 0.100760
54 0.821596 0.235725 0.146340 0.089226
54 0.528781 0.753011 0.145388 0.086712
54 0.820482 0.660682 0.149231 0.089675
54 0.881633 0.435371 0.206587 0.098666
52 0.684935 0.596674 0.029268 0.033385
53 0.497589 0.807348 0.132119 0.016989
54 0.182439 0.661865 0.157558 0.092092
54 0.091315 0.435391 0.154877 0.091616
54 0.472856 0.167967 0.149749 0.091418
54 0.499991 0.166797 0.204754 0.100290
54 0.116971 0.435135 0.207290 0.098815
