55 0.148125 0.506627 0.060904 0.039783
55 0.819668 0.200407 0.059655 0.039461
55 0.884221 0.199483 0.060685 0.037623
52 0.741852 0.589521 0.028551 0.036041
55 0.083081 0.506313 0.060737 0.038425
54 0.910455 0.570146 0.149472 0.087748
54 0.473539 0.168064 0.148765 0.089393
54 0.529345 0.752504 0.147664 0.087786
54 0.879009 0.264674 0.147141 0.090621
54 0.116297 0.570978 0.205364 0.100180
53 0.499491 0.806147 0.136280 0.016476
54 0.147749 0.262299 0.203218 0.094151
54 0.850478 0.263289 0.204423 0.097093
54 0.089529 0.570912 0.151293 0.090706
