55 0.824122 0.597763 0.059299 0.037228
52 0.752972 0.335864 0.030086 0.036461
55 0.236616 0.598440 0.060025 0.038862
55 0.824188 0.173809 0.059834 0.037811
55 0.759531 0.598863 0.059854 0.038375
55 0.530726 0.108221 0.059581 0.040390
55 0.465688 0.107435 0.059429 0.038377
55 0.236593 0.176460 0.059932 0.040294
55 0.171957 0.175313 0.058469 0.037721
55 0.146783 0.374024 0.060046 0.039021
55 0.759585 0.174939 0.060501 0.039471
54 0.471775 0.171186 0.149009 0.086994
55 0.081475 0.373545 0.060747 0.038308
55 0.913519 0.373749 0.060067 0.038589
55 0.171546 0.598162 0.059834 0.037587
54 0.818900 0.237769 0.146425 0.087415
54 0.176734 0.240212 0.149164 0.087539
53 0.485773 0.808847 0.109199 0.015417
54 0.115165 0.436777 0.203599 0.099506
54 0.526628 0.753115 0.143741 0.087655
55 0.848598 0.374682 0.059796 0.039785
54 0.204564 0.662077 0.204551 0.100426
54 0.819016 0.662215 0.145861 0.087778
54 0.908261 0.437963 0.149728 0.088274
54 0.791061 0.660892 0.203176 0.093517
54 0.174509 0.662207 0.143433 0.089688
