55 0.155486 0.368320 0.057821 0.038967
55 0.244105 0.591687 0.058287 0.039963
54 0.532446 0.745049 0.144645 0.089635
55 0.091170 0.367445 0.057765 0.037064
55 0.179997 0.171449 0.059967 0.036998
55 0.243964 0.172481 0.058789 0.039486
55 0.180734 0.591013 0.058786 0.037515
55 0.472037 0.103854 0.059728 0.036592
55 0.828261 0.169776 0.057719 0.037263
52 0.281898 0.323943 0.028012 0.034529
55 0.763924 0.170579 0.059433 0.038797
54 0.181935 0.234653 0.143022 0.088064
54 0.822147 0.654448 0.148278 0.090006
54 0.475271 0.166807 0.147953 0.084681
55 0.535421 0.104716 0.058552 0.038499
54 0.822298 0.233647 0.147244 0.089477
54 0.182210 0.654365 0.143865 0.088917
54 0.095313 0.431139 0.147805 0.088376
55 0.959465 0.822293 0.074916 0.039570
54 0.123846 0.430171 0.205672 0.092929
55 0.535165 0.666534 0.060146 0.059903
55 0.875619 0.822551 0.076661 0.039178
