54 0.883959 0.430129 0.200979 0.098736
55 0.247338 0.589829 0.059680 0.039565
54 0.534036 0.741594 0.146900 0.086992
55 0.474206 0.102713 0.060641 0.038348
55 0.182645 0.170622 0.059745 0.037230
55 0.247063 0.170932 0.059576 0.039192
55 0.182641 0.588928 0.059766 0.037480
54 0.098528 0.430392 0.143241 0.089662
55 0.537976 0.103662 0.059336 0.039838
55 0.094613 0.367076 0.059911 0.036509
54 0.795156 0.232521 0.203585 0.100009
54 0.476902 0.166735 0.142594 0.088686
55 0.159576 0.367906 0.059541 0.039618
54 0.819789 0.652359 0.152656 0.088437
54 0.823219 0.232445 0.146529 0.090837
53 0.506971 0.795877 0.143516 0.015155
54 0.214447 0.232370 0.199694 0.097741
54 0.189137 0.234578 0.148915 0.090446
54 0.216318 0.651254 0.201718 0.101089
54 0.188437 0.652732 0.147539 0.090606
55 0.537928 0.664393 0.060566 0.060421
