55 0.827026 0.595955 0.059211 0.038087
52 0.799565 0.508834 0.028925 0.034712
55 0.851239 0.371859 0.059927 0.039241
55 0.916029 0.371659 0.060461 0.038977
55 0.147131 0.372430 0.060969 0.040546
54 0.821894 0.660533 0.145783 0.088255
55 0.236115 0.597234 0.060017 0.039373
55 0.761508 0.597003 0.061393 0.039449
55 0.171627 0.596087 0.059315 0.038103
55 0.082429 0.371682 0.060147 0.037958
54 0.179014 0.661408 0.152607 0.089386
54 0.820087 0.234855 0.149560 0.089030
54 0.180408 0.236978 0.152991 0.089360
53 0.875742 0.492666 0.134568 0.015090
54 0.474410 0.167672 0.152577 0.089788
54 0.528798 0.752424 0.145390 0.088788
54 0.087919 0.435900 0.149305 0.089825
