55 0.824133 0.597901 0.059373 0.037415
55 0.824196 0.173815 0.059830 0.037797
55 0.759430 0.599358 0.060060 0.039261
55 0.530772 0.108310 0.059573 0.040415
55 0.465845 0.107269 0.059233 0.037828
55 0.236611 0.176447 0.060018 0.040285
55 0.236703 0.598702 0.060062 0.038629
55 0.171981 0.175302 0.058527 0.037687
55 0.759591 0.174977 0.060555 0.039515
55 0.146813 0.374016 0.060060 0.039019
55 0.081465 0.373536 0.060703 0.038311
55 0.913516 0.373734 0.060092 0.038637
55 0.171630 0.598106 0.058987 0.037007
52 0.402049 0.643381 0.029917 0.036298
54 0.818626 0.237776 0.146932 0.087223
54 0.176646 0.240261 0.149118 0.087620
54 0.115021 0.436873 0.203457 0.099559
55 0.848579 0.374699 0.059829 0.039892
54 0.204432 0.661904 0.204415 0.100372
54 0.818148 0.662262 0.147564 0.087351
54 0.471016 0.170781 0.148926 0.087464
54 0.527556 0.751972 0.142884 0.088258
54 0.908266 0.438006 0.149726 0.088500
53 0.500024 0.227937 0.142099 0.016621
54 0.174574 0.661971 0.143582 0.089254
