52 0.88046875 0.48671875 0.13828125 0.01484375
51 0.21875 0.3671875 0.028125 0.03515625
54 0.180147 0.170858 0.059874 0.036982
54 0.244223 0.172337 0.059874 0.039941
54 0.471113 0.103550 0.057773 0.038462
54 0.534664 0.103550 0.060924 0.038462
54 0.848739 0.368343 0.060924 0.035503
54 0.913340 0.368343 0.059874 0.035503
54 0.761555 0.590237 0.060924 0.038462
54 0.825630 0.590237 0.058824 0.038462
54 0.244748 0.590237 0.060924 0.038462
54 0.179622 0.589497 0.058824 0.036982
54 0.155987 0.367604 0.059874 0.036982
54 0.091387 0.367604 0.060924 0.036982
53 0.213235 0.650148 0.201681 0.102071
53 0.530987 0.743343 0.146008 0.084320
53 0.880252 0.431213 0.203782 0.096154
53 0.792017 0.233728 0.203782 0.097633
53 0.475315 0.167160 0.146008 0.085799
53 0.184349 0.233728 0.146008 0.082840
53 0.123950 0.429734 0.203782 0.096154
32 0.470588 0.668639 0.060924 0.059172
10 0.534139 0.664941 0.059874 0.060651
53 0.819853 0.653846 0.148109 0.085799
