51 0.79140625 0.35546875 0.0296875 0.03671875
52 0.884375 0.628125 0.134375 0.01328125
32 0.63515625 0.4171875 0.06328125 0.11953125
53 0.909139 0.570266 0.150210 0.087278
53 0.529412 0.752219 0.144958 0.084320
53 0.087185 0.570266 0.147059 0.087278
53 0.147584 0.264793 0.204832 0.097633
53 0.874475 0.264053 0.156513 0.084320
53 0.500000 0.168639 0.205882 0.097633
54 0.849265 0.506657 0.061975 0.036982
54 0.915441 0.506657 0.061975 0.036982
54 0.466912 0.104290 0.061975 0.036982
54 0.530987 0.105030 0.059874 0.038462
39 0.361870 0.415680 0.059874 0.121302
36 0.431723 0.416420 0.060924 0.122781
14 0.498424 0.420118 0.061975 0.130178
44 0.568277 0.417899 0.065126 0.122781
