51 0.76171875 0.3359375 0.0296875 0.03515625
52 0.80078125 0.72265625 0.13984375 0.01328125
47 0.47109375 0.68046875 0.06171875 0.0609375
49 0.503125 0.41640625 0.0609375 0.1171875
53 0.117647 0.437870 0.207983 0.094675
53 0.207458 0.664201 0.206933 0.103550
53 0.532038 0.758136 0.148109 0.087278
53 0.829307 0.667160 0.146008 0.088757
53 0.917542 0.438609 0.148109 0.087278
53 0.825630 0.237426 0.151261 0.087278
53 0.479517 0.169379 0.156513 0.087278
53 0.180672 0.238166 0.151261 0.085799
54 0.084034 0.374260 0.060924 0.038462
54 0.150210 0.374260 0.060924 0.038462
54 0.173845 0.602071 0.059874 0.035503
54 0.240021 0.602071 0.059874 0.038462
54 0.767332 0.603550 0.059874 0.041420
54 0.832983 0.601331 0.060924 0.036982
54 0.766807 0.173077 0.060924 0.038462
54 0.832983 0.173077 0.060924 0.038462
30 0.365546 0.420118 0.058824 0.124260
37 0.433298 0.418639 0.059874 0.121302
48 0.534664 0.679734 0.060924 0.060651
