51 0.5421875 0.2703125 0.0296875 0.03515625
32 0.465625 0.6671875 0.06171875 0.0609375
53 0.526261 0.743343 0.147059 0.084320
53 0.787290 0.651627 0.202731 0.099112
53 0.903887 0.431213 0.141807 0.084320
53 0.813025 0.232249 0.151261 0.088757
53 0.469013 0.167160 0.143908 0.085799
53 0.179097 0.233728 0.143908 0.082840
53 0.090336 0.429734 0.144958 0.084320
53 0.180672 0.653846 0.147059 0.085799
54 0.755777 0.589497 0.061975 0.036982
54 0.820378 0.590237 0.058824 0.035503
54 0.908613 0.367604 0.058824 0.036982
54 0.844013 0.368343 0.061975 0.038462
54 0.819853 0.170118 0.059874 0.038462
54 0.756303 0.170118 0.060924 0.038462
54 0.529937 0.105030 0.057773 0.041420
54 0.465336 0.103550 0.058824 0.038462
54 0.238971 0.171598 0.059874 0.038462
54 0.174370 0.170858 0.060924 0.036982
54 0.086660 0.367604 0.059874 0.036982
54 0.150735 0.367604 0.059874 0.036982
54 0.173845 0.589497 0.059874 0.036982
54 0.238971 0.590976 0.059874 0.039941
10 0.529937 0.666420 0.059874 0.057692
