52 0.88359375 0.49296875 0.1421875 0.01484375
46 0.5671875 0.415625 0.0640625 0.11796875
51 0.54375 0.2734375 0.03046875 0.03671875
23 0.36328125 0.41640625 0.06171875 0.11953125
53 0.114496 0.438609 0.203782 0.090237
53 0.176471 0.236686 0.147059 0.085799
53 0.476366 0.167899 0.156513 0.084320
53 0.205882 0.661982 0.205882 0.099112
53 0.529412 0.750740 0.147059 0.087278
53 0.792542 0.661982 0.204832 0.099112
53 0.882878 0.434911 0.204832 0.094675
53 0.818803 0.235947 0.152311 0.087278
54 0.082458 0.372041 0.059874 0.036982
54 0.148109 0.372781 0.058824 0.038462
54 0.171218 0.173077 0.058824 0.038462
54 0.237395 0.173817 0.060924 0.039941
54 0.850840 0.372781 0.060924 0.038462
54 0.915966 0.372041 0.060924 0.036982
11 0.430672 0.416420 0.060924 0.122781
14 0.497899 0.416420 0.060924 0.122781
