51 0.28125 0.325 0.0296875 0.03671875
29 0.43515625 0.4109375 0.06171875 0.11796875
53 0.212185 0.656065 0.203782 0.099112
53 0.124475 0.428994 0.204832 0.091716
53 0.212185 0.232988 0.203782 0.090237
53 0.503151 0.165680 0.201681 0.091716
53 0.792542 0.230769 0.202731 0.091716
53 0.907563 0.431953 0.151261 0.085799
53 0.803046 0.444527 0.043067 0.025148
53 0.820378 0.655325 0.149160 0.085799
53 0.528887 0.744083 0.150210 0.085799
49 0.365021 0.410503 0.061975 0.119822
3 0.503151 0.411982 0.060924 0.122781
34 0.471113 0.669379 0.059874 0.060651
14 0.536765 0.669379 0.063025 0.063609
54 0.090861 0.368343 0.059874 0.035503
54 0.154937 0.369083 0.057773 0.036982
54 0.179097 0.592456 0.057773 0.034024
54 0.243172 0.592456 0.059874 0.036982
