55 0.64140625 0.41953125 0.06328125 0.11953125
52 0.80078125 0.29453125 0.13984375 0.01640625
51 0.54921875 0.27578125 0.0296875 0.03671875
24 0.5359375 0.68046875 0.06171875 0.0609375
30 0.57265625 0.41953125 0.06328125 0.11953125
53 0.090336 0.437870 0.151261 0.085799
53 0.207983 0.238905 0.205882 0.099112
53 0.477941 0.169379 0.155462 0.087278
53 0.825630 0.237426 0.155462 0.087278
53 0.918067 0.438609 0.149160 0.087278
53 0.825105 0.665680 0.154412 0.088757
53 0.713235 0.681213 0.035714 0.060651
53 0.207983 0.665680 0.207983 0.097633
53 0.532038 0.758136 0.148109 0.087278
54 0.766807 0.173077 0.060924 0.038462
54 0.833508 0.172337 0.059874 0.036982
33 0.470063 0.681213 0.059874 0.063609
39 0.503676 0.417160 0.064076 0.124260
3 0.432773 0.418639 0.060924 0.124260
25 0.366071 0.418639 0.059874 0.121302
