51 0.76171875 0.3359375 0.0296875 0.03515625
46 0.36640625 0.41953125 0.06328125 0.12265625
47 0.47109375 0.6796875 0.06328125 0.0609375
52 0.50390625 0.8125 0.1421875 0.01328125
8 0.433824 0.419379 0.060924 0.122781
40 0.503676 0.419379 0.064076 0.131657
49 0.535189 0.679734 0.059874 0.060651
53 0.530462 0.758136 0.151261 0.087278
53 0.799370 0.665680 0.207983 0.094675
53 0.918592 0.439349 0.148109 0.085799
53 0.824055 0.237426 0.154412 0.087278
53 0.477941 0.169379 0.153361 0.087278
53 0.207458 0.241864 0.204832 0.093195
53 0.090336 0.437870 0.151261 0.085799
53 0.182773 0.665680 0.155462 0.088757
54 0.173319 0.601331 0.060924 0.036982
54 0.240021 0.602071 0.059874 0.038462
54 0.766807 0.602071 0.060924 0.038462
54 0.832983 0.601331 0.060924 0.036982
54 0.857668 0.373521 0.061975 0.039941
54 0.923319 0.374260 0.058824 0.038462
