28 0.53046875 0.6734375 0.06171875 0.0625
51 0.7546875 0.33359375 0.0296875 0.03515625
52 0.11328125 0.49296875 0.13671875 0.01328125
53 0.183824 0.660503 0.161765 0.087278
53 0.294118 0.650148 0.027311 0.063609
53 0.096639 0.436391 0.165966 0.088757
53 0.178571 0.236686 0.149160 0.085799
53 0.880777 0.434911 0.206933 0.097633
53 0.819853 0.235947 0.146008 0.087278
53 0.818277 0.661243 0.151261 0.088757
53 0.528361 0.751479 0.144958 0.085799
54 0.759979 0.597633 0.061975 0.038462
54 0.825105 0.596154 0.059874 0.038462
54 0.082458 0.370562 0.059874 0.036982
54 0.147059 0.372041 0.058824 0.036982
54 0.170693 0.173077 0.061975 0.038462
54 0.238445 0.173817 0.060924 0.039941
23 0.362920 0.414941 0.061975 0.119822
10 0.429622 0.415680 0.058824 0.121302
32 0.499475 0.416420 0.061975 0.122781
45 0.464811 0.673077 0.061975 0.065089
