46 0.43515625 0.4109375 0.06328125 0.11796875
28 0.534375 0.66796875 0.06171875 0.0609375
52 0.12421875 0.48671875 0.13984375 0.01328125
51 0.4078125 0.63359375 0.0296875 0.034375
50 0.471875 0.6671875 0.06171875 0.0609375
53 0.124475 0.431213 0.204832 0.096154
53 0.212710 0.650888 0.202731 0.091716
53 0.530462 0.743343 0.147059 0.084320
53 0.820903 0.653846 0.143908 0.085799
53 0.880252 0.429734 0.203782 0.096154
53 0.814601 0.232249 0.156513 0.085799
53 0.478466 0.167160 0.150210 0.085799
53 0.585609 0.183432 0.036765 0.059172
36 0.368172 0.410503 0.059874 0.119822
27 0.502101 0.411243 0.060924 0.121302
54 0.091387 0.367604 0.060924 0.036982
54 0.155987 0.367604 0.059874 0.036982
