51 0.278125 0.328125 0.0296875 0.03671875
53 0.207983 0.240385 0.205882 0.093195
53 0.117122 0.437870 0.206933 0.097633
53 0.207458 0.665680 0.206933 0.097633
53 0.531513 0.758136 0.149160 0.087278
53 0.825630 0.667899 0.151261 0.087278
53 0.919118 0.438609 0.147059 0.087278
53 0.826155 0.237426 0.150210 0.087278
53 0.479517 0.169379 0.154412 0.087278
54 0.470588 0.105030 0.063025 0.038462
54 0.536239 0.105769 0.061975 0.039941
54 0.767332 0.173077 0.059874 0.038462
54 0.832983 0.173077 0.060924 0.038462
19 0.433298 0.420118 0.059874 0.127219
15 0.502626 0.418639 0.061975 0.127219
25 0.470063 0.681213 0.059874 0.063609
18 0.536239 0.679734 0.064076 0.060651
23 0.365546 0.419379 0.060924 0.125740
