51 0.31640625 0.596875 0.0296875 0.0328125
52 0.49921875 0.2234375 0.12421875 0.01328125
53 0.533088 0.742604 0.146008 0.085799
53 0.215861 0.653107 0.202731 0.096154
53 0.127626 0.430473 0.202731 0.094675
53 0.188550 0.234467 0.148109 0.084320
53 0.477941 0.166420 0.144958 0.087278
53 0.820528 0.233728 0.153061 0.085799
53 0.883929 0.429734 0.202731 0.096154
53 0.821429 0.653846 0.151261 0.085799
54 0.851891 0.366864 0.060924 0.035503
54 0.917017 0.367604 0.058824 0.036982
54 0.828782 0.589497 0.058824 0.036982
54 0.765231 0.590237 0.061975 0.038462
54 0.247374 0.590237 0.059874 0.038462
54 0.183298 0.589497 0.059874 0.036982
54 0.094013 0.367604 0.061975 0.036982
54 0.159139 0.367604 0.061975 0.036982
54 0.182773 0.170858 0.060924 0.036982
54 0.247374 0.171598 0.059874 0.038462
54 0.474265 0.103550 0.059874 0.038462
54 0.538866 0.104290 0.058824 0.039941
54 0.764706 0.170118 0.060924 0.038462
54 0.828782 0.169379 0.058824 0.036982
45 0.474265 0.667160 0.059874 0.062130
4 0.537815 0.665680 0.058824 0.059172
