51 0.31328125 0.596875 0.0296875 0.0328125
37 0.47109375 0.66796875 0.06171875 0.0609375
31 0.534664 0.665680 0.060924 0.059172
54 0.179097 0.589497 0.059874 0.036982
54 0.244223 0.590237 0.059874 0.038462
54 0.090861 0.367604 0.061975 0.036982
54 0.155987 0.369083 0.059874 0.036982
54 0.180147 0.170858 0.059874 0.036982
54 0.244223 0.171598 0.059874 0.038462
54 0.761029 0.170118 0.061975 0.038462
54 0.825630 0.170118 0.058824 0.038462
54 0.825630 0.589497 0.058824 0.036982
54 0.761555 0.590237 0.060924 0.038462
53 0.821429 0.653846 0.142857 0.085799
53 0.880252 0.430473 0.203782 0.094675
53 0.495273 0.170858 0.185924 0.090237
53 0.792542 0.230769 0.202731 0.091716
53 0.294118 0.252959 0.039916 0.059172
53 0.184349 0.234467 0.148109 0.084320
53 0.121849 0.432692 0.197479 0.090237
53 0.212185 0.650148 0.203782 0.102071
53 0.530462 0.743343 0.147059 0.084320
