51 0.5421875 0.27265625 0.0296875 0.03515625
52 0.4984375 0.80390625 0.13984375 0.01328125
54 0.171744 0.595414 0.059874 0.036982
54 0.236345 0.596154 0.060924 0.038462
54 0.081408 0.370562 0.059874 0.036982
54 0.146534 0.371302 0.061975 0.038462
54 0.170693 0.172337 0.059874 0.036982
54 0.235819 0.173817 0.059874 0.039941
54 0.464811 0.104290 0.061975 0.036982
54 0.529937 0.105030 0.059874 0.038462
54 0.758929 0.171598 0.059874 0.038462
54 0.823004 0.172337 0.059874 0.036982
54 0.847689 0.371302 0.063025 0.038462
54 0.912290 0.370562 0.059874 0.036982
53 0.526261 0.750000 0.151261 0.085799
53 0.789916 0.660503 0.205882 0.096154
53 0.908088 0.434911 0.148109 0.085799
53 0.818277 0.235207 0.147059 0.085799
53 0.478466 0.169379 0.164916 0.087278
53 0.176471 0.236686 0.149160 0.085799
53 0.200105 0.451923 0.038866 0.060651
53 0.101366 0.433432 0.175420 0.088757
53 0.205357 0.660503 0.204832 0.099112
39 0.463761 0.673817 0.057773 0.057692
17 0.528361 0.673817 0.063025 0.063609
