55 0.42890625 0.41015625 0.0609375 0.1171875
51 0.6796875 0.590625 0.028125 0.034375
52 0.1125 0.48671875 0.13046875 0.01328125
53 0.091387 0.430473 0.149160 0.085799
53 0.206408 0.653107 0.202731 0.096154
53 0.523634 0.741864 0.146008 0.087278
53 0.786239 0.653107 0.202731 0.096154
53 0.898109 0.429734 0.155462 0.087278
53 0.484769 0.165680 0.177521 0.094675
53 0.582458 0.176775 0.032563 0.060651
53 0.206933 0.234467 0.201681 0.096154
54 0.086134 0.367604 0.058824 0.036982
54 0.149685 0.368343 0.059874 0.035503
54 0.755777 0.590237 0.059874 0.038462
54 0.819328 0.589497 0.058824 0.036982
14 0.360819 0.410503 0.057773 0.119822
12 0.495798 0.412722 0.060924 0.124260
