51 0.20234375 0.4890625 0.0296875 0.03671875
52 0.49921875 0.80859375 0.13984375 0.01328125
54 0.850840 0.506657 0.063025 0.036982
54 0.916492 0.507396 0.059874 0.035503
54 0.147584 0.507396 0.059874 0.038462
54 0.082983 0.506657 0.060924 0.036982
54 0.146534 0.201183 0.127101 0.038462
54 0.467437 0.104290 0.060924 0.036982
54 0.530987 0.106509 0.061975 0.041420
53 0.115546 0.571006 0.205882 0.097633
53 0.527836 0.752219 0.150210 0.087278
53 0.120273 0.264793 0.150210 0.085799
53 0.472164 0.169379 0.148109 0.087278
53 0.850840 0.265533 0.205882 0.090237
53 0.912290 0.571746 0.146008 0.087278
30 0.466387 0.677515 0.063025 0.062130
2 0.531513 0.676036 0.060924 0.059172
