51 0.684375 0.5984375 0.028125 0.0328125
6 0.53046875 0.6765625 0.06015625 0.0625
54 0.170693 0.596893 0.059874 0.036982
54 0.235819 0.598373 0.057773 0.036982
54 0.760504 0.170858 0.060924 0.036982
54 0.825105 0.170858 0.059874 0.039941
54 0.849790 0.375740 0.060924 0.044379
54 0.914916 0.372041 0.058824 0.036982
54 0.825630 0.596893 0.058824 0.036982
54 0.760504 0.597633 0.060924 0.038462
53 0.498424 0.168639 0.206933 0.100592
53 0.178046 0.240385 0.152311 0.093195
53 0.113971 0.433432 0.204832 0.091716
53 0.175420 0.661982 0.147059 0.087278
53 0.527836 0.752219 0.148109 0.087278
53 0.820903 0.661982 0.143908 0.087278
53 0.910714 0.436391 0.144958 0.085799
53 0.820903 0.236686 0.143908 0.085799
49 0.465336 0.676775 0.060924 0.063609
