52 0.7953125 0.29453125 0.1375 0.01640625
51 0.3078125 0.60625 0.0296875 0.03515625
53 0.296744 0.014053 0.030462 0.013314
53 0.116071 0.435651 0.202731 0.096154
53 0.206408 0.660503 0.206933 0.090237
53 0.529412 0.752219 0.147059 0.087278
53 0.813550 0.662722 0.162815 0.085799
53 0.910189 0.436391 0.150210 0.085799
53 0.819853 0.235947 0.152311 0.087278
53 0.500000 0.167899 0.203782 0.096154
53 0.206408 0.236686 0.204832 0.097633
54 0.761555 0.598373 0.060924 0.039941
54 0.826681 0.597633 0.060924 0.038462
54 0.850840 0.373521 0.060924 0.036982
54 0.915966 0.372041 0.060924 0.036982
54 0.826681 0.171598 0.060924 0.038462
54 0.761029 0.171598 0.061975 0.038462
54 0.236870 0.173817 0.059874 0.039941
54 0.170693 0.173077 0.059874 0.038462
54 0.147584 0.372781 0.059874 0.038462
54 0.082983 0.372041 0.060924 0.036982
54 0.170693 0.598373 0.059874 0.036982
54 0.236345 0.598373 0.060924 0.039941
29 0.467437 0.676036 0.060924 0.059172
17 0.530987 0.676775 0.059874 0.057692
