46 0.5734375 0.41953125 0.06328125 0.12109375
52 0.80078125 0.72265625 0.140625 0.01328125
51 0.76171875 0.3359375 0.0296875 0.03515625
38 0.434375 0.41953125 0.06484375 0.12265625
53 0.180672 0.238166 0.151261 0.085799
53 0.118172 0.437870 0.206933 0.094675
53 0.207458 0.666420 0.206933 0.099112
53 0.518908 0.754438 0.174370 0.091716
53 0.412815 0.771450 0.025210 0.054734
53 0.825630 0.666420 0.155462 0.087278
53 0.919118 0.438609 0.147059 0.087278
53 0.819853 0.238166 0.164916 0.088757
53 0.721639 0.219675 0.046218 0.057692
53 0.479517 0.169379 0.158613 0.087278
53 0.596113 0.187130 0.024160 0.057692
54 0.084034 0.374260 0.060924 0.038462
54 0.150735 0.374260 0.061975 0.038462
54 0.766807 0.173077 0.060924 0.038462
54 0.832983 0.173077 0.060924 0.038462
54 0.766807 0.602811 0.060924 0.039941
54 0.832983 0.601331 0.060924 0.036982
10 0.365546 0.418639 0.063025 0.124260
39 0.502626 0.417160 0.061975 0.127219
4 0.640231 0.417899 0.061975 0.122781
