52 0.11484375 0.628125 0.13828125 0.01484375
32 0.43046875 0.41875 0.06484375 0.11953125
51 0.54453125 0.2734375 0.0296875 0.03671875
2 0.3625 0.4171875 0.0609375 0.11953125
43 0.53125 0.67578125 0.0609375 0.0609375
53 0.115546 0.571006 0.205882 0.097633
53 0.148634 0.265533 0.204832 0.090237
53 0.472689 0.167899 0.147059 0.084320
53 0.875000 0.264793 0.157563 0.085799
53 0.910189 0.571746 0.150210 0.084320
53 0.528361 0.753698 0.149160 0.087278
0 0.499475 0.417160 0.061975 0.127219
33 0.466912 0.676775 0.064076 0.063609
54 0.081933 0.506657 0.058824 0.036982
54 0.147584 0.507396 0.059874 0.038462
54 0.818803 0.201183 0.059874 0.038462
54 0.883929 0.201183 0.061975 0.038462
