51 0.6828125 0.59609375 0.0296875 0.0328125
53 0.527311 0.750000 0.149160 0.085799
53 0.181197 0.659024 0.156513 0.090237
53 0.085609 0.434911 0.148109 0.085799
53 0.204832 0.236686 0.203782 0.097633
53 0.471113 0.167160 0.152311 0.088757
53 0.790966 0.235947 0.203782 0.099112
53 0.904937 0.431213 0.154412 0.090237
53 0.814076 0.659024 0.155462 0.087278
54 0.758403 0.596154 0.060924 0.038462
54 0.823004 0.595414 0.059874 0.036982
54 0.848214 0.375000 0.061975 0.045858
54 0.912290 0.370562 0.059874 0.036982
54 0.823004 0.172337 0.059874 0.036982
54 0.758403 0.170858 0.060924 0.036982
54 0.497899 0.105030 0.128151 0.038462
54 0.081408 0.370562 0.061975 0.036982
54 0.146008 0.371302 0.060924 0.038462
54 0.171218 0.595414 0.060924 0.036982
54 0.236345 0.595414 0.060924 0.036982
21 0.529937 0.673077 0.059874 0.059172
31 0.463761 0.673077 0.064076 0.062130
