52 0.2078125 0.29453125 0.14609375 0.01484375
50 0.53125 0.6734375 0.06328125 0.0625
51 0.2765625 0.32578125 0.0296875 0.03515625
24 0.4984375 0.41640625 0.06171875 0.12109375
53 0.117122 0.434172 0.204832 0.096154
53 0.206408 0.660503 0.204832 0.099112
53 0.528887 0.745562 0.146008 0.094675
53 0.817752 0.660503 0.150210 0.087278
53 0.881303 0.433432 0.203782 0.094675
53 0.820903 0.235947 0.146008 0.087278
53 0.471113 0.168639 0.150210 0.085799
53 0.205882 0.236686 0.205882 0.097633
54 0.173319 0.173077 0.060924 0.038462
54 0.237920 0.173077 0.059874 0.038462
54 0.465861 0.105030 0.061975 0.035503
54 0.530462 0.105030 0.060924 0.038462
54 0.759979 0.172337 0.061975 0.039941
54 0.824055 0.171598 0.061975 0.038462
33 0.431197 0.415680 0.061975 0.121302
45 0.464811 0.673817 0.064076 0.063609
10 0.361870 0.414941 0.059874 0.122781
