51 0.28203125 0.32265625 0.0296875 0.03515625
28 0.5015625 0.409375 0.06171875 0.1171875
17 0.36875 0.4109375 0.0609375 0.11796875
53 0.527836 0.744083 0.152311 0.088757
53 0.214811 0.652367 0.204832 0.100592
53 0.127101 0.430473 0.205882 0.094675
53 0.212185 0.234467 0.203782 0.096154
53 0.478992 0.167160 0.149160 0.085799
53 0.589286 0.184172 0.031513 0.057692
53 0.818277 0.232988 0.151261 0.087278
53 0.907038 0.429734 0.148109 0.087278
53 0.819853 0.653107 0.143908 0.084320
54 0.761555 0.170118 0.060924 0.038462
54 0.825630 0.169379 0.058824 0.036982
4 0.434874 0.409763 0.060924 0.118343
14 0.470588 0.667160 0.058824 0.062130
10 0.533613 0.665680 0.060924 0.059172
