51 0.20234375 0.4890625 0.0296875 0.03671875
55 0.5328125 0.67578125 0.05859375 0.0609375
52 0.5 0.80859375 0.13828125 0.01328125
28 0.36328125 0.41640625 0.06328125 0.11953125
9 0.56796875 0.41796875 0.06328125 0.12421875
35 0.4671875 0.675 0.06484375 0.0625
53 0.115546 0.571746 0.205882 0.096154
53 0.125525 0.264053 0.160714 0.087278
53 0.472164 0.167899 0.146008 0.084320
53 0.850315 0.265533 0.206933 0.090237
53 0.910189 0.571746 0.148109 0.087278
53 0.528887 0.752959 0.148109 0.085799
54 0.114496 0.200444 0.060924 0.036982
54 0.179622 0.201923 0.063025 0.039941
54 0.466912 0.105030 0.061975 0.038462
54 0.530987 0.105769 0.059874 0.039941
54 0.082458 0.506657 0.059874 0.036982
54 0.147059 0.507396 0.058824 0.038462
54 0.850315 0.508136 0.061975 0.039941
54 0.916492 0.507396 0.059874 0.035503
41 0.430672 0.414941 0.060924 0.119822
15 0.497899 0.419379 0.063025 0.128698
29 0.636029 0.414941 0.057773 0.119822
