38 0.43203125 0.4171875 0.0640625 0.12109375
51 0.7921875 0.35546875 0.0296875 0.03515625
46 0.63671875 0.41640625 0.06328125 0.11796875
27 0.53203125 0.675 0.0609375 0.0609375
52 0.50078125 0.8078125 0.13984375 0.01484375
40 0.46796875 0.675 0.06328125 0.0625
53 0.116597 0.571006 0.205882 0.097633
53 0.130777 0.264053 0.169118 0.087278
53 0.472689 0.167899 0.149160 0.084320
53 0.880252 0.264793 0.147059 0.085799
53 0.912815 0.571006 0.147059 0.088757
53 0.530462 0.752219 0.147059 0.087278
54 0.819328 0.200444 0.063025 0.039941
54 0.884979 0.200444 0.059874 0.036982
7 0.363445 0.414941 0.060924 0.119822
8 0.568277 0.417160 0.060924 0.118343
37 0.499475 0.414201 0.059874 0.124260
