51 0.30546875 0.603125 0.028125 0.034375
52 0.2015625 0.71484375 0.1375 0.01484375
24 0.528125 0.67265625 0.06015625 0.0625
28 0.56328125 0.4140625 0.06171875 0.11953125
41 0.42890625 0.41484375 0.06171875 0.12109375
53 0.524160 0.748521 0.147059 0.085799
53 0.787290 0.657544 0.204832 0.096154
53 0.905462 0.433432 0.144958 0.085799
53 0.788340 0.235207 0.202731 0.097633
53 0.498950 0.167160 0.205882 0.097633
53 0.175945 0.236686 0.150210 0.085799
53 0.291492 0.254438 0.030462 0.053254
53 0.115021 0.433432 0.204832 0.094675
53 0.177521 0.660503 0.149160 0.090237
54 0.235819 0.173077 0.059874 0.038462
54 0.169643 0.172337 0.059874 0.036982
54 0.080882 0.369822 0.060924 0.035503
54 0.146008 0.369822 0.060924 0.038462
54 0.169643 0.593935 0.059874 0.036982
54 0.235819 0.594675 0.059874 0.038462
30 0.360294 0.414201 0.060924 0.118343
47 0.496849 0.413462 0.063025 0.119822
36 0.464811 0.672337 0.061975 0.066568
