52 0.20234375 0.29375 0.13828125 0.01484375
51 0.540625 0.27265625 0.0296875 0.03515625
45 0.36015625 0.4140625 0.06328125 0.11953125
27 0.528125 0.67265625 0.06015625 0.0625
35 0.4640625 0.67265625 0.0640625 0.0625
53 0.175945 0.236686 0.148109 0.085799
53 0.115021 0.432692 0.204832 0.096154
53 0.179622 0.659763 0.155462 0.088757
53 0.521534 0.747041 0.150210 0.088757
53 0.787290 0.657544 0.204832 0.096154
53 0.904937 0.433432 0.146008 0.085799
53 0.787815 0.235207 0.203782 0.097633
53 0.497374 0.167160 0.204832 0.097633
54 0.169643 0.172337 0.059874 0.036982
54 0.235819 0.173077 0.059874 0.038462
54 0.463761 0.103550 0.061975 0.038462
54 0.528361 0.105030 0.058824 0.038462
54 0.756303 0.171598 0.060924 0.038462
54 0.821954 0.170858 0.059874 0.036982
30 0.427521 0.414941 0.058824 0.122781
37 0.496324 0.413462 0.061975 0.119822
