51 0.76171875 0.33515625 0.0296875 0.03671875
46 0.434375 0.4203125 0.06484375 0.12265625
53 0.477941 0.169379 0.155462 0.087278
53 0.207983 0.241864 0.205882 0.093195
53 0.090336 0.438609 0.151261 0.084320
53 0.207458 0.667160 0.206933 0.097633
53 0.530987 0.756657 0.150210 0.087278
53 0.823529 0.669379 0.159664 0.096154
53 0.918592 0.439349 0.148109 0.085799
53 0.823004 0.238166 0.158613 0.088757
54 0.766807 0.173077 0.060924 0.038462
54 0.832983 0.172337 0.060924 0.036982
54 0.923319 0.374260 0.058824 0.038462
54 0.857668 0.373521 0.061975 0.039941
30 0.365021 0.417899 0.057773 0.119822
19 0.502626 0.418639 0.059874 0.127219
44 0.574055 0.418639 0.061975 0.121302
32 0.470063 0.679734 0.059874 0.063609
39 0.536239 0.680473 0.061975 0.065089
