51 0.7921875 0.35546875 0.0296875 0.03671875
46 0.4671875 0.67578125 0.06328125 0.0625
38 0.36328125 0.41640625 0.06328125 0.11953125
52 0.5 0.80859375 0.13984375 0.01328125
22 0.43046875 0.4171875 0.06328125 0.11953125
25 0.4984375 0.415625 0.0609375 0.11796875
53 0.115546 0.571006 0.205882 0.097633
53 0.528887 0.752959 0.146008 0.085799
53 0.910714 0.572485 0.149160 0.085799
53 0.872374 0.266272 0.160714 0.088757
53 0.472689 0.167899 0.149160 0.084320
53 0.123424 0.264793 0.156513 0.085799
54 0.082458 0.506657 0.059874 0.036982
54 0.147584 0.507396 0.059874 0.038462
54 0.467437 0.105030 0.060924 0.038462
54 0.530987 0.105769 0.059874 0.039941
21 0.530987 0.676775 0.061975 0.060651
