51 0.7921875 0.3546875 0.0296875 0.03515625
52 0.5 0.2265625 0.13984375 0.01484375
53 0.117122 0.571006 0.204832 0.097633
53 0.130252 0.261834 0.168067 0.091716
53 0.471639 0.169379 0.144958 0.087278
53 0.850315 0.264793 0.206933 0.097633
53 0.912815 0.571006 0.147059 0.088757
53 0.529412 0.752219 0.149160 0.087278
54 0.467962 0.105030 0.059874 0.038462
54 0.532038 0.106509 0.061975 0.041420
25 0.363445 0.415680 0.060924 0.121302
4 0.431197 0.414941 0.059874 0.119822
24 0.500525 0.417160 0.064076 0.124260
11 0.567752 0.417899 0.061975 0.125740
38 0.467437 0.676036 0.063025 0.062130
5 0.530987 0.676036 0.059874 0.062130
