51 0.68359375 0.59609375 0.0296875 0.0328125
52 0.2 0.715625 0.13359375 0.01484375
50 0.5296875 0.6734375 0.06171875 0.0625
53 0.175420 0.659763 0.147059 0.085799
53 0.116071 0.434172 0.206933 0.096154
53 0.178571 0.235947 0.151261 0.090237
53 0.498950 0.165680 0.205882 0.091716
53 0.817227 0.235947 0.151261 0.087278
53 0.879202 0.431213 0.205882 0.093195
53 0.814076 0.659763 0.155462 0.085799
53 0.528361 0.750740 0.147059 0.084320
54 0.170693 0.172337 0.059874 0.036982
54 0.236345 0.173817 0.060924 0.039941
54 0.171218 0.596154 0.060924 0.038462
54 0.236870 0.596154 0.059874 0.038462
11 0.360819 0.414941 0.059874 0.122781
8 0.429622 0.416420 0.060924 0.122781
21 0.497899 0.415680 0.063025 0.124260
40 0.464811 0.675296 0.055672 0.060651
