55 0.56328125 0.41015625 0.0609375 0.1171875
51 0.79375 0.50390625 0.0296875 0.03671875
53 0.178046 0.233728 0.146008 0.085799
53 0.497374 0.167899 0.202731 0.090237
53 0.812500 0.233728 0.150210 0.085799
53 0.901786 0.429734 0.146008 0.087278
53 0.813025 0.653846 0.147059 0.085799
53 0.525210 0.743343 0.144958 0.084320
53 0.206408 0.653846 0.202731 0.097633
53 0.118697 0.428994 0.201681 0.094675
54 0.755252 0.170858 0.060924 0.039941
54 0.818803 0.169379 0.059874 0.036982
54 0.755777 0.590237 0.059874 0.038462
54 0.819328 0.589497 0.058824 0.036982
21 0.496324 0.411243 0.059874 0.127219
16 0.428046 0.411243 0.057773 0.118343
14 0.360819 0.410503 0.057773 0.119822
26 0.527836 0.666420 0.059874 0.060651
39 0.464811 0.668639 0.059874 0.059172
