51 0.68984375 0.60234375 0.0296875 0.03515625
52 0.20703125 0.72265625 0.14375 0.01640625
43 0.365625 0.41953125 0.0640625 0.12109375
54 0.173319 0.601331 0.060924 0.036982
54 0.239209 0.595414 0.060924 0.051775
48 0.464811 0.680473 0.070378 0.062130
26 0.536239 0.682692 0.059874 0.060651
16 0.433298 0.417899 0.059874 0.125740
36 0.503151 0.418639 0.060924 0.124260
41 0.574055 0.418639 0.061975 0.121302
53 0.178571 0.665680 0.151261 0.085799
53 0.090336 0.438609 0.151261 0.084320
53 0.504727 0.168639 0.206933 0.097633
53 0.827206 0.236686 0.150210 0.085799
53 0.889181 0.438609 0.206933 0.099112
53 0.818803 0.665680 0.164916 0.091716
53 0.531513 0.756657 0.149160 0.087278
