51 0.8 0.5046875 0.0296875 0.03671875
53 0.212710 0.652367 0.202731 0.097633
53 0.530462 0.742604 0.147059 0.085799
53 0.819328 0.653846 0.149160 0.085799
53 0.880252 0.429734 0.203782 0.096154
53 0.810399 0.231509 0.167017 0.090237
53 0.706408 0.224112 0.034664 0.078402
53 0.478466 0.167160 0.150210 0.085799
53 0.589286 0.182692 0.031513 0.060651
53 0.183298 0.235207 0.146008 0.085799
53 0.125000 0.430473 0.203782 0.094675
54 0.180147 0.170858 0.059874 0.036982
54 0.244223 0.172337 0.059874 0.039941
54 0.761029 0.590237 0.061975 0.038462
54 0.825630 0.590237 0.058824 0.038462
2 0.367122 0.409763 0.061975 0.121302
6 0.434349 0.410503 0.059874 0.125740
39 0.502101 0.411982 0.060924 0.122781
32 0.470588 0.667899 0.058824 0.060651
29 0.534664 0.665680 0.060924 0.059172
