51 0.79140625 0.3546875 0.0296875 0.03671875
52 0.88359375 0.62734375 0.13671875 0.01328125
10 0.4671875 0.67578125 0.0609375 0.0625
53 0.500000 0.168639 0.205882 0.097633
53 0.878676 0.264053 0.148109 0.087278
53 0.908088 0.571006 0.154412 0.085799
53 0.528887 0.752959 0.146008 0.085799
53 0.104517 0.569527 0.183824 0.088757
53 0.205882 0.572485 0.023109 0.065089
53 0.119748 0.264793 0.149160 0.085799
54 0.849790 0.506657 0.063025 0.036982
54 0.915966 0.506657 0.060924 0.036982
54 0.114496 0.201183 0.060924 0.038462
54 0.179097 0.200444 0.064076 0.039941
7 0.530987 0.675296 0.059874 0.060651
