24 0.534375 0.66796875 0.0609375 0.0609375
51 0.31328125 0.596875 0.0296875 0.034375
52 0.2109375 0.29140625 0.13671875 0.01484375
53 0.186975 0.235207 0.151261 0.085799
53 0.124475 0.430473 0.202731 0.094675
53 0.212710 0.652367 0.202731 0.097633
53 0.530987 0.742604 0.146008 0.085799
53 0.820378 0.653107 0.142857 0.087278
53 0.880252 0.429734 0.203782 0.096154
53 0.792017 0.233728 0.203782 0.097633
53 0.476366 0.165680 0.146008 0.082840
18 0.367122 0.411243 0.061975 0.124260
26 0.470063 0.667160 0.059874 0.062130
23 0.435924 0.410503 0.060924 0.119822
15 0.502101 0.411982 0.058824 0.122781
54 0.761555 0.590237 0.060924 0.038462
54 0.825630 0.590237 0.058824 0.038462
54 0.091387 0.367604 0.063025 0.036982
54 0.155987 0.367604 0.059874 0.036982
54 0.179622 0.170858 0.058824 0.036982
54 0.244223 0.172337 0.059874 0.039941
