51 0.7984375 0.5109375 0.028125 0.03515625
53 0.528361 0.753698 0.147059 0.087278
53 0.818277 0.664201 0.147059 0.085799
53 0.905987 0.437870 0.152311 0.085799
53 0.804097 0.235947 0.177521 0.093195
53 0.498950 0.170858 0.205882 0.096154
53 0.179097 0.238905 0.150210 0.084320
53 0.286765 0.213757 0.037815 0.042899
53 0.116071 0.436391 0.204832 0.094675
53 0.204832 0.663462 0.205882 0.099112
9 0.464286 0.677515 0.063025 0.062130
6 0.530987 0.678254 0.059874 0.060651
14 0.759979 0.585799 0.059874 0.059172
36 0.823004 0.586538 0.061975 0.060651
23 0.361345 0.417899 0.060924 0.122781
2 0.426471 0.417160 0.063025 0.121302
32 0.498424 0.416420 0.064076 0.119822
12 0.565126 0.417899 0.058824 0.119822
31 0.633403 0.420118 0.058824 0.118343
