51 0.7921875 0.35546875 0.0296875 0.03671875
52 0.11640625 0.628125 0.134375 0.01484375
53 0.482143 0.164201 0.168067 0.094675
53 0.125525 0.264053 0.160714 0.087278
53 0.086660 0.571006 0.148109 0.085799
53 0.203782 0.590237 0.025210 0.053254
53 0.528887 0.752959 0.146008 0.085799
53 0.912815 0.572485 0.144958 0.088757
53 0.875000 0.264793 0.157563 0.085799
11 0.530987 0.676036 0.059874 0.059172
41 0.466912 0.676775 0.064076 0.063609
54 0.082458 0.506657 0.059874 0.036982
54 0.147584 0.507396 0.059874 0.038462
54 0.114496 0.201183 0.060924 0.038462
54 0.179622 0.201923 0.063025 0.039941
54 0.467437 0.105030 0.060924 0.038462
54 0.530987 0.105769 0.059874 0.039941
54 0.818803 0.201183 0.059874 0.038462
54 0.883929 0.201183 0.061975 0.038462
54 0.916492 0.507396 0.059874 0.035503
54 0.850315 0.506657 0.061975 0.036982
