51 0.30078125 0.32265625 0.03046875 0.03515625
54 0.779937 0.170118 0.059874 0.038462
54 0.844013 0.169379 0.059874 0.036982
54 0.554097 0.103550 0.059874 0.038462
54 0.490021 0.103550 0.059874 0.038462
54 0.263130 0.171598 0.059874 0.038462
54 0.198004 0.170858 0.059874 0.036982
54 0.175420 0.368343 0.060924 0.038462
54 0.110294 0.367604 0.058824 0.036982
54 0.263130 0.590237 0.059874 0.038462
54 0.198529 0.590237 0.060924 0.038462
53 0.549895 0.742604 0.143908 0.085799
53 0.834559 0.652367 0.156513 0.088757
53 0.726366 0.637574 0.034664 0.059172
53 0.926996 0.430473 0.143908 0.085799
53 0.839286 0.232988 0.147059 0.087278
53 0.495273 0.167160 0.146008 0.085799
53 0.203782 0.234467 0.147059 0.084320
53 0.114496 0.430473 0.144958 0.085799
53 0.318803 0.657544 0.024160 0.063609
53 0.205882 0.653107 0.153361 0.084320
26 0.490021 0.667160 0.059874 0.062130
13 0.553691 0.667587 0.058585 0.060160
