46 0.53203125 0.6640625 0.06015625 0.059375
51 0.21875 0.36640625 0.0296875 0.03515625
52 0.878125 0.4859375 0.13828125 0.01328125
53 0.125525 0.426775 0.200630 0.090237
53 0.212185 0.653107 0.201681 0.102071
53 0.528887 0.740385 0.146008 0.084320
53 0.816176 0.650888 0.144958 0.085799
53 0.905462 0.430473 0.144958 0.085799
53 0.792017 0.231509 0.193277 0.090237
53 0.474265 0.166420 0.148109 0.084320
53 0.186975 0.234467 0.149160 0.084320
54 0.467962 0.105030 0.059874 0.035503
54 0.532038 0.105030 0.059874 0.038462
54 0.845063 0.366864 0.059874 0.038462
54 0.909139 0.366864 0.059874 0.038462
5 0.365546 0.407544 0.058824 0.119822
1 0.432773 0.410503 0.058824 0.119822
34 0.499475 0.416420 0.059874 0.137574
14 0.566702 0.411243 0.057773 0.121302
41 0.469013 0.664941 0.059874 0.060651
