51 0.31328125 0.596875 0.028125 0.0328125
52 0.4765625 0.2234375 0.08515625 0.01328125
54 0.179622 0.589497 0.058824 0.036982
54 0.244748 0.590237 0.060924 0.038462
54 0.090861 0.367604 0.061975 0.036982
54 0.155987 0.368343 0.059874 0.038462
54 0.180147 0.170858 0.059874 0.036982
54 0.471113 0.103550 0.057773 0.038462
54 0.534664 0.104290 0.060924 0.039941
54 0.244223 0.171598 0.059874 0.038462
54 0.760504 0.169379 0.060924 0.036982
54 0.825105 0.169379 0.057773 0.036982
54 0.849790 0.368343 0.060924 0.038462
54 0.913340 0.366864 0.059874 0.035503
54 0.825630 0.590237 0.058824 0.038462
54 0.761029 0.590237 0.061975 0.038462
8 0.534664 0.665680 0.058824 0.059172
10 0.470588 0.670118 0.058824 0.068047
53 0.530462 0.742604 0.147059 0.085799
53 0.814601 0.230769 0.156513 0.088757
53 0.794118 0.430473 0.033613 0.079882
53 0.896008 0.412722 0.172269 0.121302
53 0.819853 0.653846 0.146008 0.085799
53 0.587185 0.183432 0.035714 0.059172
53 0.478466 0.165680 0.152311 0.088757
53 0.093487 0.431213 0.140756 0.087278
53 0.186450 0.652367 0.152311 0.085799
53 0.184349 0.233728 0.146008 0.082840
