51 0.74921875 0.3296875 0.0296875 0.03671875
54 0.173319 0.170858 0.060924 0.036982
54 0.238445 0.171598 0.058824 0.038462
54 0.086134 0.367604 0.058824 0.036982
54 0.149685 0.369083 0.059874 0.039941
54 0.173319 0.589497 0.060924 0.036982
54 0.237920 0.590237 0.059874 0.038462
54 0.754727 0.590237 0.061975 0.038462
54 0.819328 0.589497 0.058824 0.036982
54 0.842962 0.369083 0.059874 0.036982
54 0.907563 0.367604 0.058824 0.036982
54 0.754727 0.171598 0.059874 0.038462
54 0.818803 0.169379 0.059874 0.036982
54 0.529412 0.104290 0.058824 0.039941
54 0.463761 0.103550 0.059874 0.038462
53 0.470588 0.166420 0.147059 0.084320
53 0.814076 0.232988 0.144958 0.084320
53 0.904412 0.430473 0.142857 0.085799
53 0.814076 0.653846 0.144958 0.085799
53 0.521008 0.742604 0.151261 0.082840
53 0.293067 0.646450 0.029412 0.076923
53 0.183824 0.654586 0.157563 0.087278
53 0.178046 0.233728 0.141807 0.082840
53 0.090861 0.429734 0.148109 0.087278
39 0.465861 0.668639 0.061975 0.059172
27 0.529412 0.667160 0.058824 0.062130
