46 0.36171875 0.415625 0.06328125 0.11953125
51 0.68359375 0.59609375 0.0296875 0.03125
52 0.49609375 0.80546875 0.13359375 0.01484375
53 0.086660 0.434911 0.150210 0.085799
53 0.204307 0.236686 0.204832 0.097633
53 0.498950 0.168639 0.205882 0.097633
53 0.813550 0.234467 0.156513 0.087278
53 0.907563 0.434911 0.149160 0.085799
53 0.805672 0.659763 0.174370 0.088757
53 0.525735 0.751479 0.150210 0.085799
53 0.177521 0.659763 0.149160 0.085799
54 0.081408 0.371302 0.059874 0.035503
54 0.146008 0.371302 0.060924 0.038462
54 0.171218 0.595414 0.060924 0.036982
54 0.236345 0.596154 0.060924 0.038462
54 0.758929 0.596893 0.059874 0.036982
54 0.824055 0.596893 0.059874 0.036982
2 0.429097 0.424556 0.059874 0.142012
40 0.497899 0.414201 0.060924 0.121302
45 0.464811 0.673817 0.059874 0.063609
19 0.530462 0.673817 0.058824 0.060651
