51 0.21015625 0.36875 0.028125 0.034375
52 0.87890625 0.49140625 0.13515625 0.01484375
54 0.756828 0.595414 0.061975 0.039941
54 0.821429 0.593935 0.060924 0.036982
54 0.844538 0.371302 0.060924 0.041420
54 0.910189 0.370562 0.061975 0.036982
54 0.528361 0.104290 0.058824 0.039941
54 0.463761 0.103550 0.061975 0.038462
54 0.235819 0.173077 0.059874 0.038462
54 0.169643 0.172337 0.059874 0.036982
54 0.146008 0.369822 0.058824 0.038462
54 0.080882 0.369822 0.060924 0.035503
54 0.170168 0.593935 0.060924 0.036982
54 0.235819 0.594675 0.059874 0.038462
43 0.463761 0.673077 0.064076 0.065089
11 0.528887 0.672337 0.059874 0.060651
53 0.175945 0.659024 0.148109 0.087278
53 0.524685 0.747781 0.146008 0.087278
53 0.812500 0.658284 0.152311 0.085799
53 0.904937 0.433432 0.148109 0.088757
53 0.787815 0.235207 0.203782 0.097633
53 0.468487 0.168639 0.147059 0.085799
53 0.294118 0.251479 0.025210 0.047337
53 0.175420 0.236686 0.147059 0.085799
53 0.115021 0.433432 0.204832 0.094675
