51 0.76171875 0.3359375 0.0296875 0.03515625
46 0.4703125 0.6796875 0.06171875 0.059375
52 0.2078125 0.7234375 0.1453125 0.01640625
26 0.53515625 0.68046875 0.06171875 0.0609375
54 0.174370 0.173817 0.060924 0.036982
54 0.239496 0.174556 0.060924 0.038462
54 0.470063 0.104290 0.061975 0.036982
54 0.536765 0.105030 0.063025 0.041420
54 0.767332 0.173077 0.059874 0.038462
54 0.832983 0.173077 0.060924 0.038462
54 0.857668 0.374260 0.061975 0.038462
54 0.923319 0.374260 0.058824 0.038462
54 0.767332 0.603550 0.059874 0.041420
54 0.832458 0.601331 0.059874 0.036982
54 0.173845 0.602071 0.059874 0.035503
54 0.240021 0.602071 0.059874 0.038462
54 0.084034 0.374260 0.060924 0.038462
54 0.149685 0.374260 0.061975 0.038462
53 0.475315 0.169379 0.150210 0.087278
53 0.826155 0.237426 0.150210 0.087278
53 0.919118 0.439349 0.147059 0.085799
53 0.826681 0.667899 0.151261 0.090237
53 0.532563 0.758136 0.147059 0.087278
53 0.298845 0.659973 0.024160 0.073546
53 0.180147 0.666420 0.152311 0.087278
53 0.117122 0.438609 0.206933 0.096154
53 0.207458 0.238166 0.206933 0.097633
