53 0.528125 0.753125 0.146875 0.0859375
51 0.20234375 0.4890625 0.028125 0.034375
54 0.85 0.50703125 0.06171875 0.03828125
53 0.12109375 0.2625 0.1515625 0.0875
54 0.146875 0.50703125 0.0578125 0.03828125
54 0.0828125 0.50703125 0.06015625 0.03671875
53 0.85 0.2625 0.2046875 0.09609375
53 0.4703125 0.16875 0.1453125 0.0859375
53 0.115625 0.57265625 0.20625 0.09765625
53 0.9109375 0.571875 0.14921875 0.0875
54 0.915625 0.50703125 0.05859375 0.03515625
54 0.53046875 0.10625 0.0609375 0.04140625
54 0.14609375 0.2 0.128125 0.03828125
54 0.4671875 0.10390625 0.0609375 0.03671875
52 0.115625 0.62734375 0.14296875 0.01171875
42 0.46640625 0.67578125 0.0609375 0.0625
40 0.53046875 0.675 0.05859375 0.0609375