51 0.4109375 0.634375 0.02734375 0.03515625
54 0.4734375 0.103125 0.0578125 0.03671875
54 0.24609375 0.590625 0.06015625 0.03828125
53 0.88359375 0.428125 0.20234375 0.09296875
54 0.5375 0.1046875 0.05859375 0.04140625
54 0.24609375 0.171875 0.0578125 0.03828125
53 0.47734375 0.165625 0.14375 0.0859375
53 0.81953125 0.65390625 0.15 0.0859375
54 0.828125 0.58984375 0.06015625 0.03671875
53 0.82109375 0.2328125 0.14921875 0.084375
54 0.18203125 0.17109375 0.05859375 0.03671875
53 0.534375 0.74140625 0.1453125 0.0859375
54 0.76328125 0.590625 0.05859375 0.03828125
54 0.09375 0.36640625 0.06015625 0.03671875
54 0.76328125 0.1703125 0.05859375 0.03828125
54 0.828125 0.1703125 0.06015625 0.03828125
54 0.15859375 0.36640625 0.05859375 0.03671875
53 0.0984375 0.42890625 0.14609375 0.0859375
54 0.18203125 0.58984375 0.06015625 0.03671875
53 0.2 0.23515625 0.17109375 0.0890625
54 0.915625 0.36640625 0.05859375 0.03671875
52 0.20234375 0.29140625 0.1125 0.01171875
54 0.85234375 0.36640625 0.06015625 0.03671875
49 0.4734375 0.6671875 0.0578125 0.0625
53 0.19375 0.653125 0.1609375 0.0875
4 0.53671875 0.665625 0.05859375 0.059375
53 0.30078125 0.24609375 0.03046875 0.06640625