53 0.2109375 0.2359375 0.20390625 0.09921875
11 0.534375 0.66875 0.05859375 0.0625
54 0.534375 0.10390625 0.05859375 0.03515625
53 0.821875 0.234375 0.14375 0.084375
53 0.1828125 0.65546875 0.1453125 0.0859375
53 0.5328125 0.74375 0.14609375 0.0859375
54 0.47109375 0.103125 0.0578125 0.034375
54 0.1546875 0.36796875 0.0578125 0.03828125
53 0.47421875 0.16640625 0.1484375 0.0875
54 0.24375 0.17265625 0.05859375 0.03671875
53 0.9140625 0.43046875 0.1453125 0.0859375
53 0.12421875 0.43046875 0.2015625 0.09453125
54 0.17890625 0.590625 0.05859375 0.03671875
54 0.18046875 0.17265625 0.06015625 0.03671875
54 0.2421875 0.5921875 0.06015625 0.03671875
54 0.76328125 0.17109375 0.05859375 0.03671875
54 0.915625 0.36640625 0.05703125 0.03671875
54 0.090625 0.36640625 0.05859375 0.03671875
54 0.8515625 0.36796875 0.06015625 0.03828125
54 0.82734375 0.17109375 0.0578125 0.03671875
17 0.47109375 0.6703125 0.06015625 0.0625