15 0.36171875 0.409375 0.05859375 0.12109375
53 0.2078125 0.653125 0.20234375 0.09609375
53 0.52421875 0.74140625 0.14921875 0.0859375
51 0.27578125 0.32265625 0.028125 0.03515625
54 0.17421875 0.17109375 0.06015625 0.03671875
54 0.23828125 0.171875 0.05859375 0.03828125
53 0.4703125 0.165625 0.1453125 0.0859375
44 0.465625 0.6671875 0.0609375 0.0625
49 0.52890625 0.665625 0.06171875 0.059375
53 0.090625 0.42890625 0.15 0.0859375
54 0.0859375 0.36640625 0.05859375 0.03671875
54 0.15078125 0.36640625 0.06015625 0.03671875
53 0.19140625 0.234375 0.16796875 0.0875
53 0.7859375 0.653125 0.2015625 0.09609375
53 0.8953125 0.42890625 0.1609375 0.0890625
34 0.42890625 0.409375 0.06015625 0.11796875
52 0.11640625 0.4875 0.140625 0.01328125
31 0.49609375 0.4109375 0.06015625 0.12109375