55 0.5328125 0.67578125 0.0578125 0.059375
54 0.81796875 0.2 0.06171875 0.03828125
53 0.52890625 0.753125 0.1484375 0.0859375
53 0.4734375 0.16953125 0.1515625 0.0875
54 0.08125 0.50703125 0.0609375 0.03671875
54 0.88203125 0.19921875 0.0609375 0.03671875
53 0.115625 0.571875 0.20625 0.09609375
53 0.12265625 0.26328125 0.1546875 0.0859375
54 0.146875 0.50703125 0.0578125 0.03828125
53 0.91015625 0.571875 0.15 0.0875
52 0.49921875 0.80703125 0.13984375 0.01328125
54 0.11328125 0.19921875 0.0609375 0.03671875
54 0.17890625 0.20078125 0.06171875 0.03984375
51 0.215625 0.36171875 0.028125 0.034375
53 0.87734375 0.26328125 0.15 0.0859375
34 0.4671875 0.67578125 0.06328125 0.0625