53 0.52578125 0.7546875 0.1484375 0.0859375
43 0.4640625 0.67578125 0.06328125 0.0625
53 0.11484375 0.4375 0.20390625 0.09296875
54 0.23515625 0.59765625 0.0609375 0.03828125
54 0.75859375 0.17421875 0.0609375 0.03828125
54 0.1703125 0.59765625 0.06015625 0.03515625
53 0.4703125 0.171875 0.14921875 0.0859375
54 0.08125 0.37265625 0.06171875 0.03515625
53 0.20390625 0.66015625 0.20390625 0.09921875
54 0.82265625 0.17421875 0.06015625 0.03828125
51 0.4015625 0.64296875 0.028125 0.034375
54 0.75859375 0.5984375 0.05859375 0.03671875
54 0.5296875 0.1078125 0.06015625 0.03828125
54 0.9125 0.3734375 0.05859375 0.03671875
54 0.82265625 0.59765625 0.06015625 0.03515625
53 0.81796875 0.66171875 0.146875 0.0875
54 0.1453125 0.3734375 0.06015625 0.03671875
53 0.90859375 0.4375 0.146875 0.0875
53 0.8203125 0.23828125 0.1453125 0.0859375
54 0.846875 0.37578125 0.06171875 0.04140625
54 0.4640625 0.10703125 0.0609375 0.03671875
29 0.5296875 0.6765625 0.06171875 0.0609375
53 0.2046875 0.2390625 0.2046875 0.09296875