8 0.49609375 0.41328125 0.06015625 0.12265625
46 0.63359375 0.41484375 0.06328125 0.1171875
53 0.11484375 0.43203125 0.20703125 0.09765625
53 0.2046875 0.23671875 0.2046875 0.09765625
53 0.90703125 0.43359375 0.15 0.0859375
53 0.52578125 0.746875 0.1484375 0.0859375
53 0.18046875 0.6578125 0.159375 0.0875
53 0.81640625 0.23515625 0.1484375 0.0859375
54 0.75703125 0.171875 0.0609375 0.03828125
54 0.821875 0.171875 0.06015625 0.03828125
54 0.821875 0.59375 0.06015625 0.03671875
42 0.56484375 0.4140625 0.0609375 0.11796875
54 0.75703125 0.59453125 0.0609375 0.03828125
40 0.36015625 0.4140625 0.06328125 0.11796875
53 0.471875 0.16875 0.1546875 0.0859375
52 0.790625 0.29140625 0.140625 0.01171875
26 0.42890625 0.41484375 0.06015625 0.1171875
51 0.75234375 0.33203125 0.028125 0.034375
53 0.81640625 0.65859375 0.1515625 0.0890625