53 0.9 0.42890625 0.15 0.0859375
54 0.17265625 0.17109375 0.06015625 0.03671875
54 0.23671875 0.171875 0.05859375 0.03828125
53 0.17734375 0.234375 0.14375 0.084375
53 0.52265625 0.74140625 0.1484375 0.0859375
53 0.090625 0.42890625 0.146875 0.0859375
54 0.52890625 0.10234375 0.06015625 0.04140625
54 0.81796875 0.58984375 0.06015625 0.03671875
53 0.81328125 0.23359375 0.14921875 0.0859375
54 0.23671875 0.590625 0.05859375 0.03828125
54 0.7546875 0.1703125 0.06015625 0.03828125
54 0.17265625 0.58984375 0.06015625 0.03671875
54 0.7546875 0.58984375 0.06015625 0.03671875
54 0.4640625 0.103125 0.05859375 0.03671875
54 0.084375 0.36640625 0.05859375 0.03671875
53 0.17890625 0.653125 0.1484375 0.0875
53 0.4703125 0.165625 0.146875 0.0859375
54 0.81796875 0.16953125 0.06015625 0.03671875
54 0.1484375 0.3671875 0.0578125 0.03828125
53 0.69921875 0.6453125 0.028125 0.0765625
35 0.46328125 0.665625 0.0609375 0.059375
53 0.80703125 0.653125 0.1609375 0.090625
51 0.30703125 0.596875 0.028125 0.034375
0 0.528125 0.66484375 0.0578125 0.0578125
52 0.7859375 0.70703125 0.140625 0.01171875