51 0.540625 0.27109375 0.0296875 0.03515625
52 0.87578125 0.4859375 0.1375 0.01328125
3 0.56328125 0.41015625 0.06171875 0.1171875
53 0.2720588234375 0.6035502953125 0.2552521015625 0.6035502953125 0.25 0.60946745625 0.127100840625 0.6109467453125 0.1165966390625 0.6183431953125 0.1060924375 0.6390532546875 0.10504201718749999 0.661242603125 0.1113445375 0.6804733734374999 0.1218487390625 0.6923076921875 0.136554621875 0.6967455625000001 0.2552521015625 0.695266271875 0.28046218437500003 0.70118343125 0.30357142812500004 0.6819526625 0.307773109375 0.661242603125 0.30567226875000003 0.636094675 0.2993697484375 0.6198224859375 0.2930672265625 0.6109467453125 0.2720588234375 0.6035502953125
53 0.0178571421875 0.41568047343750003 0.0178571421875 0.4467455625 0.0378151265625 0.471893490625 0.1712184875 0.4704142015625 0.1628151265625 0.467455621875 0.15126050468750002 0.44230769218750005 0.152310925 0.42011834375 0.16176470625 0.406804734375 0.15966386562499998 0.3964497046875 0.1712184875 0.3875739640625 0.0430672265625 0.3875739640625 0.025210084375000004 0.39792899375 0.0178571421875 0.41568047343750003
53 0.10504201718749999 0.2455621296875 0.10924369687499999 0.2588757390625 0.127100840625 0.27662721874999996 0.2415966390625 0.27810650937500003 0.2510504203125 0.2721893484375 0.2394957984375 0.24704142031249998 0.2394957984375 0.2204142015625 0.2552521015625 0.190828403125 0.12920168125 0.1923076921875 0.11554621875 0.20118343125 0.1060924375 0.2204142015625 0.10504201718749999 0.2455621296875
53 0.4065126046875 0.13313609531249998 0.3970588234375 0.1508875734375 0.3970588234375 0.1804733734375 0.413865546875 0.2071005921875 0.527310925 0.210059171875 0.5514705875 0.2056213015625 0.5462184875 0.187869821875 0.5378151265625 0.1775147921875 0.538865546875 0.161242603125 0.532563025 0.15532544375 0.5357142859375 0.136094675 0.5462184875 0.1242603546875 0.4222689078125 0.1242603546875 0.4065126046875 0.13313609531249998
53 0.863445378125 0.190828403125 0.7363445375000001 0.190828403125 0.74054621875 0.221893490625 0.7373949578125 0.2263313609375 0.7415966390625 0.22928994062500002 0.7447478984375 0.25147929062499996 0.7489495796875001 0.2529585796875 0.74054621875 0.2721893484375 0.75420168125 0.27662721874999996 0.859243696875 0.2751479296875 0.8771008406249999 0.2647929 0.886554621875 0.24260354999999997 0.8823529406249999 0.210059171875 0.863445378125 0.190828403125
53 0.8203781515624999 0.3831360953125 0.8298319328125 0.39792899375 0.8340336140625 0.4467455625 0.8298319328125 0.45118343125000004 0.8277310921875 0.471893490625 0.94957983125 0.47337278125 0.96323529375 0.46597633125 0.9758403359375001 0.43934911249999997 0.9705882359375 0.40384615312500005 0.9548319328125 0.38905325468749996 0.8571428578125 0.38905325468749996 0.82457983125 0.3875739640625 0.8203781515624999 0.3831360953125
53 0.7352941171875 0.6109467453125 0.72689075625 0.6050295859375 0.710084034375 0.6050295859375 0.6985294125 0.6124260359375 0.68487395 0.6390532546875 0.6838235296875 0.656804734375 0.69012605 0.6819526625 0.7027310921875001 0.6982248515625 0.7142857140625 0.70118343125 0.7608539921874999 0.695266271875 0.8602941171875 0.695266271875 0.8760504203125 0.6863905328125 0.886554621875 0.66272189375 0.886554621875 0.64053254375 0.8802521015625 0.6242603546875001 0.859243696875 0.60946745625 0.7352941171875 0.6109467453125
53 0.4621848734375 0.755917159375 0.4527310921875 0.7810650890625 0.45798319374999996 0.7855029578125 0.5703781515624999 0.78402366875 0.586134453125 0.7736686390624999 0.5966386546875 0.75 0.5913865546875 0.71597633125 0.5766806718749999 0.70118343125 0.451680671875 0.6997041421875 0.46323529375000005 0.729289940625 0.4621848734375 0.755917159375
54 0.2027310921875 0.187869821875 0.20378151249999998 0.156804734375 0.20063025156249997 0.1523668640625 0.1439075625 0.153846153125 0.1428571421875 0.1893491125 0.2027310921875 0.187869821875
54 0.25420168125 0.190828403125 0.2678571421875 0.183431953125 0.2647058828125 0.1523668640625 0.21008403437499998 0.1523668640625 0.20903361406249998 0.1893491125 0.25420168125 0.190828403125
54 0.2027310921875 0.607988165625 0.20378151249999998 0.57988165625 0.19957983125 0.5710059171874999 0.1439075625 0.5724852078125 0.1439075625 0.607988165625 0.2027310921875 0.607988165625
54 0.25420168125 0.60946745625 0.2678571421875 0.600591715625 0.2647058828125 0.5710059171874999 0.21008403437499998 0.5710059171874999 0.20903361406249998 0.607988165625 0.25420168125 0.60946745625
54 0.4936974796875 0.12130177499999999 0.49474789843750006 0.088757396875 0.4915966390625 0.0843195265625 0.43592437031250003 0.0843195265625 0.43487394999999995 0.12278106562499999 0.4936974796875 0.12130177499999999
54 0.544117646875 0.1242603546875 0.5588235296875 0.11538461562499999 0.55567226875 0.0843195265625 0.5 0.0857988171875 0.5 0.12278106562499999 0.544117646875 0.1242603546875
54 0.8214285718750001 0.384615384375 0.8728991593750001 0.384615384375 0.8728991593750001 0.350591715625 0.8140756296875 0.350591715625 0.813025209375 0.378698225 0.8214285718750001 0.384615384375
54 0.87920168125 0.386094675 0.936974790625 0.3831360953125 0.9348739500000001 0.34911242656249997 0.87920168125 0.350591715625 0.8760504203125 0.3535502953125 0.87920168125 0.386094675
8 0.3319327734375 0.3550295859375 0.33298319374999996 0.46893491093749995 0.3886554625 0.46893491093749995 0.390756303125 0.356508875 0.3876050421875 0.35207100625 0.349789915625 0.350591715625 0.3319327734375 0.3550295859375
15 0.45693277343750005 0.3535502953125 0.40756302499999997 0.34911242656249997 0.39915966406250003 0.3550295859375 0.400210084375 0.467455621875 0.40756302499999997 0.471893490625 0.455882353125 0.46893491093749995 0.460084034375 0.4497041421875 0.45693277343750005 0.3535502953125
19 0.50945378125 0.34911242656249997 0.4705882359375 0.350591715625 0.4663865546875 0.357988165625 0.46533613437500004 0.4630177515625 0.525210084375 0.4630177515625 0.5283613453125 0.40828402343750003 0.525210084375 0.3550295859375 0.50945378125 0.34911242656249997