28 0.53046875 0.6734375 0.0609375 0.0609375
53 0.5265625 0.75078125 0.146875 0.084375
42 0.46640625 0.67421875 0.0609375 0.0625
54 0.23671875 0.5953125 0.05859375 0.03671875
54 0.53125 0.10546875 0.06015625 0.03984375
53 0.790625 0.23515625 0.2046875 0.09765625
54 0.23671875 0.1734375 0.05859375 0.03828125
53 0.11484375 0.434375 0.2046875 0.09296875
54 0.171875 0.17265625 0.06015625 0.03671875
54 0.171875 0.59453125 0.06015625 0.03515625
54 0.465625 0.10390625 0.0609375 0.03515625
53 0.471875 0.16875 0.15 0.0859375
53 0.90625 0.4328125 0.153125 0.0875
54 0.146875 0.36953125 0.06015625 0.03828125
53 0.81484375 0.6625 0.1578125 0.09453125
51 0.21015625 0.36875 0.0296875 0.034375
53 0.17734375 0.23671875 0.1484375 0.0859375
54 0.0828125 0.36875 0.06015625 0.03671875
53 0.17890625 0.659375 0.153125 0.0875
53 0.29453125 0.65546875 0.02421875 0.07109375