43 0.4671875 0.6765625 0.0609375 0.0609375
46 0.56796875 0.4171875 0.06328125 0.11796875
5 0.63515625 0.41484375 0.05859375 0.11953125
53 0.11484375 0.57109375 0.2046875 0.09453125
53 0.52890625 0.753125 0.15 0.0859375
53 0.8515625 0.2625 0.2046875 0.09609375
53 0.47265625 0.16796875 0.146875 0.084375
53 0.13125 0.2609375 0.17265625 0.090625
51 0.2171875 0.36171875 0.028125 0.034375
53 0.9109375 0.571875 0.15 0.0875
18 0.14765625 0.49296875 0.0578125 0.0578125
29 0.4984375 0.415625 0.06015625 0.12109375
41 0.43046875 0.4140625 0.0609375 0.115625
27 0.36328125 0.415625 0.05859375 0.115625
45 0.53046875 0.67578125 0.05859375 0.0625
19 0.1113445375 0.46597633125 0.057773109375 0.46597633125 0.053571428125 0.471893490625 0.05567226875 0.5251479296875 0.113445378125 0.5251479296875 0.1113445375 0.46597633125