42 0.4671875 0.675 0.0609375 0.0609375
11 0.36171875 0.41640625 0.05859375 0.11953125
53 0.20546875 0.2375 0.2046875 0.09609375
53 0.79296875 0.2359375 0.20625 0.09609375
27 0.53046875 0.675 0.05859375 0.0609375
53 0.17734375 0.6609375 0.1515625 0.0859375
53 0.88203125 0.434375 0.20703125 0.09609375
5 0.42890625 0.4171875 0.06015625 0.12421875
53 0.47265625 0.16953125 0.14921875 0.084375
54 0.1453125 0.37109375 0.06015625 0.03828125
53 0.79296875 0.66328125 0.20390625 0.09296875
53 0.5296875 0.753125 0.14609375 0.0859375
54 0.82734375 0.59609375 0.06015625 0.03828125
53 0.0859375 0.4359375 0.14921875 0.0875
54 0.0828125 0.3703125 0.06015625 0.03671875
51 0.21015625 0.36953125 0.0296875 0.03515625
54 0.76015625 0.596875 0.0609375 0.03984375
52 0.50078125 0.80703125 0.1375 0.01328125
23 0.49765625 0.415625 0.06171875 0.11796875