51 0.3078125 0.60625 0.0296875 0.03671875
52 0.49921875 0.80859375 0.1375 0.01328125
23 0.4671875 0.67578125 0.06328125 0.059375
53 0.5724789921875 0.7958579875 0.586134453125 0.789940828125 0.60189075625 0.7677514796875 0.60189075625 0.73816568125 0.5798319328125 0.710059171875 0.46533613437500004 0.70857988125 0.455882353125 0.7130177515625 0.4663865546875 0.744082840625 0.4663865546875 0.7588757390625 0.455882353125 0.7928994078125 0.5724789921875 0.7958579875
53 0.2531512609375 0.7041420125 0.2436974796875 0.6937869828125 0.24054621874999998 0.6745562125 0.2363445375 0.6715976328125 0.2394957984375 0.64053254375 0.25 0.6257396453124999 0.2489495796875 0.6183431953125 0.1239495796875 0.6198224859375 0.1081932765625 0.634615384375 0.10294117656249999 0.6508875734374999 0.10189075624999999 0.6686390531249999 0.1060924375 0.6849112421875 0.1239495796875 0.7041420125 0.2531512609375 0.7041420125
53 0.1586134453125 0.479289940625 0.14600840312500002 0.4363905328125 0.1491596640625 0.42455621250000003 0.1533613453125 0.42455621250000003 0.15966386562499998 0.39792899375 0.157563025 0.393491125 0.03676470625 0.393491125 0.02310924375 0.4023668640625 0.014705882812500001 0.41715976406250005 0.014705882812500001 0.4541420125 0.0220588234375 0.46893491093749995 0.033613445312500004 0.47781065156249997 0.1586134453125 0.479289940625
53 0.24343487343749998 0.2795857984375 0.2815126046875 0.2855029578125 0.30042016875 0.26923076875 0.30882352968750004 0.24408284062500002 0.307773109375 0.2263313609375 0.30042016875 0.2056213015625 0.29201680625000004 0.195266271875 0.2762605046875 0.187869821875 0.2421218484375 0.195266271875 0.1313025203125 0.1937869828125 0.10924369687499999 0.20857988125000002 0.10294117656249999 0.22781065156250002 0.10714285781249999 0.26183431874999996 0.11554621875 0.2736686390625 0.132352940625 0.2810650890625 0.24343487343749998 0.2795857984375
53 0.54201680625 0.1997041421875 0.5462184875 0.195266271875 0.5336134453125 0.1775147921875 0.534663865625 0.1523668640625 0.5472689078124999 0.12573964531249998 0.4222689078125 0.12573964531249998 0.40756302499999997 0.134615384375 0.39915966406250003 0.149408284375 0.39915966406250003 0.1863905328125 0.41596638593749996 0.210059171875 0.55042016875 0.2115384609375 0.54201680625 0.1997041421875
53 0.75420168125 0.27810650937500003 0.8728991593750001 0.27810650937500003 0.8928571421875 0.255917159375 0.8949579828124999 0.2263313609375 0.8876050421875 0.2056213015625 0.87920168125 0.1967455625 0.8655462187499999 0.1923076921875 0.7720588234375 0.1923076921875 0.75 0.1937869828125 0.7626050421875 0.236686390625 0.752100840625 0.26923076875 0.75420168125 0.27810650937500003
53 0.9611344531249999 0.479289940625 0.9716386546875 0.47337278125 0.9852941171875 0.445266271875 0.9821428578125 0.41420118281249996 0.9705882359375 0.39792899375 0.9569327734374999 0.392011834375 0.8434873953125 0.3949704140625 0.807773109375 0.38905325468749996 0.789915965625 0.4008875734375 0.782563025 0.41715976406250005 0.7804621843749999 0.437869821875 0.784663865625 0.4630177515625 0.8035714281249999 0.4822485203125 0.9611344531249999 0.479289940625
53 0.7510504203124999 0.6775147921875 0.7489495796875001 0.6982248515625 0.7436974796875 0.7041420125 0.8686974796875001 0.7056213015624999 0.8823529406249999 0.6982248515625 0.8949579828124999 0.6730769234375 0.8918067234375 0.6390532546875 0.8739495796875 0.6198224859375 0.7647058828125 0.6198224859375 0.717436975 0.613905325 0.7163865546875 0.6434911249999999 0.722689075 0.661242603125 0.7310924375 0.656804734375 0.7510504203124999 0.6775147921875
53 0.7237394953125 0.6997041421875 0.7163865546875 0.695266271875 0.70798319375 0.6789940828125001 0.7069327734375 0.6715976328125 0.715336134375 0.6642011828125 0.7121848734375 0.6597633140625 0.7142857140625 0.6508875734374999 0.69012605 0.64792899375 0.69012605 0.6715976328125 0.69957983125 0.695266271875 0.711134453125 0.7041420125 0.7237394953125 0.6997041421875
54 0.2636554625 0.153846153125 0.2069327734375 0.15532544375 0.20798319375 0.1923076921875 0.252100840625 0.1937869828125 0.2668067234375 0.1849112421875 0.2636554625 0.153846153125
54 0.19957983125 0.153846153125 0.1439075625 0.153846153125 0.140756303125 0.1582840234375 0.1418067234375 0.1923076921875 0.20063025156249997 0.190828403125 0.19957983125 0.153846153125
54 0.0525210078125 0.356508875 0.053571428125 0.39053254375 0.1123949578125 0.38905325468749996 0.10924369687499999 0.3535502953125 0.0525210078125 0.356508875
54 0.1743697484375 0.3535502953125 0.1186974796875 0.3535502953125 0.1186974796875 0.39053254375 0.163865546875 0.392011834375 0.1775210078125 0.3831360953125 0.1743697484375 0.3535502953125
54 0.2626050421875 0.5784023671875 0.20588235312499997 0.57988165625 0.20798319375 0.6168639046875 0.25420168125 0.6168639046875 0.2668067234375 0.60946745625 0.2626050421875 0.5784023671875
54 0.1671875 0.5921875 0.00078125 0.00078125
54 0.9453781515624999 0.3875739640625 0.9464285718750001 0.3816568046875 0.9432773109375001 0.371301775 0.9453781515624999 0.3550295859375 0.8214285718750001 0.356508875 0.8203781515624999 0.3831360953125 0.8287815125 0.38905325468749996 0.9359243703125 0.38905325468749996 0.9453781515624999 0.3875739640625
54 0.19957983125 0.5784023671875 0.1439075625 0.5784023671875 0.140756303125 0.5828402359375 0.1439075625 0.6168639046875 0.20378151249999998 0.615384615625 0.20378151249999998 0.5813609468750001 0.19957983125 0.5784023671875
54 0.8550420171875001 0.1523668640625 0.7993697484375 0.1523668640625 0.7962184875 0.153846153125 0.7983193281250001 0.190828403125 0.8571428578125 0.1893491125 0.8550420171875001 0.1523668640625
54 0.789915965625 0.1523668640625 0.7310924375 0.153846153125 0.7321428578125 0.1863905328125 0.7468487390625 0.1937869828125 0.7930672265625 0.187869821875 0.789915965625 0.1523668640625
19 0.5031512609375 0.64792899375 0.5010504203124999 0.7056213015624999 0.5609243703125 0.7056213015624999 0.55987395 0.64792899375 0.5031512609375 0.64792899375