51 0.5421875 0.27265625 0.03046875 0.034375
54 0.88203125 0.2 0.0609375 0.03828125
54 0.81796875 0.2 0.0609375 0.03828125
53 0.4765625 0.16953125 0.15625 0.0875
54 0.84921875 0.50703125 0.06015625 0.03828125
54 0.0828125 0.50703125 0.06015625 0.03671875
54 0.53125 0.10390625 0.06015625 0.03671875
53 0.528125 0.75234375 0.146875 0.0875
53 0.08828125 0.571875 0.1515625 0.0875
54 0.91484375 0.50703125 0.05859375 0.03671875
54 0.46640625 0.10390625 0.0609375 0.03515625
53 0.87578125 0.26328125 0.1546875 0.0859375
54 0.11484375 0.19921875 0.0609375 0.03671875
54 0.146875 0.50703125 0.06015625 0.03828125
54 0.17890625 0.2 0.06015625 0.03828125
50 0.53046875 0.675 0.05859375 0.0609375
52 0.11328125 0.62734375 0.13828125 0.01171875
42 0.46640625 0.67578125 0.0609375 0.0625
53 0.12265625 0.2625 0.15625 0.0875
53 0.9109375 0.571875 0.1484375 0.0875