51 0.20234375 0.4890625 0.0296875 0.034375
9 0.4984375 0.41875 0.06171875 0.12734375
53 0.11640625 0.57109375 0.20625 0.09765625
53 0.528125 0.75234375 0.14921875 0.0875
14 0.56640625 0.415625 0.0578125 0.11796875
54 0.46875 0.10390625 0.0609375 0.03671875
53 0.8515625 0.2625 0.20703125 0.09609375
31 0.43125 0.41640625 0.06015625 0.11953125
53 0.47265625 0.16875 0.14921875 0.0859375
54 0.53203125 0.10625 0.06015625 0.04140625
23 0.53125 0.675 0.05859375 0.0609375
53 0.909375 0.57109375 0.1515625 0.0890625
53 0.12734375 0.2625 0.1671875 0.0875
39 0.46875 0.675 0.0609375 0.06328125
16 0.36328125 0.41484375 0.0609375 0.11953125