3 0.534375 0.66875 0.05859375 0.0625
53 0.184375 0.65546875 0.14609375 0.0859375
53 0.821875 0.23359375 0.14375 0.0859375
53 0.9109375 0.43046875 0.1453125 0.0859375
54 0.7625 0.17109375 0.0609375 0.03984375
54 0.47109375 0.103125 0.0578125 0.034375
53 0.12421875 0.428125 0.2015625 0.09296875
53 0.4734375 0.16640625 0.14609375 0.0875
53 0.1859375 0.234375 0.1515625 0.084375
54 0.2421875 0.5921875 0.0578125 0.03671875
54 0.153125 0.36796875 0.05703125 0.03671875
53 0.53203125 0.74296875 0.14609375 0.0859375
54 0.24296875 0.17265625 0.06015625 0.03984375
54 0.82734375 0.590625 0.0578125 0.03671875
54 0.09140625 0.36640625 0.05859375 0.03671875
54 0.17890625 0.59140625 0.05859375 0.03515625
54 0.534375 0.10390625 0.05859375 0.03671875
54 0.8515625 0.36796875 0.06015625 0.03828125
54 0.17890625 0.17265625 0.05859375 0.03671875
54 0.91484375 0.36640625 0.05703125 0.03671875
53 0.821875 0.65546875 0.14375 0.0890625
54 0.76171875 0.59296875 0.05859375 0.03828125
54 0.82578125 0.1703125 0.0578125 0.03828125
52 0.11953125 0.4890625 0.12890625 0.01328125
51 0.6859375 0.59296875 0.02734375 0.0328125
25 0.4703125 0.66953125 0.06015625 0.06328125