51 0.684375 0.5984375 0.028125 0.034375
46 0.234375 0.5859375 0.0609375 0.0609375
29 0.43046875 0.4171875 0.06328125 0.12109375
53 0.22899159687499998 0.2795857984375 0.2436974796875 0.26183431874999996 0.24579831875 0.2352071 0.252100840625 0.2337278109375 0.2563025203125 0.20414201250000003 0.261554621875 0.20266272187499998 0.25945378125 0.195266271875 0.12920168125 0.1937869828125 0.113445378125 0.20266272187499998 0.103991596875 0.2189349109375 0.103991596875 0.2529585796875 0.1081932765625 0.2647929 0.122899159375 0.2795857984375 0.22899159687499998 0.2795857984375
53 0.3067226890625 0.236686390625 0.2951680671875 0.21597633125 0.29201680625000004 0.2337278109375 0.2951680671875 0.2396449703125 0.284663865625 0.2588757390625 0.275210084375 0.25147929062499996 0.25945378125 0.255917159375 0.2584033609375 0.2603550296875 0.265756303125 0.2647929 0.2993697484375 0.26183431874999996 0.3067226890625 0.236686390625
53 0.0378151265625 0.479289940625 0.14600840312500002 0.47781065156249997 0.1565126046875 0.45857988125000004 0.21323529375 0.4615384609375 0.21743697499999998 0.4363905328125 0.21113445312499998 0.406804734375 0.19012605 0.3875739640625 0.15966386562499998 0.393491125 0.039915965625 0.392011834375 0.02310924375 0.399408284375 0.0168067234375 0.4097633140625 0.011554621875 0.42455621250000003 0.013655462500000002 0.45562130156249997 0.025210084375000004 0.47337278125 0.0378151265625 0.479289940625
53 0.1302521015625 0.7056213015624999 0.23529411718749998 0.7056213015624999 0.242647059375 0.6893491125 0.2363445375 0.6686390531249999 0.2373949578125 0.649408284375 0.247899159375 0.627218934375 0.261554621875 0.6257396453124999 0.271008403125 0.6434911249999999 0.2762605046875 0.642011834375 0.2836134453125 0.649408284375 0.2815126046875 0.6597633140625 0.284663865625 0.6656804734375 0.2951680671875 0.6642011828125 0.29726890781250004 0.6523668640625 0.3046218484375 0.6508875734374999 0.2962184875 0.6257396453124999 0.28046218437500003 0.613905325 0.25 0.6198224859375 0.122899159375 0.6183431953125 0.1123949578125 0.6257396453124999 0.10189075624999999 0.64792899375 0.1008403359375 0.6686390531249999 0.10504201718749999 0.6849112421875 0.11449579843749999 0.6982248515625 0.1302521015625 0.7056213015624999
53 0.46428571406249997 0.797337278125 0.57457983125 0.7943786984375001 0.5871848734375 0.7869822484375 0.6008403359375001 0.7603550296875 0.6008403359375001 0.744082840625 0.5934873953124999 0.7233727812499999 0.5777310921875001 0.710059171875 0.45798319374999996 0.710059171875 0.46533613437500004 0.7455621296875 0.46428571406249997 0.763313609375 0.45798319374999996 0.7781065093749999 0.46428571406249997 0.797337278125
53 0.7531512609375 0.6863905328125 0.7647058828125 0.7056213015624999 0.8655462187499999 0.7056213015624999 0.8823529406249999 0.695266271875 0.8928571421875 0.6745562125 0.8939075624999999 0.649408284375 0.8897058828125 0.6375739640625 0.8813025203124999 0.6242603546875001 0.87079831875 0.6183431953125 0.75 0.6183431953125 0.7436974796875 0.622781065625 0.75 0.627218934375 0.7584033609375 0.649408284375 0.7531512609375 0.6863905328125
53 0.9590336140625 0.479289940625 0.9737394953124999 0.4704142015625 0.9831932765625 0.44822485156249997 0.9810924375000001 0.41568047343750003 0.9737394953124999 0.4023668640625 0.9611344531249999 0.393491125 0.8350840343750001 0.393491125 0.8487394953124999 0.43343195312500005 0.842436975 0.4615384609375 0.8487394953124999 0.47781065156249997 0.9590336140625 0.479289940625
53 0.7584033609375 0.2795857984375 0.8718487390625 0.27810650937500003 0.886554621875 0.2647929 0.8939075624999999 0.24408284062500002 0.8897058828125 0.21301775156249997 0.87920168125 0.1982248515625 0.8665966390625 0.1923076921875 0.75 0.1937869828125 0.7447478984375 0.1997041421875 0.75945378125 0.23076923124999998 0.7531512609375 0.2588757390625 0.7584033609375 0.2795857984375
53 0.527310925 0.210059171875 0.534663865625 0.195266271875 0.5294117640625 0.1656804734375 0.5430672265625 0.1301775140625 0.539915965625 0.12573964531249998 0.4212184875 0.12573964531249998 0.405462184375 0.136094675 0.3970588234375 0.15532544375 0.396008403125 0.176035503125 0.402310925 0.1982248515625 0.419117646875 0.210059171875 0.527310925 0.210059171875
11 0.150210084375 0.554733728125 0.1428571421875 0.5562130171875 0.13970588281250002 0.5650887578125 0.140756303125 0.6168639046875 0.20063025156249997 0.615384615625 0.19957983125 0.5576923078125 0.150210084375 0.554733728125
35 0.3897058828125 0.35946745625 0.3813025203125 0.3550295859375 0.3340336140625 0.3550295859375 0.330882353125 0.35946745625 0.330882353125 0.47337278125 0.3886554625 0.4748520703125 0.3918067234375 0.46597633125 0.3897058828125 0.35946745625
34 0.497899159375 0.47633136093750006 0.5199579828124999 0.47633136093750006 0.5283613453125 0.4630177515625 0.5262605046875 0.35946745625 0.5136554624999999 0.3550295859375 0.46743697500000003 0.35946745625 0.4663865546875 0.4644970421875 0.472689075 0.46893491093749995 0.4826680671875 0.46597633125 0.497899159375 0.47633136093750006
33 0.7909663859375 0.13905325468750002 0.78676470625 0.1301775140625 0.7352941171875 0.128698225 0.728991596875 0.1375739640625 0.7310924375 0.1863905328125 0.7415966390625 0.1937869828125 0.789915965625 0.187869821875 0.7909663859375 0.13905325468750002
16 0.8088235296875 0.128698225 0.7962184875 0.13313609531249998 0.7962184875 0.1893491125 0.8550420171875001 0.1893491125 0.853991596875 0.13165680468750002 0.8088235296875 0.128698225