28 0.4640625 0.6765625 0.0609375 0.06328125
53 0.5265625 0.75390625 0.146875 0.0875
51 0.4015625 0.64296875 0.028125 0.034375
53 0.49765625 0.171875 0.2046875 0.09765625
53 0.1140625 0.4375 0.2046875 0.09296875
54 0.23515625 0.59765625 0.0609375 0.03828125
54 0.75859375 0.17421875 0.0609375 0.03828125
54 0.08125 0.37265625 0.06171875 0.03515625
54 0.1703125 0.5984375 0.06015625 0.03671875
53 0.17734375 0.2390625 0.153125 0.084375
54 0.82265625 0.17421875 0.06015625 0.03828125
54 0.9125 0.3734375 0.05859375 0.03671875
54 0.5296875 0.1078125 0.06015625 0.03828125
53 0.909375 0.4375 0.1484375 0.0875
54 0.1453125 0.3734375 0.06015625 0.03671875
54 0.846875 0.37421875 0.06171875 0.03828125
53 0.81875 0.2375 0.14609375 0.0875
53 0.17578125 0.6609375 0.1484375 0.0859375
54 0.4640625 0.10703125 0.0609375 0.03671875
52 0.49765625 0.228125 0.13984375 0.01171875
17 0.5296875 0.6765625 0.06171875 0.0609375