53 0.8765625 0.42734375 0.1984375 0.09453125
53 0.52734375 0.7390625 0.146875 0.084375
54 0.15625 0.365625 0.06015625 0.03828125
54 0.82109375 0.5875 0.0578125 0.03828125
54 0.75703125 0.5890625 0.06015625 0.03828125
53 0.1921875 0.23515625 0.159375 0.0859375
54 0.75625 0.1703125 0.0609375 0.03828125
54 0.0921875 0.365625 0.05859375 0.03515625
54 0.81953125 0.1703125 0.06015625 0.03828125
29 0.49921875 0.4078125 0.0578125 0.1171875
53 0.81328125 0.65078125 0.1484375 0.0859375
53 0.81484375 0.23359375 0.146875 0.0859375
52 0.7890625 0.7046875 0.13828125 0.01015625
53 0.0984375 0.42734375 0.14921875 0.0859375
51 0.28125 0.321875 0.028125 0.034375
45 0.36640625 0.409375 0.0609375 0.1171875
53 0.21171875 0.65 0.1984375 0.09609375
9 0.4328125 0.41015625 0.05859375 0.12265625
53 0.4984375 0.16640625 0.1984375 0.090625