51 0.7921875 0.35546875 0.0296875 0.03671875
52 0.11640625 0.628125 0.134375 0.01484375
53 0.544117646875 0.20857988125000002 0.534663865625 0.187869821875 0.5378151265625 0.168639053125 0.534663865625 0.149408284375 0.5451680671875 0.1301775140625 0.5661764703125 0.12573964531249998 0.5535714281249999 0.1168639046875 0.5304621843749999 0.1242603546875 0.4222689078125 0.12573964531249998 0.41071428593750003 0.13165680468750002 0.39810924375 0.153846153125 0.39915966406250003 0.1863905328125 0.414915965625 0.210059171875 0.5409663859375 0.2115384609375 0.544117646875 0.20857988125000002
53 0.19432773125 0.3076923078125 0.1985294125 0.3062130171875 0.20588235312499997 0.282544378125 0.19957983125 0.26183431874999996 0.20378151249999998 0.248520709375 0.19957983125 0.2204142015625 0.0703781515625 0.221893490625 0.0567226890625 0.22928994062500002 0.0451680671875 0.25147929062499996 0.0472689078125 0.2855029578125 0.0567226890625 0.3002958578125 0.0682773109375 0.3076923078125 0.19432773125 0.3076923078125
53 0.15966386562499998 0.6124260359375 0.14810924375 0.5784023671875 0.1491596640625 0.5532544374999999 0.16071428593749998 0.532544378125 0.15441176406249998 0.5281065093749999 0.03676470625 0.5281065093749999 0.0220588234375 0.5384615390625 0.012605042187500002 0.5576923078125 0.013655462500000002 0.588757396875 0.0241596640625 0.607988165625 0.032563025 0.613905325 0.15966386562499998 0.6124260359375
53 0.1953781515625 0.6168639046875 0.2027310921875 0.6124260359375 0.2027310921875 0.6050295859375 0.21008403437499998 0.6050295859375 0.21638655468749998 0.58727810625 0.21638655468749998 0.5739644968750001 0.1985294125 0.5636094671875 0.1911764703125 0.5636094671875 0.1953781515625 0.5695266265625001 0.19957983125 0.60207100625 0.1953781515625 0.6168639046875
53 0.5777310921875001 0.7943786984375001 0.5913865546875 0.78402366875 0.60189075625 0.7662721890624999 0.6008403359375001 0.73816568125 0.58823529375 0.71597633125 0.5798319328125 0.710059171875 0.45798319374999996 0.7115384609375 0.455882353125 0.71597633125 0.4663865546875 0.744082840625 0.45798319374999996 0.7958579875 0.5777310921875001 0.7943786984375001
53 0.8487394953124999 0.6168639046875 0.9621848734375 0.613905325 0.9726890750000001 0.607988165625 0.9852941171875 0.5813609468750001 0.9810924375000001 0.547337278125 0.974789915625 0.5369822484375 0.9600840343750001 0.5281065093749999 0.840336134375 0.5281065093749999 0.849789915625 0.5606508875 0.8476890750000001 0.5976331359375 0.842436975 0.6124260359375 0.8487394953124999 0.6168639046875
53 0.8109243703125 0.2943786984375 0.7962184875 0.3076923078125 0.932773109375 0.3076923078125 0.9474789921875001 0.29142011874999996 0.9537815125 0.2721893484375 0.9527310921875 0.25147929062499996 0.9474789921875001 0.23816568125 0.9296218484375001 0.221893490625 0.8046218484375001 0.22337278125 0.8151260499999999 0.24408284062500002 0.813025209375 0.2544378703125 0.8182773109375001 0.26923076875 0.8109243703125 0.2943786984375
11 0.5052521015625 0.6464497046875 0.5010504203124999 0.6508875734374999 0.5010504203124999 0.7056213015624999 0.5609243703125 0.7056213015624999 0.55987395 0.64792899375 0.5052521015625 0.6464497046875
41 0.49894957968750003 0.7056213015624999 0.497899159375 0.6523668640625 0.49474789843750006 0.6464497046875 0.4453781515625 0.6449704140625 0.43487394999999995 0.653846153125 0.43487394999999995 0.6923076921875 0.43907562968749997 0.702662721875 0.45063025156250003 0.70857988125 0.49894957968750003 0.7056213015624999
54 0.10924369687499999 0.48816568125000004 0.0525210078125 0.4911242609375 0.0525210078125 0.5251479296875 0.1113445375 0.5251479296875 0.1123949578125 0.49704142031250004 0.10924369687499999 0.48816568125000004
54 0.1743697484375 0.48816568125000004 0.117647059375 0.4896449703125 0.117647059375 0.5251479296875 0.164915965625 0.5266272187500001 0.1775210078125 0.51923076875 0.1743697484375 0.48816568125000004
54 0.1449579828125 0.1849112421875 0.1418067234375 0.1819526625 0.08508403437499999 0.1819526625 0.0840336140625 0.2189349109375 0.13445378125000002 0.2204142015625 0.1449579828125 0.21597633125 0.1449579828125 0.1849112421875
54 0.21113445312499998 0.210059171875 0.2069327734375 0.1819526625 0.1491596640625 0.183431953125 0.14810924375 0.21301775156249997 0.1533613453125 0.2204142015625 0.192226890625 0.221893490625 0.21113445312499998 0.210059171875
54 0.49474789843750006 0.0857988171875 0.436974790625 0.08727810625 0.438025209375 0.1242603546875 0.497899159375 0.12278106562499999 0.497899159375 0.0902366859375 0.49474789843750006 0.0857988171875
54 0.5609243703125 0.11538461562499999 0.5588235296875 0.0857988171875 0.5010504203124999 0.088757396875 0.5010504203124999 0.12278106562499999 0.50420168125 0.1242603546875 0.5462184875 0.12573964531249998 0.5609243703125 0.11538461562499999
54 0.8466386546875 0.1819526625 0.788865546875 0.1849112421875 0.789915965625 0.21449704218750001 0.8025210078124999 0.2204142015625 0.8487394953124999 0.2189349109375 0.8466386546875 0.1819526625
54 0.9149159656249999 0.21597633125 0.91176470625 0.1819526625 0.853991596875 0.183431953125 0.8529411765624999 0.21597633125 0.8560924375000001 0.2204142015625 0.9107142859374999 0.2204142015625 0.9149159656249999 0.21597633125
54 0.8876050421875 0.4896449703125 0.886554621875 0.5251479296875 0.9464285718750001 0.5251479296875 0.9453781515624999 0.4896449703125 0.8876050421875 0.4896449703125
54 0.8813025203124999 0.4911242609375 0.8781512609375 0.48816568125000004 0.8203781515624999 0.4911242609375 0.8193277312499999 0.5177514796875 0.826680671875 0.5236686390624999 0.8813025203124999 0.5251479296875 0.8813025203124999 0.4911242609375