51 0.54140625 0.27265625 0.03046875 0.034375
53 0.5265625 0.75 0.14609375 0.0890625
54 0.82265625 0.171875 0.06015625 0.03828125
53 0.81953125 0.659375 0.146875 0.0875
53 0.1140625 0.4328125 0.2046875 0.09296875
54 0.23515625 0.1734375 0.05859375 0.03828125
54 0.5296875 0.10390625 0.06015625 0.03671875
53 0.47109375 0.16875 0.15 0.0859375
53 0.1765625 0.23671875 0.1515625 0.0859375
53 0.8203125 0.23515625 0.1453125 0.0859375
54 0.4640625 0.10390625 0.0609375 0.03515625
54 0.1703125 0.17265625 0.06015625 0.03671875
54 0.82265625 0.59375 0.06015625 0.03671875
54 0.846875 0.3703125 0.06171875 0.03984375
54 0.75859375 0.17265625 0.0609375 0.03984375
54 0.08125 0.36875 0.0609375 0.03671875
53 0.909375 0.43359375 0.14609375 0.0859375
54 0.1453125 0.36953125 0.06015625 0.03828125
54 0.75859375 0.59375 0.0609375 0.03671875
54 0.9125 0.36953125 0.0609375 0.03828125
12 0.4640625 0.6734375 0.05859375 0.0609375
9 0.5567226890625 0.6434911249999999 0.5147058828125 0.642011834375 0.5 0.64792899375 0.5010504203124999 0.7056213015624999 0.55987395 0.702662721875 0.5609243703125 0.653846153125 0.5567226890625 0.6434911249999999