53 0.53125 0.753125 0.1484375 0.0859375
40 0.4671875 0.67578125 0.06015625 0.059375
54 0.0828125 0.50703125 0.05859375 0.03671875
54 0.11484375 0.2 0.0609375 0.03828125
8 0.5671875 0.41484375 0.05859375 0.11953125
53 0.11484375 0.571875 0.2046875 0.09609375
54 0.18046875 0.20078125 0.06171875 0.03984375
53 0.1234375 0.26328125 0.15625 0.0859375
54 0.14765625 0.50703125 0.0578125 0.03828125
54 0.53125 0.10625 0.0609375 0.04140625
53 0.47109375 0.16640625 0.14609375 0.0875
53 0.85 0.2625 0.2046875 0.09609375
54 0.4671875 0.10390625 0.06015625 0.03671875
53 0.9109375 0.57109375 0.15 0.0859375
52 0.50078125 0.80625 0.13984375 0.01171875
10 0.4984375 0.41875 0.06015625 0.12734375
51 0.403125 0.640625 0.02734375 0.03515625
23 0.43046875 0.41640625 0.0609375 0.11953125
3 0.36328125 0.41640625 0.05859375 0.11953125
44 0.563025209375 0.65532544375 0.55987395 0.6464497046875 0.5084033609375 0.6449704140625 0.502100840625 0.64792899375 0.5 0.66272189375 0.5 0.7056213015624999 0.5514705875 0.7071005921875 0.563025209375 0.70118343125 0.563025209375 0.65532544375