11 0.5296875 0.6765625 0.06015625 0.0609375
53 0.52578125 0.753125 0.15 0.0859375
54 0.23515625 0.59765625 0.0609375 0.03828125
53 0.1140625 0.4375 0.2046875 0.09296875
54 0.23515625 0.1765625 0.05859375 0.03984375
54 0.1703125 0.59765625 0.06015625 0.03515625
54 0.08125 0.37265625 0.06171875 0.03515625
54 0.5296875 0.1078125 0.06015625 0.03828125
54 0.1703125 0.175 0.06015625 0.03671875
53 0.2046875 0.6609375 0.2046875 0.09765625
54 0.4640625 0.10703125 0.05859375 0.03671875
53 0.17578125 0.23828125 0.14921875 0.0859375
54 0.1453125 0.3734375 0.06015625 0.03671875
51 0.30625 0.60546875 0.028125 0.03125
53 0.80546875 0.23671875 0.17578125 0.09140625
53 0.90859375 0.43671875 0.146875 0.0890625
35 0.4640625 0.6765625 0.06484375 0.0609375
54 0.9125 0.3734375 0.05859375 0.03671875
54 0.846875 0.37421875 0.06171875 0.03828125
52 0.4984375 0.80859375 0.1421875 0.01015625
53 0.790625 0.66171875 0.20234375 0.09296875
53 0.46875 0.17265625 0.14609375 0.0875