53 0.20703125 0.665625 0.2078125 0.09765625
51 0.76015625 0.33515625 0.0296875 0.034375
53 0.478125 0.16953125 0.15546875 0.0875
53 0.178125 0.2390625 0.15 0.0875
53 0.090625 0.4375 0.153125 0.0875
36 0.365625 0.41875 0.0609375 0.12109375
53 0.53125 0.7578125 0.14921875 0.0875
53 0.82578125 0.2375 0.15234375 0.0875
53 0.91796875 0.4390625 0.14921875 0.0859375
34 0.4328125 0.41875 0.0609375 0.12109375
54 0.23984375 0.175 0.05859375 0.03984375
54 0.17421875 0.1734375 0.06015625 0.03671875
52 0.20703125 0.29765625 0.13828125 0.01484375
53 0.79765625 0.665625 0.20703125 0.09453125
33 0.4703125 0.67890625 0.06015625 0.0625
26 0.503125 0.4203125 0.06171875 0.12265625
13 0.53515625 0.68203125 0.06015625 0.0625