51 0.54375 0.27265625 0.0296875 0.034375
53 0.115625 0.57109375 0.20625 0.09765625
53 0.52890625 0.75390625 0.1484375 0.084375
54 0.88203125 0.19921875 0.0609375 0.03671875
53 0.47109375 0.16796875 0.14609375 0.084375
53 0.146875 0.26171875 0.2046875 0.09453125
53 0.878125 0.26328125 0.14921875 0.0859375
53 0.9109375 0.571875 0.14921875 0.0875
54 0.85 0.5078125 0.06171875 0.03671875
54 0.915625 0.50703125 0.05859375 0.03515625
54 0.81953125 0.2 0.0609375 0.03828125
5 0.49765625 0.41875 0.06015625 0.12734375
52 0.85234375 0.32109375 0.13984375 0.01484375
21 0.36171875 0.415625 0.05859375 0.11796875
18 0.43046875 0.4171875 0.06171875 0.11796875
47 0.46640625 0.67578125 0.0609375 0.0625
38 0.5 0.653846153125 0.5010504203124999 0.7071005921875 0.561974790625 0.7041420125 0.563025209375 0.6715976328125 0.5588235296875 0.6464497046875 0.50420168125 0.6464497046875 0.5 0.653846153125