51 0.5453125 0.27265625 0.0296875 0.034375
53 0.5296875 0.75234375 0.1484375 0.0875
54 0.88359375 0.2 0.0609375 0.03828125
54 0.81953125 0.2 0.0609375 0.03828125
54 0.85 0.50703125 0.06015625 0.03671875
54 0.11484375 0.2 0.0609375 0.03828125
53 0.91171875 0.571875 0.14921875 0.0875
54 0.0828125 0.50703125 0.05859375 0.03671875
53 0.471875 0.16875 0.1484375 0.0859375
53 0.11484375 0.571875 0.2046875 0.09609375
53 0.12265625 0.26328125 0.1546875 0.0859375
54 0.18046875 0.20078125 0.06171875 0.03984375
54 0.14765625 0.50703125 0.0578125 0.03828125
54 0.4671875 0.10390625 0.06015625 0.03671875
54 0.915625 0.50703125 0.05859375 0.03671875
55 0.4671875 0.67578125 0.0609375 0.059375
54 0.53203125 0.10546875 0.06015625 0.03984375
14 0.53203125 0.675 0.06015625 0.0609375
52 0.49296875 0.80625 0.12421875 0.01171875
53 0.85 0.2625 0.2046875 0.09296875