6 0.4640625 0.67578125 0.05859375 0.06484375
51 0.75234375 0.33515625 0.0296875 0.034375
53 0.5265625 0.7546875 0.1484375 0.0859375
53 0.49765625 0.171875 0.2046875 0.09765625
53 0.1140625 0.4375 0.2046875 0.09296875
54 0.75859375 0.17421875 0.05859375 0.03828125
53 0.178125 0.2390625 0.15 0.084375
54 0.82265625 0.17421875 0.06015625 0.03828125
53 0.81875 0.23828125 0.14375 0.0859375
54 0.9125 0.3734375 0.05859375 0.03671875
54 0.5296875 0.1078125 0.06015625 0.03828125
53 0.20234375 0.6625 0.20390625 0.09453125
2 0.52890625 0.6765625 0.06015625 0.0609375
53 0.9078125 0.4375 0.14921875 0.0875
54 0.846875 0.37578125 0.06015625 0.04140625
54 0.4640625 0.10703125 0.0609375 0.03671875
53 0.2828125 0.21484375 0.04296875 0.04453125
52 0.49765625 0.228125 0.13984375 0.01171875