28 0.53046875 0.67421875 0.0609375 0.0625
45 0.465625 0.6734375 0.0609375 0.06328125
53 0.528125 0.7515625 0.1453125 0.0859375
10 0.42890625 0.415625 0.05859375 0.12109375
53 0.88046875 0.434375 0.20703125 0.09609375
53 0.17734375 0.23671875 0.1515625 0.0859375
54 0.1703125 0.1734375 0.06015625 0.03828125
32 0.49765625 0.415625 0.06171875 0.12109375
51 0.753125 0.33203125 0.0296875 0.034375
53 0.096875 0.4359375 0.16875 0.090625
54 0.23671875 0.1734375 0.05859375 0.03984375
23 0.3625 0.4140625 0.05859375 0.11796875
53 0.81953125 0.23515625 0.14375 0.0859375
53 0.81640625 0.66015625 0.15234375 0.0875
54 0.1453125 0.3703125 0.06015625 0.03671875
54 0.0828125 0.36953125 0.06015625 0.03828125
54 0.759375 0.59609375 0.05859375 0.03828125
54 0.825 0.59453125 0.06015625 0.03828125
53 0.18359375 0.659375 0.1640625 0.0875
52 0.115625 0.49140625 0.140625 0.01171875
53 0.29375 0.64921875 0.02734375 0.06484375