53 0.478125 0.1703125 0.1546875 0.0890625
54 0.921875 0.3734375 0.06015625 0.03671875
54 0.85703125 0.3734375 0.0609375 0.03671875
54 0.0828125 0.3734375 0.0609375 0.03671875
54 0.1484375 0.37578125 0.06015625 0.04140625
53 0.17890625 0.2390625 0.1515625 0.0875
51 0.54765625 0.27578125 0.03046875 0.03671875
54 0.17421875 0.6 0.06015625 0.03671875
53 0.53125 0.7578125 0.14921875 0.0875
53 0.0890625 0.4390625 0.15234375 0.0859375
54 0.8328125 0.1734375 0.06015625 0.03828125
54 0.4703125 0.10390625 0.06015625 0.03671875
54 0.17421875 0.1734375 0.06015625 0.03671875
53 0.82578125 0.23671875 0.15234375 0.0859375
54 0.23984375 0.175 0.05859375 0.03984375
53 0.91875 0.4375 0.146875 0.0890625
54 0.7671875 0.1734375 0.05859375 0.03828125
54 0.23984375 0.60078125 0.0609375 0.03828125
54 0.5359375 0.10546875 0.0609375 0.04296875
52 0.20625 0.72109375 0.14296875 0.01640625
35 0.46875 0.67890625 0.06171875 0.0625
16 0.534375 0.67890625 0.0609375 0.059375
53 0.2984375 0.6625 0.025 0.06484375
53 0.80078125 0.66484375 0.20234375 0.09296875
53 0.20625 0.66484375 0.2078125 0.09921875