53 0.47890625 0.16953125 0.1578125 0.0875
53 0.11640625 0.4375 0.2078125 0.09453125
53 0.53203125 0.75703125 0.15 0.0859375
54 0.0828125 0.3734375 0.0609375 0.03671875
53 0.1796875 0.23828125 0.1515625 0.0859375
37 0.365625 0.41796875 0.0609375 0.12265625
51 0.40546875 0.64609375 0.0296875 0.034375
53 0.91796875 0.4375 0.14921875 0.0890625
54 0.23984375 0.60078125 0.0609375 0.03828125
54 0.1484375 0.3734375 0.06015625 0.03671875
54 0.17421875 0.6 0.06015625 0.03671875
53 0.82421875 0.66640625 0.15234375 0.090625
19 0.4703125 0.6796875 0.06015625 0.06328125
38 0.43359375 0.41953125 0.06484375 0.11953125
21 0.50234375 0.41953125 0.06171875 0.12265625
53 0.20703125 0.665625 0.2078125 0.10078125
53 0.5953125 0.1875 0.02734375 0.0578125
53 0.79765625 0.23671875 0.209375 0.09453125
48 0.571875 0.41953125 0.06015625 0.11953125
15 0.534375 0.678125 0.0609375 0.0609375