53 0.52578125 0.7546875 0.1484375 0.0859375
53 0.90625 0.4375 0.15234375 0.0875
53 0.1140625 0.4375 0.2046875 0.09296875
53 0.20390625 0.66171875 0.20390625 0.09921875
51 0.796875 0.51015625 0.028125 0.03515625
53 0.17734375 0.2390625 0.1515625 0.084375
54 0.82265625 0.596875 0.06015625 0.03671875
12 0.52890625 0.6765625 0.06015625 0.0609375
53 0.815625 0.66171875 0.15 0.0875
54 0.75859375 0.5984375 0.05859375 0.03671875
22 0.42890625 0.41796875 0.06171875 0.1171875
52 0.790625 0.71796875 0.14296875 0.01328125
53 0.81171875 0.23828125 0.159375 0.0890625
53 0.284375 0.2140625 0.03984375 0.04296875
17 0.36015625 0.41640625 0.05859375 0.11953125
39 0.49609375 0.41875 0.06015625 0.12109375
45 0.56640625 0.4171875 0.0609375 0.11796875
38 0.43592437031250003 0.702662721875 0.4474789921875 0.70857988125 0.49474789843750006 0.7056213015624999 0.4915966390625 0.6819526625 0.49579831875 0.656804734375 0.49264705937500003 0.6464497046875 0.4453781515625 0.6449704140625 0.43592437031250003 0.64792899375 0.43382352968750004 0.65532544375 0.43277310937499996 0.6923076921875 0.43592437031250003 0.702662721875