53 0.52578125 0.74921875 0.1484375 0.0875
54 0.23515625 0.1734375 0.05859375 0.03828125
54 0.846875 0.37109375 0.06171875 0.04140625
54 0.1703125 0.17265625 0.06015625 0.03671875
54 0.23515625 0.59453125 0.0609375 0.03828125
53 0.81796875 0.2359375 0.1484375 0.0875
54 0.9125 0.36953125 0.0609375 0.03828125
54 0.75859375 0.59453125 0.0609375 0.03828125
53 0.0859375 0.43359375 0.14921875 0.0859375
53 0.18203125 0.65859375 0.15859375 0.0890625
54 0.82265625 0.59375 0.06015625 0.03671875
53 0.17578125 0.23671875 0.1484375 0.0859375
53 0.471875 0.16875 0.15234375 0.0859375
54 0.1703125 0.59375 0.06015625 0.03671875
53 0.909375 0.43359375 0.1484375 0.0859375
53 0.790625 0.65859375 0.20390625 0.09765625
54 0.82265625 0.171875 0.06015625 0.03828125
54 0.08125 0.36953125 0.06015625 0.03828125
54 0.75859375 0.171875 0.0609375 0.03828125
54 0.1453125 0.37109375 0.06015625 0.04140625
51 0.4015625 0.6390625 0.028125 0.03515625
52 0.7921875 0.2921875 0.140625 0.01328125
25 0.52890625 0.6734375 0.06171875 0.059375
42 0.49054621875000004 0.702662721875 0.49264705937500003 0.6464497046875 0.43592437031250003 0.6464497046875 0.43487394999999995 0.6893491125 0.43907562968749997 0.6997041421875 0.46533613437500004 0.7056213015624999 0.49054621875000004 0.702662721875