53 0.52734375 0.7390625 0.1453125 0.084375
53 0.12421875 0.42734375 0.20078125 0.09453125
43 0.36796875 0.4078125 0.06328125 0.1171875
53 0.78828125 0.23046875 0.20078125 0.09140625
54 0.17890625 0.58828125 0.06015625 0.03671875
51 0.68203125 0.5890625 0.028125 0.0328125
53 0.2109375 0.2328125 0.19609375 0.090625
53 0.5 0.16640625 0.2015625 0.09296875
54 0.24296875 0.58828125 0.05859375 0.03671875
53 0.81328125 0.65 0.1484375 0.084375
16 0.50078125 0.4078125 0.06015625 0.12265625
53 0.8734375 0.4265625 0.20234375 0.090625
15 0.5671875 0.40859375 0.05859375 0.12109375
22 0.53203125 0.66328125 0.06015625 0.0609375
53 0.1859375 0.65078125 0.14921875 0.0859375
53 0.90859375 0.94765625 0.1578125 0.090625
47 0.42436974843749997 0.4704142015625 0.44957983125 0.4630177515625 0.460084034375 0.467455621875 0.46323529375000005 0.4630177515625 0.4621848734375 0.356508875 0.45798319374999996 0.350591715625 0.41701680625000004 0.350591715625 0.40756302499999997 0.35207100625 0.4044117640625 0.357988165625 0.405462184375 0.46597633125 0.42436974843749997 0.4704142015625
26 0.43907562968749997 0.6390532546875 0.438025209375 0.687869821875 0.455882353125 0.695266271875 0.49894957968750003 0.6923076921875 0.49684873906250004 0.636094675 0.4432773109375 0.634615384375 0.43907562968749997 0.6390532546875