41 0.52890625 0.6734375 0.06015625 0.0625
53 0.1140625 0.43359375 0.2046875 0.09453125
51 0.54140625 0.27109375 0.03046875 0.034375
35 0.46328125 0.6734375 0.06484375 0.06328125
53 0.525 0.74921875 0.15 0.090625
53 0.4984375 0.1671875 0.20234375 0.09453125
53 0.9078125 0.43359375 0.146875 0.0859375
53 0.81796875 0.23515625 0.14609375 0.0859375
53 0.81484375 0.659375 0.15234375 0.090625
54 0.846875 0.36953125 0.06015625 0.03828125
53 0.18203125 0.2359375 0.15859375 0.084375
53 0.29375 0.24765625 0.025 0.0578125
54 0.91171875 0.36875 0.05859375 0.03671875
52 0.87109375 0.490625 0.1078125 0.01328125