54 0.23984375 0.175 0.0609375 0.03984375
54 0.921875 0.3734375 0.06015625 0.03671875
51 0.76015625 0.33515625 0.0296875 0.034375
53 0.4765625 0.1703125 0.15 0.0859375
53 0.82578125 0.2375 0.15234375 0.0875
54 0.83203125 0.6 0.05859375 0.03671875
54 0.17421875 0.6 0.06015625 0.03671875
54 0.17421875 0.17421875 0.06015625 0.03828125
54 0.85703125 0.3734375 0.0609375 0.03671875
54 0.8328125 0.1734375 0.06015625 0.03828125
54 0.4703125 0.10390625 0.06015625 0.03515625
53 0.17890625 0.23828125 0.1515625 0.0859375
53 0.91875 0.4375 0.146875 0.0890625
54 0.7671875 0.60078125 0.0609375 0.03828125
53 0.53125 0.7578125 0.14921875 0.0875
54 0.23984375 0.60078125 0.05859375 0.03828125
54 0.7671875 0.1734375 0.05859375 0.03828125
8 0.534375 0.678125 0.05859375 0.0609375
54 0.5359375 0.1046875 0.0609375 0.04140625
53 0.82421875 0.665625 0.1546875 0.09140625
53 0.20703125 0.665625 0.2078125 0.09765625
23 0.4703125 0.67890625 0.06171875 0.0625
53 0.7171875 0.6671875 0.0453125 0.09140625