53 0.53125 0.75703125 0.15 0.0859375
54 0.23984375 0.175 0.0609375 0.03984375
51 0.76171875 0.33515625 0.0296875 0.034375
54 0.921875 0.3734375 0.06015625 0.03671875
53 0.11640625 0.4375 0.2078125 0.09453125
53 0.17890625 0.2390625 0.1515625 0.0875
53 0.825 0.2375 0.15234375 0.0875
54 0.8328125 0.6 0.06015625 0.03671875
53 0.20703125 0.66484375 0.2078125 0.09921875
54 0.85703125 0.3734375 0.0609375 0.03671875
54 0.0828125 0.3734375 0.0609375 0.03671875
54 0.8328125 0.1734375 0.06015625 0.03828125
54 0.1484375 0.3734375 0.06015625 0.03671875
6 0.534375 0.678125 0.05859375 0.0609375
53 0.9171875 0.4390625 0.1484375 0.0859375
54 0.17421875 0.6 0.06015625 0.03671875
54 0.23984375 0.60078125 0.05859375 0.03828125
54 0.17421875 0.17421875 0.06015625 0.03828125
54 0.7671875 0.1734375 0.05859375 0.03828125
53 0.82578125 0.66640625 0.15234375 0.090625
54 0.7671875 0.6015625 0.0609375 0.03984375
47 0.4703125 0.67890625 0.0640625 0.059375