53 0.20546875 0.65859375 0.2046875 0.09765625
53 0.2046875 0.2375 0.20390625 0.09609375
36 0.43046875 0.41484375 0.06015625 0.11953125
53 0.88046875 0.43203125 0.20625 0.09765625
54 0.53125 0.10390625 0.06015625 0.03671875
53 0.47265625 0.16796875 0.14921875 0.084375
53 0.81640625 0.234375 0.15546875 0.0875
54 0.465625 0.10390625 0.0609375 0.03515625
51 0.275 0.32421875 0.028125 0.03515625
54 0.146875 0.36953125 0.06015625 0.03828125
53 0.81953125 0.659375 0.14921875 0.0875
53 0.52734375 0.74921875 0.146875 0.0875
53 0.0875 0.43359375 0.14921875 0.0859375
34 0.3609375 0.4140625 0.05859375 0.11796875
54 0.0828125 0.36875 0.06015625 0.03671875
30 0.49765625 0.4125 0.06171875 0.115625