51 0.6859375 0.590625 0.028125 0.03515625
53 0.1123949578125 0.67011834375 0.1218487390625 0.687869821875 0.13445378125000002 0.695266271875 0.257352940625 0.6937869828125 0.2447478984375 0.6597633140625 0.2468487390625 0.6331360953125 0.25945378125 0.6124260359375 0.2563025203125 0.6109467453125 0.13970588281250002 0.60946745625 0.1239495796875 0.6168639046875 0.1113445375 0.6390532546875 0.1123949578125 0.67011834375
53 0.4621848734375 0.7071005921875 0.469537815625 0.729289940625 0.4705882359375 0.7485207093749999 0.45903361406250004 0.7855029578125 0.5735294125 0.7855029578125 0.5892857140625 0.7781065093749999 0.603991596875 0.75739645 0.60189075625 0.7248520703125 0.5913865546875 0.7071005921875 0.5798319328125 0.6997041421875 0.47373949531250004 0.6997041421875 0.46428571406249997 0.70118343125 0.4621848734375 0.7071005921875
53 0.8676470593750001 0.60946745625 0.7489495796875001 0.613905325 0.7205882359375 0.6050295859375 0.7027310921875001 0.615384615625 0.69012605 0.6390532546875 0.6932773109375 0.6745562125 0.710084034375 0.6982248515625 0.7195378156250001 0.702662721875 0.722689075 0.695266271875 0.7447478984375 0.6967455625000001 0.747899159375 0.6923076921875 0.752100840625 0.6967455625000001 0.8686974796875001 0.695266271875 0.886554621875 0.6804733734374999 0.8939075624999999 0.65532544375 0.886554621875 0.6242603546875001 0.8676470593750001 0.60946745625
53 0.7857142859375 0.399408284375 0.7794117640625 0.42011834375 0.7783613453125 0.4363905328125 0.7857142859375 0.4630177515625 0.8035714281249999 0.47781065156249997 0.955882353125 0.47337278125 0.969537815625 0.46597633125 0.9821428578125 0.437869821875 0.9821428578125 0.42011834375 0.9768907562500001 0.40532544374999996 0.955882353125 0.3875739640625 0.8287815125 0.3875739640625 0.8035714281249999 0.3831360953125 0.7857142859375 0.399408284375
53 0.7363445375000001 0.1893491125 0.7489495796875001 0.1982248515625 0.7605042015625 0.221893490625 0.7605042015625 0.24260354999999997 0.75 0.2751479296875 0.8697478984375 0.2751479296875 0.890756303125 0.2529585796875 0.8928571421875 0.2204142015625 0.8781512609375 0.195266271875 0.8686974796875001 0.190828403125 0.7783613453125 0.1893491125 0.7363445375000001 0.1893491125
53 0.40336134531249995 0.1508875734375 0.40336134531249995 0.1819526625 0.4212184875 0.2071005921875 0.5336134453125 0.210059171875 0.5483193281250001 0.20857988125000002 0.5483193281250001 0.1982248515625 0.5535714281249999 0.195266271875 0.55042016875 0.1849112421875 0.55042016875 0.128698225 0.5472689078124999 0.1242603546875 0.428571428125 0.1242603546875 0.4128151265625 0.13313609531249998 0.40336134531249995 0.1508875734375
53 0.58823529375 0.20857988125000002 0.5987394953125 0.195266271875 0.6050420171875001 0.1715976328125 0.60189075625 0.1523668640625 0.585084034375 0.1671597640625 0.5840336140625 0.1937869828125 0.5703781515624999 0.2056213015625 0.5777310921875001 0.21301775156249997 0.58823529375 0.20857988125000002
53 0.261554621875 0.1923076921875 0.1355042015625 0.1923076921875 0.12079831875 0.20266272187499998 0.1123949578125 0.2204142015625 0.1113445375 0.24260354999999997 0.11554621875 0.25739645 0.1355042015625 0.27662721874999996 0.2584033609375 0.2751479296875 0.271008403125 0.282544378125 0.2878151265625 0.282544378125 0.307773109375 0.2647929 0.31407562968749997 0.24408284062500002 0.30882352968750004 0.2071005921875 0.298319328125 0.1923076921875 0.28571428593750003 0.1863905328125 0.261554621875 0.1923076921875
53 0.1932773109375 0.3816568046875 0.154936975 0.3875739640625 0.048319328125 0.3875739640625 0.0315126046875 0.399408284375 0.0241596640625 0.41715976406250005 0.026260504687500002 0.45118343125000004 0.0357142859375 0.46597633125 0.0493697484375 0.47337278125 0.1680672265625 0.471893490625 0.196428571875 0.479289940625 0.20903361406249998 0.47337278125 0.2205882359375 0.45857988125000004 0.22689075625 0.43343195312500005 0.224789915625 0.41420118281249996 0.21743697499999998 0.39792899375 0.20903361406249998 0.3875739640625 0.1932773109375 0.3816568046875
54 0.1491596640625 0.5739644968750001 0.150210084375 0.607988165625 0.21008403437499998 0.6065088750000001 0.2069327734375 0.5710059171874999 0.1491596640625 0.5739644968750001
54 0.25945378125 0.60946745625 0.275210084375 0.60207100625 0.271008403125 0.5710059171874999 0.2142857140625 0.5739644968750001 0.215336134375 0.607988165625 0.25945378125 0.60946745625
40 0.33823529375 0.37573964531250004 0.3340336140625 0.4023668640625 0.33823529375 0.467455621875 0.3487394953125 0.471893490625 0.39390756250000003 0.4704142015625 0.39810924375 0.46005917187499995 0.3970588234375 0.356508875 0.3876050421875 0.350591715625 0.347689075 0.350591715625 0.340336134375 0.35207100625 0.335084034375 0.365384615625 0.33823529375 0.37573964531250004
36 0.46323529375000005 0.3550295859375 0.45693277343750005 0.350591715625 0.40756302499999997 0.3535502953125 0.4065126046875 0.467455621875 0.4453781515625 0.4704142015625 0.451680671875 0.4571005921875 0.46428571406249997 0.45118343125000004 0.46323529375000005 0.3550295859375
21 0.4779411765625 0.471893490625 0.5010504203124999 0.471893490625 0.5105042015625 0.45562130156249997 0.5304621843749999 0.46005917187499995 0.5315126046875001 0.356508875 0.525210084375 0.350591715625 0.48844537812500005 0.350591715625 0.47689075625 0.35207100625 0.472689075 0.357988165625 0.47163865468750005 0.45857988125000004 0.4779411765625 0.471893490625
34 0.44117647031249996 0.642011834375 0.44222689062500004 0.690828403125 0.46428571406249997 0.6982248515625 0.5 0.695266271875 0.497899159375 0.6375739640625 0.4474789921875 0.636094675 0.44117647031249996 0.642011834375
10 0.50420168125 0.6434911249999999 0.5052521015625 0.695266271875 0.5640756296875 0.695266271875 0.5661764703125 0.661242603125 0.563025209375 0.6390532546875 0.511554621875 0.636094675 0.50420168125 0.6434911249999999