51 0.2109375 0.36953125 0.0296875 0.034375
24 0.5296875 0.6734375 0.06171875 0.0625
29 0.565625 0.415625 0.06171875 0.11953125
52 0.50078125 0.8046875 0.13359375 0.01484375
53 0.1281512609375 0.1937869828125 0.113445378125 0.20266272187499998 0.10294117656249999 0.2248520703125 0.10714285781249999 0.26183431874999996 0.1281512609375 0.2795857984375 0.252100840625 0.2795857984375 0.277310925 0.2855029578125 0.288865546875 0.2810650890625 0.30042016875 0.2662721890625 0.3067226890625 0.2455621296875 0.307773109375 0.20857988125000002 0.28571428593750003 0.20414201250000003 0.2762605046875 0.187869821875 0.25420168125 0.1937869828125 0.1281512609375 0.1937869828125
53 0.19432773125 0.38905325468749996 0.1817226890625 0.386094675 0.15483193281250002 0.392011834375 0.0378151265625 0.392011834375 0.0220588234375 0.4023668640625 0.013655462500000002 0.42011834375 0.012605042187500002 0.440828403125 0.0168067234375 0.45857988125000004 0.0378151265625 0.47781065156249997 0.152310925 0.47781065156249997 0.1764705875 0.45857988125000004 0.1817226890625 0.4644970421875 0.192226890625 0.46005917187499995 0.21113445312499998 0.4644970421875 0.21743697499999998 0.44378698281249995 0.21743697499999998 0.42603550312499994 0.21113445312499998 0.40384615312500005 0.19432773125 0.38905325468749996
53 0.2962184875 0.621301775 0.27310924375 0.6109467453125 0.2552521015625 0.6168639046875 0.1302521015625 0.6168639046875 0.113445378125 0.6257396453124999 0.10294117656249999 0.6464497046875 0.10189075624999999 0.6671597640625 0.10924369687499999 0.690828403125 0.1302521015625 0.702662721875 0.2447478984375 0.70118343125 0.2468487390625 0.6863905328125 0.261554621875 0.6730769234375 0.271008403125 0.6849112421875 0.29201680625000004 0.6789940828125001 0.3014705875 0.6849112421875 0.307773109375 0.6656804734375 0.3067226890625 0.6449704140625 0.2962184875 0.621301775
53 0.5766806718749999 0.7071005921875 0.4548319328125 0.710059171875 0.455882353125 0.7248520703125 0.46323529375000005 0.7322485203125 0.46533613437500004 0.75 0.460084034375 0.7736686390624999 0.4548319328125 0.7795857984375 0.45798319374999996 0.7943786984375001 0.5756302515625 0.7928994078125 0.58823529375 0.78402366875 0.6008403359375001 0.7588757390625 0.60189075625 0.744082840625 0.5934873953124999 0.7233727812499999 0.5766806718749999 0.7071005921875
53 0.7447478984375 0.6183431953125 0.7373949578125 0.622781065625 0.7489495796875001 0.6257396453124999 0.7584033609375 0.6508875734374999 0.7563025203125 0.6775147921875 0.7489495796875001 0.687869821875 0.75 0.702662721875 0.8697478984375 0.702662721875 0.8876050421875 0.6849112421875 0.8928571421875 0.6656804734375 0.8876050421875 0.634615384375 0.87079831875 0.6183431953125 0.7447478984375 0.6183431953125
53 0.8340336140625 0.392011834375 0.8319327734374999 0.399408284375 0.840336134375 0.406804734375 0.8466386546875 0.42603550312499994 0.8455882359375 0.4497041421875 0.8340336140625 0.46005917187499995 0.8413865546875 0.47781065156249997 0.955882353125 0.47781065156249997 0.9705882359375 0.4704142015625 0.9821428578125 0.445266271875 0.9779411765624999 0.411242603125 0.9611344531249999 0.393491125 0.8340336140625 0.392011834375
53 0.886554621875 0.20857988125000002 0.8676470593750001 0.1923076921875 0.7415966390625 0.1937869828125 0.7163865546875 0.1863905328125 0.7195378156250001 0.20857988125000002 0.7237394953125 0.2056213015625 0.747899159375 0.21597633125 0.7531512609375 0.22337278125 0.75420168125 0.2544378703125 0.7489495796875001 0.2736686390625 0.7552521015625 0.2795857984375 0.8676470593750001 0.27810650937500003 0.8823529406249999 0.2677514796875 0.8928571421875 0.24260354999999997 0.8918067234375 0.221893490625 0.886554621875 0.20857988125000002
53 0.40756302499999997 0.13313609531249998 0.39810924375 0.149408284375 0.396008403125 0.176035503125 0.39915966406250003 0.1893491125 0.413865546875 0.20857988125000002 0.5189075625 0.2115384609375 0.53676470625 0.2056213015625 0.544117646875 0.1923076921875 0.534663865625 0.1849112421875 0.5304621843749999 0.16272189374999999 0.5357142859375 0.142011834375 0.5472689078124999 0.12573964531249998 0.4212184875 0.12573964531249998 0.40756302499999997 0.13313609531249998
53 0.5945378156250001 0.1982248515625 0.599789915625 0.1849112421875 0.5987394953125 0.149408284375 0.5934873953124999 0.14644970468750002 0.586134453125 0.15532544375 0.580882353125 0.153846153125 0.5735294125 0.1671597640625 0.5787815125 0.1715976328125 0.5714285718750001 0.1819526625 0.5945378156250001 0.1982248515625
54 0.43487394999999995 0.088757396875 0.43487394999999995 0.12278106562499999 0.49579831875 0.12130177499999999 0.4936974796875 0.08727810625 0.43487394999999995 0.088757396875
54 0.5 0.08727810625 0.5010504203124999 0.12278106562499999 0.5472689078124999 0.1242603546875 0.55987395 0.1168639046875 0.5609243703125 0.0976331359375 0.5567226890625 0.0857988171875 0.5 0.08727810625
28 0.43382352968750004 0.65532544375 0.43487394999999995 0.6997041421875 0.4936974796875 0.7056213015624999 0.49579831875 0.6508875734374999 0.4915966390625 0.6434911249999999 0.438025209375 0.6434911249999999 0.43382352968750004 0.65532544375
12 0.3834033609375 0.3535502953125 0.3340336140625 0.3535502953125 0.3298319328125 0.36094674531250004 0.330882353125 0.471893490625 0.340336134375 0.47633136093750006 0.3897058828125 0.47337278125 0.390756303125 0.35946745625 0.3834033609375 0.3535502953125
5 0.45693277343750005 0.356508875 0.4044117640625 0.3535502953125 0.39915966406250003 0.36094674531250004 0.400210084375 0.471893490625 0.43907562968749997 0.4822485203125 0.44222689062500004 0.47337278125 0.45798319374999996 0.46597633125 0.45693277343750005 0.356508875
17 0.49474789843750006 0.4748520703125 0.5084033609375 0.46893491093749995 0.5241596640624999 0.471893490625 0.527310925 0.467455621875 0.5283613453125 0.41420118281249996 0.5262605046875 0.357988165625 0.5147058828125 0.3535502953125 0.4705882359375 0.3550295859375 0.46743697500000003 0.372781065625 0.46743697500000003 0.467455621875 0.49474789843750006 0.4748520703125
14 0.6050420171875001 0.35946745625 0.6050420171875001 0.471893490625 0.6607142859375 0.4748520703125 0.664915965625 0.4497041421875 0.6628151265625 0.357988165625 0.6081932765625 0.3550295859375 0.6050420171875001 0.35946745625