53 0.52578125 0.74921875 0.1484375 0.0875
54 0.23515625 0.59453125 0.05859375 0.03828125
51 0.2109375 0.36796875 0.028125 0.03515625
54 0.821875 0.59375 0.06015625 0.03671875
54 0.23515625 0.1734375 0.05859375 0.03984375
54 0.75859375 0.171875 0.05859375 0.03828125
54 0.5296875 0.10546875 0.06171875 0.03984375
53 0.81640625 0.23515625 0.1484375 0.0859375
53 0.175 0.23671875 0.1484375 0.0859375
53 0.9046875 0.43515625 0.1546875 0.0890625
54 0.75703125 0.59453125 0.05859375 0.03828125
54 0.1703125 0.17265625 0.06015625 0.03671875
54 0.1453125 0.36953125 0.06015625 0.03828125
54 0.821875 0.171875 0.06015625 0.03828125
53 0.11484375 0.43125 0.20390625 0.090625
53 0.178125 0.65859375 0.15 0.0890625
54 0.4640625 0.10390625 0.0609375 0.03515625
53 0.815625 0.659375 0.15 0.0875
54 0.08125 0.36875 0.06171875 0.03671875
53 0.4703125 0.16875 0.14921875 0.0859375
54 0.91171875 0.36875 0.05859375 0.03671875
54 0.846875 0.36953125 0.06015625 0.03828125
52 0.88046875 0.490625 0.1375 0.01328125
54 0.1703125 0.59375 0.0578125 0.03671875
15 0.52890625 0.6734375 0.06015625 0.0609375
16 0.4640625 0.6734375 0.0609375 0.0625