51 0.2015625 0.48828125 0.0296875 0.03515625
53 0.528125 0.75234375 0.146875 0.0875
45 0.46640625 0.675 0.0609375 0.06328125
54 0.88203125 0.2 0.0609375 0.03828125
54 0.81796875 0.20078125 0.0609375 0.03984375
53 0.87890625 0.26328125 0.146875 0.0859375
53 0.9078125 0.57109375 0.153125 0.0890625
54 0.08125 0.50703125 0.0609375 0.03671875
53 0.47421875 0.16875 0.15234375 0.0859375
54 0.53125 0.10546875 0.06015625 0.03984375
53 0.12109375 0.26171875 0.1515625 0.0859375
54 0.146875 0.5078125 0.0578125 0.03984375
54 0.11484375 0.19921875 0.0609375 0.03671875
54 0.17890625 0.2 0.06015625 0.03828125
54 0.46640625 0.10390625 0.05859375 0.03671875
53 0.1140625 0.56953125 0.2046875 0.09453125
19 0.53125 0.675 0.06015625 0.0609375
52 0.82734375 0.321875 0.096875 0.01328125