28 0.56484375 0.41484375 0.0609375 0.11953125
53 0.52578125 0.74921875 0.1484375 0.0875
38 0.36171875 0.4140625 0.0609375 0.11796875
53 0.1140625 0.43359375 0.2046875 0.09453125
53 0.9078125 0.43515625 0.1484375 0.0890625
53 0.8140625 0.659375 0.153125 0.0875
53 0.18046875 0.23671875 0.1546875 0.0859375
4 0.49609375 0.415625 0.0578125 0.12734375
53 0.49765625 0.1671875 0.2046875 0.09453125
53 0.81484375 0.23515625 0.15234375 0.0859375
54 0.16953125 0.59375 0.06015625 0.03671875
54 0.23515625 0.59453125 0.05859375 0.03828125
54 0.846875 0.36953125 0.06015625 0.03828125
5 0.63359375 0.4125 0.05859375 0.12109375
54 0.91171875 0.36875 0.05859375 0.03671875
9 0.42890625 0.415625 0.05859375 0.12109375
52 0.86484375 0.49140625 0.10703125 0.01171875
22 0.465625 0.665625 0.0609375 0.0765625
53 0.29296875 0.24140625 0.02734375 0.07109375
20 0.5296875 0.665625 0.06015625 0.07421875
53 0.17421875 0.6578125 0.14609375 0.0875
51 0.79765625 0.5078125 0.02734375 0.034375