53 0.528125 0.73828125 0.14296875 0.0859375
54 0.82109375 0.5875 0.0578125 0.03828125
53 0.1890625 0.23515625 0.153125 0.0859375
53 0.815625 0.23359375 0.14375 0.0859375
54 0.17890625 0.5875 0.06015625 0.03515625
54 0.15625 0.365625 0.06015625 0.03828125
54 0.46875 0.10390625 0.0609375 0.034375
54 0.17890625 0.171875 0.05859375 0.03515625
54 0.75703125 0.5890625 0.06015625 0.03828125
54 0.0921875 0.365625 0.05859375 0.03515625
54 0.24296875 0.58828125 0.05859375 0.03671875
53 0.903125 0.428125 0.1453125 0.0875
54 0.53203125 0.1046875 0.06015625 0.03515625
53 0.8109375 0.6515625 0.153125 0.0875
54 0.24296875 0.1734375 0.05859375 0.03828125
24 0.46875 0.66328125 0.0609375 0.0609375
54 0.82109375 0.1703125 0.06015625 0.03828125
54 0.75625 0.1703125 0.0609375 0.03828125
53 0.475 0.16796875 0.14921875 0.084375
51 0.28125 0.32265625 0.028125 0.03515625
53 0.12578125 0.42734375 0.20234375 0.0890625
53 0.2125 0.65 0.19921875 0.09609375
16 0.561974790625 0.6923076921875 0.5609243703125 0.6375739640625 0.5073529406249999 0.634615384375 0.502100840625 0.64053254375 0.50420168125 0.6923076921875 0.561974790625 0.6923076921875