51 0.2171875 0.3625 0.028125 0.03671875
54 0.849789915625 0.21597633125 0.849789915625 0.1893491125 0.844537815625 0.1804733734375 0.788865546875 0.183431953125 0.789915965625 0.21449704218750001 0.8025210078124999 0.2204142015625 0.8466386546875 0.2204142015625 0.849789915625 0.21597633125
54 0.91176470625 0.1819526625 0.853991596875 0.183431953125 0.8550420171875001 0.2204142015625 0.9107142859374999 0.2204142015625 0.9149159656249999 0.21597633125 0.91176470625 0.1819526625
53 0.45693277343750005 0.7855029578125 0.45903361406250004 0.7943786984375001 0.57457983125 0.7943786984375001 0.58823529375 0.7869822484375 0.6029411765625 0.7647929 0.60189075625 0.736686390625 0.58823529375 0.71597633125 0.5787815125 0.710059171875 0.4936974796875 0.7056213015624999 0.45798319374999996 0.710059171875 0.455882353125 0.71597633125 0.4663865546875 0.744082840625 0.4663865546875 0.7603550296875 0.45693277343750005 0.7855029578125
53 0.21008403437499998 0.6050295859375 0.2184873953125 0.5784023671875 0.21323529375 0.5443786984375001 0.20063025156249997 0.5281065093749999 0.186974790625 0.5221893484375 0.1659663859375 0.5281065093749999 0.039915965625 0.5281065093749999 0.0220588234375 0.539940828125 0.013655462500000002 0.559171596875 0.0168067234375 0.59467455625 0.0357142859375 0.613905325 0.1890756296875 0.6198224859375 0.21008403437499998 0.6050295859375
53 0.20798319375 0.2810650890625 0.20063025156249997 0.2677514796875 0.20063025156249997 0.2603550296875 0.20798319375 0.25 0.20588235312499997 0.24408284062500002 0.19957983125 0.24408284062500002 0.1974789921875 0.2352071 0.2027310921875 0.2248520703125 0.219537815625 0.2204142015625 0.23529411718749998 0.2337278109375 0.2415966390625 0.2352071 0.2415966390625 0.23076923124999998 0.2184873953125 0.21449704218750001 0.1932773109375 0.221893490625 0.07457983124999999 0.2204142015625 0.0567226890625 0.22928994062500002 0.0451680671875 0.25147929062499996 0.048319328125 0.28698224843750003 0.06932773125 0.3076923078125 0.192226890625 0.3076923078125 0.20798319375 0.2810650890625
53 0.5304621843749999 0.2115384609375 0.5409663859375 0.20857988125000002 0.5304621843749999 0.1775147921875 0.5304621843749999 0.1642011828125 0.5451680671875 0.127218934375 0.4222689078125 0.12573964531249998 0.4065126046875 0.136094675 0.39810924375 0.153846153125 0.39915966406250003 0.1863905328125 0.4065126046875 0.20118343125 0.41806722656249995 0.210059171875 0.5304621843749999 0.2115384609375
53 0.8466386546875 0.6035502953125 0.8476890750000001 0.613905325 0.9611344531249999 0.6124260359375 0.9758403359375001 0.600591715625 0.984243696875 0.5828402359375 0.984243696875 0.562130178125 0.978991596875 0.5443786984375001 0.96323529375 0.5295857984375 0.8413865546875 0.5281065093749999 0.8392857140625001 0.532544378125 0.8476890750000001 0.5739644968750001 0.853991596875 0.57988165625 0.8466386546875 0.6035502953125
53 0.7909663859375 0.304733728125 0.79201680625 0.3106508875 0.9285714281249999 0.309171596875 0.9411764703125 0.30177514843750003 0.9537815125 0.2736686390625 0.9537815125 0.2544378703125 0.9485294124999999 0.2396449703125 0.938025209375 0.2263313609375 0.9243697484375 0.2204142015625 0.8100840343750001 0.221893490625 0.7815126046875001 0.21597633125 0.761554621875 0.2248520703125 0.7489495796875001 0.2529585796875 0.747899159375 0.270710059375 0.75420168125 0.2928994078125 0.7626050421875 0.30325443750000003 0.7909663859375 0.304733728125
29 0.3928571421875 0.467455621875 0.390756303125 0.357988165625 0.33298319374999996 0.357988165625 0.3319327734375 0.47337278125 0.3371848734375 0.47781065156249997 0.3897058828125 0.47633136093750006 0.3928571421875 0.467455621875
39 0.45903361406250004 0.36094674531250004 0.4453781515625 0.3550295859375 0.40336134531249995 0.356508875 0.400210084375 0.36094674531250004 0.40126050468749996 0.47337278125 0.43487394999999995 0.48076923125000004 0.45798319374999996 0.4748520703125 0.45903361406250004 0.36094674531250004
35 0.47689075625 0.48076923125000004 0.5168067234375 0.46597633125 0.525210084375 0.47337278125 0.5283613453125 0.4704142015625 0.5283613453125 0.36094674531250004 0.5136554624999999 0.3550295859375 0.47163865468750005 0.356508875 0.4684873953125 0.36094674531250004 0.4684873953125 0.47337278125 0.4758403359375 0.471893490625 0.47689075625 0.48076923125000004