54 0.0828125 0.3734375 0.0609375 0.03671875
54 0.85703125 0.3734375 0.0609375 0.03671875
53 0.47578125 0.17109375 0.1515625 0.0875
54 0.17421875 0.6 0.06015625 0.03671875
54 0.1484375 0.37578125 0.06015625 0.04140625
54 0.4703125 0.10390625 0.06015625 0.03671875
53 0.17890625 0.2390625 0.1515625 0.0875
53 0.18125 0.665625 0.1546875 0.0890625
3 0.534375 0.678125 0.05859375 0.0609375
54 0.83125 0.1734375 0.0609375 0.03828125
53 0.5328125 0.7578125 0.1484375 0.0875
53 0.0890625 0.4375 0.1515625 0.0890625
54 0.921875 0.3734375 0.06015625 0.03671875
54 0.17421875 0.1734375 0.06015625 0.03671875
54 0.23984375 0.17578125 0.0609375 0.04140625
53 0.82578125 0.2375 0.1515625 0.084375
54 0.7671875 0.1734375 0.0609375 0.03828125
54 0.23984375 0.60078125 0.0609375 0.03828125
54 0.534375 0.10546875 0.0609375 0.03984375
53 0.91875 0.4390625 0.14609375 0.0859375
52 0.11328125 0.4953125 0.13671875 0.01171875
18 0.4703125 0.6796875 0.06015625 0.06328125
53 0.79765625 0.66484375 0.2046875 0.09609375
51 0.80703125 0.51171875 0.028125 0.03515625