29 0.53125 0.66640625 0.0609375 0.0578125
53 0.52890625 0.74140625 0.14609375 0.0859375
53 0.18671875 0.653125 0.15546875 0.0875
53 0.184375 0.234375 0.15 0.084375
53 0.12109375 0.42890625 0.20234375 0.09453125
54 0.821875 0.58984375 0.06015625 0.03671875
53 0.81640625 0.23359375 0.14609375 0.0859375
54 0.75859375 0.58984375 0.05859375 0.03671875
53 0.50078125 0.165625 0.20390625 0.09453125
51 0.5453125 0.26953125 0.0296875 0.0328125
54 0.909375 0.36640625 0.05859375 0.03671875
54 0.846875 0.36640625 0.06015625 0.03671875
53 0.81484375 0.65390625 0.15 0.0859375
52 0.88046875 0.48671875 0.134375 0.01484375
53 0.87734375 0.42890625 0.20390625 0.09453125
34 0.46796875 0.6671875 0.05859375 0.0625