48 0.53203125 0.66171875 0.06015625 0.0609375
53 0.528125 0.7390625 0.14609375 0.084375
53 0.903125 0.428125 0.14296875 0.084375
53 0.8171875 0.23359375 0.14296875 0.0859375
54 0.75625 0.58828125 0.0609375 0.03671875
54 0.82109375 0.58671875 0.0578125 0.03671875
53 0.81484375 0.65078125 0.146875 0.0859375
54 0.15625 0.36640625 0.06015625 0.03671875
53 0.1234375 0.4265625 0.20234375 0.090625
54 0.17890625 0.5875 0.06015625 0.03515625
36 0.4671875 0.6625 0.06015625 0.0625
54 0.17890625 0.171875 0.06015625 0.03515625
54 0.90859375 0.36484375 0.05859375 0.03671875
53 0.18359375 0.234375 0.146875 0.084375
54 0.24296875 0.58828125 0.05859375 0.03671875
54 0.0921875 0.365625 0.05859375 0.03515625
54 0.46875 0.10390625 0.0609375 0.03515625
54 0.24296875 0.17265625 0.05859375 0.03671875
54 0.53203125 0.1046875 0.06015625 0.03515625
54 0.84375 0.365625 0.06015625 0.03828125
54 0.82109375 0.1703125 0.06015625 0.03828125
54 0.75625 0.1703125 0.0609375 0.03828125
51 0.54375 0.26953125 0.028125 0.0328125
53 0.4765625 0.16640625 0.153125 0.0875
52 0.7765625 0.7046875 0.11015625 0.01015625
53 0.21171875 0.65078125 0.20078125 0.09140625