51 0.40234375 0.63359375 0.028125 0.03515625
52 0.20625 0.2921875 0.13984375 0.01484375
52 0.17578125 0.2921875 0.07734375 0.01328125
53 0.44957983125 0.70118343125 0.446428571875 0.702662721875 0.4548319328125 0.7071005921875 0.46323529375000005 0.7322485203125 0.46323529375000005 0.7544378703125 0.4527310921875 0.782544378125 0.455882353125 0.7855029578125 0.5724789921875 0.78402366875 0.58823529375 0.7721893484375 0.5966386546875 0.7514792906250001 0.592436975 0.7189349109375 0.5777310921875001 0.70118343125 0.44957983125 0.70118343125
53 0.294117646875 0.6124260359375 0.2552521015625 0.600591715625 0.24579831875 0.6109467453125 0.1281512609375 0.6109467453125 0.1081932765625 0.6316568046875 0.10504201718749999 0.661242603125 0.10924369687499999 0.6760355031249999 0.1197478984375 0.690828403125 0.136554621875 0.6967455625000001 0.19432773125 0.6937869828125 0.2563025203125 0.6967455625000001 0.275210084375 0.702662721875 0.28571428593750003 0.6997041421875 0.3014705875 0.6849112421875 0.307773109375 0.6597633140625 0.30567226875000003 0.636094675 0.294117646875 0.6124260359375
53 0.0189075625 0.45118343125000004 0.039915965625 0.47337278125 0.1712184875 0.471893490625 0.1859243703125 0.47633136093750006 0.163865546875 0.467455621875 0.15126050468750002 0.44378698281249995 0.152310925 0.41272189375 0.1659663859375 0.39053254375 0.044117646875 0.3875739640625 0.0241596640625 0.399408284375 0.0168067234375 0.418639053125 0.0189075625 0.45118343125000004
53 0.10504201718749999 0.22337278125 0.103991596875 0.24260354999999997 0.1081932765625 0.25739645 0.1186974796875 0.2721893484375 0.1302521015625 0.27810650937500003 0.25945378125 0.2751479296875 0.2699579828125 0.282544378125 0.28571428593750003 0.27810650937500003 0.2626050421875 0.195266271875 0.2552521015625 0.190828403125 0.1281512609375 0.1923076921875 0.1123949578125 0.20414201250000003 0.10504201718749999 0.22337278125
53 0.2878151265625 0.24260354999999997 0.2836134453125 0.25147929062499996 0.28571428593750003 0.26923076875 0.289915965625 0.2736686390625 0.30042016875 0.26331360937500004 0.3067226890625 0.24704142031249998 0.307773109375 0.22337278125 0.2878151265625 0.2263313609375 0.2783613453125 0.21449704218750001 0.2794117640625 0.22928994062500002 0.2878151265625 0.24260354999999997
53 0.405462184375 0.1997041421875 0.41701680625000004 0.20857988125000002 0.5430672265625 0.2056213015625 0.532563025 0.15532544375 0.5336134453125 0.142011834375 0.54201680625 0.12573964531249998 0.42436974843749997 0.1242603546875 0.40966386562499996 0.1301775140625 0.3970588234375 0.149408284375 0.3970588234375 0.1819526625 0.405462184375 0.1997041421875
53 0.7510504203124999 0.27662721874999996 0.8613445375 0.2751479296875 0.8781512609375 0.2647929 0.8876050421875 0.2396449703125 0.8813025203124999 0.2056213015625 0.8676470593750001 0.1923076921875 0.7426470593750001 0.1893491125 0.75420168125 0.23076923124999998 0.747899159375 0.270710059375 0.7510504203124999 0.27662721874999996
53 0.82457983125 0.384615384375 0.8203781515624999 0.378698225 0.8203781515624999 0.386094675 0.830882353125 0.399408284375 0.8298319328125 0.467455621875 0.83823529375 0.47337278125 0.951680671875 0.47337278125 0.96323529375 0.46597633125 0.974789915625 0.4467455625 0.974789915625 0.41568047343750003 0.967436975 0.399408284375 0.9548319328125 0.38905325468749996 0.8476890750000001 0.3875739640625 0.82457983125 0.384615384375
53 0.7121848734375 0.6050295859375 0.6953781515624999 0.6168639046875 0.68487395 0.64053254375 0.6838235296875 0.6582840234375 0.6890756296875 0.6804733734374999 0.7027310921875001 0.6982248515625 0.711134453125 0.70118343125 0.8623949578125 0.695266271875 0.8823529406249999 0.6775147921875 0.8876050421875 0.6523668640625 0.8771008406249999 0.6198224859375 0.8550420171875001 0.60946745625 0.7394957984375 0.6109467453125 0.7300420171875001 0.6050295859375 0.7121848734375 0.6050295859375
54 0.2027310921875 0.187869821875 0.20378151249999998 0.1582840234375 0.20063025156249997 0.1523668640625 0.1439075625 0.153846153125 0.1428571421875 0.1893491125 0.2027310921875 0.187869821875
54 0.2552521015625 0.190828403125 0.2678571421875 0.183431953125 0.2647058828125 0.1523668640625 0.20798319375 0.153846153125 0.20903361406249998 0.1893491125 0.2552521015625 0.190828403125
54 0.43487394999999995 0.0857988171875 0.43592437031250003 0.12278106562499999 0.4915966390625 0.12278106562499999 0.4936974796875 0.1183431953125 0.49474789843750006 0.088757396875 0.4915966390625 0.0843195265625 0.43487394999999995 0.0857988171875
54 0.544117646875 0.1242603546875 0.5588235296875 0.11538461562499999 0.55567226875 0.0843195265625 0.5 0.0857988171875 0.5 0.12278106562499999 0.544117646875 0.1242603546875
54 0.784663865625 0.153846153125 0.7815126046875001 0.1508875734375 0.7258403359375001 0.153846153125 0.724789915625 0.1804733734375 0.7279411765625 0.1849112421875 0.7394957984375 0.190828403125 0.784663865625 0.1849112421875 0.784663865625 0.153846153125
54 0.79201680625 0.1893491125 0.8487394953124999 0.1863905328125 0.8455882359375 0.1508875734375 0.789915965625 0.1523668640625 0.788865546875 0.1863905328125 0.79201680625 0.1893491125
54 0.8140756296875 0.350591715625 0.813025209375 0.378698225 0.8214285718750001 0.384615384375 0.8728991593750001 0.384615384375 0.8739495796875 0.35207100625 0.87079831875 0.34911242656249997 0.8140756296875 0.350591715625
54 0.8771008406249999 0.35207100625 0.87920168125 0.386094675 0.936974790625 0.3831360953125 0.9348739500000001 0.34911242656249997 0.8771008406249999 0.35207100625
54 0.789915965625 0.5739644968750001 0.789915965625 0.607988165625 0.8487394953124999 0.6050295859375 0.8455882359375 0.5710059171874999 0.789915965625 0.5739644968750001
54 0.782563025 0.5710059171874999 0.728991596875 0.5710059171874999 0.724789915625 0.5754437875 0.7237394953125 0.600591715625 0.7321428578125 0.6065088750000001 0.784663865625 0.6050295859375 0.7857142859375 0.5769230765625 0.782563025 0.5710059171874999
54 0.20798319375 0.5739644968750001 0.20798319375 0.6065088750000001 0.21218487343749998 0.60946745625 0.25420168125 0.60946745625 0.2678571421875 0.5991124265625001 0.265756303125 0.5710059171874999 0.20798319375 0.5739644968750001
54 0.11554621875 0.384615384375 0.11554621875 0.35207100625 0.1123949578125 0.34911242656249997 0.0567226890625 0.34911242656249997 0.0567226890625 0.386094675 0.11554621875 0.384615384375
54 0.169117646875 0.386094675 0.1796218484375 0.3801775140625 0.178571428125 0.350591715625 0.1197478984375 0.350591715625 0.1197478984375 0.386094675 0.169117646875 0.386094675
54 0.2027310921875 0.607988165625 0.20378151249999998 0.5784023671875 0.20063025156249997 0.5710059171874999 0.1439075625 0.5724852078125 0.1428571421875 0.607988165625 0.2027310921875 0.607988165625
17 0.5588235296875 0.695266271875 0.5567226890625 0.6390532546875 0.50420168125 0.636094675 0.49894957968750003 0.649408284375 0.49684873906250004 0.695266271875 0.5588235296875 0.695266271875
36 0.49264705937500003 0.6390532546875 0.44117647031249996 0.636094675 0.43382352968750004 0.64053254375 0.43487394999999995 0.6923076921875 0.4548319328125 0.6982248515625 0.4852941171875 0.6982248515625 0.49474789843750006 0.6923076921875 0.49264705937500003 0.6390532546875