52 0.88046875 0.4921875 0.1421875 0.01484375
55 0.465625 0.6734375 0.0640625 0.0625
51 0.40234375 0.63984375 0.028125 0.03671875
53 0.2510504203125 0.2751479296875 0.2436974796875 0.2662721890625 0.2373949578125 0.2411242609375 0.2394957984375 0.2189349109375 0.25 0.20414201250000003 0.25 0.195266271875 0.127100840625 0.1937869828125 0.1113445375 0.20414201250000003 0.10294117656249999 0.221893490625 0.10504201718749999 0.2588757390625 0.1239495796875 0.2795857984375 0.2436974796875 0.2795857984375 0.2510504203125 0.2751479296875
53 0.038865546875000004 0.47781065156249997 0.152310925 0.47633136093750006 0.188025209375 0.4822485203125 0.21323529375 0.46597633125 0.21743697499999998 0.4349112421875 0.21008403437499998 0.40384615312500005 0.1911764703125 0.3875739640625 0.0357142859375 0.392011834375 0.02310924375 0.4008875734375 0.014705882812500001 0.41715976406250005 0.012605042187500002 0.440828403125 0.015756303125000003 0.45562130156249997 0.0220588234375 0.467455621875 0.038865546875000004 0.47781065156249997
53 0.5682773109375 0.7928994078125 0.5840336140625 0.7869822484375 0.599789915625 0.7603550296875 0.6008403359375001 0.744082840625 0.5934873953124999 0.7248520703125 0.5756302515625 0.7071005921875 0.4548319328125 0.710059171875 0.46428571406249997 0.7411242609375 0.46428571406249997 0.75739645 0.4527310921875 0.7928994078125 0.5682773109375 0.7928994078125
53 0.7563025203125 0.6686390531249999 0.7489495796875001 0.6849112421875 0.752100840625 0.7041420125 0.8686974796875001 0.702662721875 0.8855042015624999 0.687869821875 0.8928571421875 0.6642011828125 0.8876050421875 0.634615384375 0.8697478984375 0.6168639046875 0.7436974796875 0.6168639046875 0.7415966390625 0.6198224859375 0.747899159375 0.6257396453124999 0.7563025203125 0.6508875734374999 0.7563025203125 0.6686390531249999
53 0.9527310921875 0.479289940625 0.9716386546875 0.46893491093749995 0.9821428578125 0.44378698281249995 0.978991596875 0.41420118281249996 0.9726890750000001 0.4023668640625 0.9590336140625 0.392011834375 0.8277310921875 0.392011834375 0.8350840343750001 0.399408284375 0.8455882359375 0.4497041421875 0.8340336140625 0.4748520703125 0.9527310921875 0.479289940625
53 0.7163865546875 0.28402366875 0.74054621875 0.27810650937500003 0.8676470593750001 0.27810650937500003 0.8876050421875 0.2588757390625 0.8928571421875 0.23816568125 0.8855042015624999 0.2071005921875 0.8644957984375001 0.1923076921875 0.751365546875 0.1923076921875 0.710084034375 0.1863905328125 0.7090336140625 0.1923076921875 0.715336134375 0.1982248515625 0.711134453125 0.2189349109375 0.7027310921875001 0.2248520703125 0.688025209375 0.2248520703125 0.688025209375 0.24704142031249998 0.69432773125 0.2662721890625 0.7048319328125 0.2795857984375 0.7163865546875 0.28402366875
53 0.4275210078125 0.2115384609375 0.4831932765625 0.20857988125000002 0.5756302515625 0.21597633125 0.5966386546875 0.195266271875 0.60189075625 0.168639053125 0.5945378156250001 0.13905325468750002 0.585084034375 0.12573964531249998 0.5682773109375 0.1198224859375 0.5483193281250001 0.12573964531249998 0.42436974843749997 0.1242603546875 0.4086134453125 0.13165680468750002 0.3970588234375 0.1523668640625 0.396008403125 0.1789940828125 0.40126050468749996 0.195266271875 0.414915965625 0.20857988125000002 0.4275210078125 0.2115384609375
8 0.5147058828125 0.642011834375 0.5 0.6464497046875 0.5 0.7056213015624999 0.55987395 0.702662721875 0.557773109375 0.6449704140625 0.5147058828125 0.642011834375
54 0.1113445375 0.3550295859375 0.1081932765625 0.35207100625 0.054621848437499995 0.35207100625 0.05042016875000001 0.357988165625 0.0493697484375 0.386094675 0.0525210078125 0.38905325468749996 0.1123949578125 0.386094675 0.1113445375 0.3550295859375
54 0.1775210078125 0.3831360953125 0.1775210078125 0.356508875 0.173319328125 0.35207100625 0.1186974796875 0.35207100625 0.11554621875 0.3550295859375 0.117647059375 0.38905325468749996 0.1628151265625 0.39053254375 0.1775210078125 0.3831360953125
54 0.140756303125 0.156804734375 0.140756303125 0.190828403125 0.20063025156249997 0.1893491125 0.19957983125 0.153846153125 0.140756303125 0.156804734375
54 0.2668067234375 0.1849112421875 0.2647058828125 0.153846153125 0.2069327734375 0.153846153125 0.20588235312499997 0.1893491125 0.20903361406249998 0.1923076921875 0.2531512609375 0.1937869828125 0.2668067234375 0.1849112421875
54 0.830882353125 0.39053254375 0.8781512609375 0.3875739640625 0.8771008406249999 0.3550295859375 0.8739495796875 0.35207100625 0.8203781515624999 0.35207100625 0.817226890625 0.3550295859375 0.817226890625 0.3831360953125 0.8203781515624999 0.386094675 0.830882353125 0.39053254375
54 0.8823529406249999 0.3535502953125 0.8834033609375 0.38905325468749996 0.942226890625 0.3875739640625 0.9401260499999999 0.35207100625 0.8823529406249999 0.3535502953125
54 0.7951680671875 0.5784023671875 0.794117646875 0.613905325 0.8529411765624999 0.6124260359375 0.8518907562500001 0.5769230765625 0.7951680671875 0.5784023671875
54 0.7878151265625 0.6124260359375 0.7878151265625 0.5784023671875 0.728991596875 0.57988165625 0.7279411765625 0.6050295859375 0.7321428578125 0.6109467453125 0.7426470593750001 0.615384615625 0.7878151265625 0.6124260359375