44 0.43125 0.41640625 0.06171875 0.11953125
41 0.4984375 0.4203125 0.0578125 0.13046875
53 0.85 0.2625 0.2046875 0.09609375
53 0.11796875 0.26484375 0.15 0.0890625
54 0.85 0.5078125 0.06171875 0.03984375
3 0.36171875 0.415625 0.05859375 0.12109375
53 0.52734375 0.75 0.146875 0.0890625
54 0.0828125 0.50703125 0.06015625 0.03671875
53 0.91171875 0.571875 0.146875 0.0875
54 0.91484375 0.50703125 0.05859375 0.03828125
54 0.11484375 0.19921875 0.0609375 0.03671875
54 0.53125 0.10390625 0.06015625 0.03671875
53 0.0859375 0.57109375 0.14921875 0.0859375
53 0.471875 0.16796875 0.14921875 0.084375
54 0.17890625 0.2 0.06015625 0.03828125
54 0.46640625 0.10390625 0.05859375 0.03671875
54 0.146875 0.50703125 0.06015625 0.03828125
51 0.73984375 0.590625 0.028125 0.03515625