1 0.52890625 0.6734375 0.06015625 0.059375
53 0.5265625 0.75 0.14609375 0.0890625
54 0.23515625 0.59453125 0.05859375 0.03828125
53 0.17734375 0.2390625 0.1484375 0.090625
54 0.82265625 0.59375 0.06015625 0.03671875
54 0.75859375 0.59453125 0.0609375 0.03828125
54 0.82265625 0.171875 0.06015625 0.03828125
54 0.23515625 0.1734375 0.0609375 0.03984375
53 0.17578125 0.65859375 0.1484375 0.0859375
54 0.1703125 0.5953125 0.06015625 0.03671875
54 0.75859375 0.17265625 0.0609375 0.03984375
54 0.1703125 0.17265625 0.06015625 0.03671875
53 0.8203125 0.2359375 0.1453125 0.0875
53 0.81875 0.659375 0.14609375 0.0875
54 0.08125 0.36875 0.0609375 0.03671875
54 0.846875 0.36953125 0.06171875 0.03828125
54 0.1453125 0.36953125 0.06015625 0.03828125
51 0.4015625 0.6390625 0.02734375 0.03515625
53 0.1078125 0.43203125 0.19296875 0.0890625
53 0.87890625 0.4328125 0.20390625 0.09296875
54 0.9125 0.36953125 0.0609375 0.03828125
14 0.4640625 0.67421875 0.05859375 0.0625