44 0.42890625 0.4140625 0.0640625 0.11796875
11 0.5296875 0.6734375 0.06015625 0.0609375
53 0.7890625 0.659375 0.2046875 0.09609375
53 0.20390625 0.65859375 0.20390625 0.09765625
53 0.52578125 0.74921875 0.1484375 0.0875
53 0.115625 0.43359375 0.20625 0.09453125
53 0.20390625 0.2375 0.20390625 0.09609375
51 0.75234375 0.33203125 0.0296875 0.034375
53 0.90625 0.43515625 0.14921875 0.0890625
36 0.634375 0.4140625 0.0609375 0.11796875
30 0.4640625 0.67421875 0.0609375 0.0625
54 0.5296875 0.10390625 0.06015625 0.03671875
54 0.465625 0.10390625 0.0609375 0.03515625
23 0.36015625 0.4140625 0.05859375 0.11796875
53 0.7890625 0.2359375 0.2046875 0.09921875
18 0.56640625 0.4171875 0.0609375 0.12421875
52 0.48984375 0.80390625 0.125 0.01328125
53 0.478125 0.16875 0.16484375 0.0859375
27 0.49609375 0.415625 0.06015625 0.12109375
53 0.58046875 0.16796875 0.040625 0.09296875