53 0.12421875 0.42734375 0.2046875 0.09453125
53 0.2125 0.234375 0.2015625 0.09609375
51 0.4078125 0.63359375 0.028125 0.034375
53 0.478125 0.16640625 0.15234375 0.0875
54 0.9125 0.36640625 0.05703125 0.03671875
53 0.53203125 0.74140625 0.14609375 0.0859375
54 0.84921875 0.3671875 0.06015625 0.03828125
53 0.2109375 0.65234375 0.2015625 0.09453125
53 0.81875 0.653125 0.14609375 0.0875
53 0.58515625 0.1828125 0.0359375 0.0609375
29 0.5703125 0.409375 0.05859375 0.11953125
37 0.50234375 0.409375 0.06015625 0.11953125
53 0.79140625 0.23046875 0.20234375 0.09453125
4 0.3671875 0.409375 0.06015625 0.11953125
27 0.6375 0.409375 0.05859375 0.11796875
53 0.89296875 0.42734375 0.17890625 0.09140625
39 0.43515625 0.409375 0.0609375 0.11953125