45 0.49609375 0.41484375 0.06171875 0.11953125
4 0.359375 0.4140625 0.05859375 0.11796875
53 0.2046875 0.23671875 0.2046875 0.09765625
53 0.78984375 0.65859375 0.20390625 0.09765625
54 0.23515625 0.59453125 0.0609375 0.03828125
53 0.4734375 0.16796875 0.15234375 0.084375
53 0.90703125 0.43359375 0.15 0.0859375
53 0.11484375 0.43359375 0.20703125 0.09453125
53 0.52578125 0.746875 0.1484375 0.0859375
54 0.1703125 0.59375 0.0578125 0.03671875
51 0.796875 0.5078125 0.028125 0.034375
53 0.81796875 0.23515625 0.146875 0.0859375
54 0.08125 0.36875 0.06015625 0.03671875
54 0.1453125 0.36953125 0.06015625 0.03828125
54 0.821875 0.171875 0.06171875 0.03828125
54 0.75859375 0.171875 0.0609375 0.03828125
53 0.18984375 0.6578125 0.1765625 0.090625
52 0.11171875 0.490625 0.13828125 0.01328125
24 0.428125 0.41328125 0.06171875 0.1171875