53 0.1234375 0.428125 0.2046875 0.09609375
54 0.84921875 0.3671875 0.06015625 0.03828125
53 0.5890625 0.18203125 0.028125 0.05625
53 0.2125 0.653125 0.2015625 0.09921875
53 0.47734375 0.16640625 0.15 0.0875
54 0.17890625 0.17109375 0.05859375 0.03671875
54 0.24375 0.171875 0.05859375 0.03828125
50 0.56875 0.41015625 0.06015625 0.11953125
54 0.9125 0.36640625 0.05703125 0.03671875
53 0.81171875 0.23203125 0.1640625 0.0890625
53 0.53203125 0.74140625 0.14609375 0.0859375
2 0.43359375 0.409375 0.05859375 0.12109375
53 0.81796875 0.653125 0.1484375 0.0875
51 0.28203125 0.32265625 0.028125 0.03515625
26 0.36796875 0.41015625 0.0609375 0.1171875
52 0.2109375 0.290625 0.140625 0.01328125
31 0.50234375 0.41015625 0.0640625 0.12265625
53 0.18359375 0.234375 0.146875 0.084375
53 0.88984375 0.42734375 0.1828125 0.09140625