53 0.52578125 0.74140625 0.1484375 0.0859375
54 0.465625 0.103125 0.05859375 0.03671875
54 0.5296875 0.10390625 0.06015625 0.03828125
32 0.4953125 0.4109375 0.06171875 0.12109375
53 0.4703125 0.165625 0.146875 0.0859375
53 0.09375 0.42890625 0.1515625 0.0859375
53 0.81171875 0.2328125 0.15234375 0.084375
51 0.5421875 0.26953125 0.0296875 0.0328125
53 0.89765625 0.42890625 0.1546875 0.0859375
53 0.18359375 0.23359375 0.15234375 0.0859375
49 0.52890625 0.66640625 0.06015625 0.0578125
53 0.7859375 0.653125 0.2015625 0.09609375
53 0.1796875 0.65390625 0.14921875 0.0859375
0 0.42890625 0.41171875 0.0578125 0.12578125
38 0.465625 0.66640625 0.0609375 0.0578125
52 0.49765625 0.221875 0.13359375 0.01484375
7 0.36171875 0.41328125 0.06171875 0.13046875