53 0.20625 0.653125 0.20234375 0.09609375
54 0.23671875 0.171875 0.05859375 0.03828125
47 0.3625 0.41015625 0.05859375 0.1171875
53 0.81171875 0.23359375 0.15 0.0859375
54 0.17265625 0.17109375 0.06015625 0.03671875
54 0.1484375 0.3671875 0.06015625 0.03828125
53 0.7859375 0.653125 0.20234375 0.09609375
53 0.5234375 0.74140625 0.14609375 0.0859375
53 0.18046875 0.234375 0.15 0.084375
54 0.084375 0.36640625 0.05859375 0.03671875
53 0.48203125 0.1640625 0.17265625 0.09140625
53 0.08984375 0.42890625 0.1484375 0.0859375
54 0.84375 0.36640625 0.05859375 0.03671875
53 0.896875 0.428125 0.15625 0.084375
54 0.90703125 0.36640625 0.06015625 0.03671875
53 0.5859375 0.1765625 0.0265625 0.0578125
51 0.2109375 0.3640625 0.0296875 0.0328125
53 0.2921875 0.25 0.028125 0.05625
16 0.42890625 0.409375 0.06015625 0.12109375
35 0.56328125 0.41015625 0.05859375 0.11953125
52 0.86640625 0.48671875 0.11953125 0.01171875
7 0.4953125 0.41171875 0.06015625 0.12578125