51 0.31328125 0.596875 0.0296875 0.0328125
37 0.47109375 0.66796875 0.06171875 0.0609375
31 0.511554621875 0.636094675 0.50420168125 0.642011834375 0.50420168125 0.695266271875 0.56512605 0.695266271875 0.5640756296875 0.6390532546875 0.511554621875 0.636094675
54 0.1491596640625 0.5739644968750001 0.150210084375 0.607988165625 0.20903361406249998 0.607988165625 0.20588235312499997 0.5710059171874999 0.1491596640625 0.5739644968750001
54 0.271008403125 0.5710059171874999 0.2142857140625 0.5739644968750001 0.215336134375 0.607988165625 0.25945378125 0.60946745625 0.27415966406250003 0.60207100625 0.271008403125 0.5710059171874999
54 0.1218487390625 0.3550295859375 0.117647059375 0.34911242656249997 0.0609243703125 0.35207100625 0.059873949999999995 0.3831360953125 0.063025209375 0.386094675 0.1218487390625 0.3831360953125 0.1218487390625 0.3550295859375
54 0.18487395 0.350591715625 0.1260504203125 0.350591715625 0.1260504203125 0.386094675 0.17226890781249998 0.3875739640625 0.1859243703125 0.3801775140625 0.18487395 0.350591715625
54 0.150210084375 0.153846153125 0.150210084375 0.1893491125 0.21008403437499998 0.187869821875 0.2069327734375 0.1523668640625 0.150210084375 0.153846153125
54 0.2720588234375 0.1523668640625 0.2142857140625 0.153846153125 0.215336134375 0.1893491125 0.2605042015625 0.190828403125 0.27415966406250003 0.183431953125 0.2720588234375 0.1523668640625
54 0.79201680625 0.1863905328125 0.788865546875 0.1508875734375 0.734243696875 0.1508875734375 0.7310924375 0.15532544375 0.7300420171875001 0.1745562125 0.734243696875 0.1849112421875 0.7447478984375 0.1893491125 0.79201680625 0.1863905328125
54 0.8550420171875001 0.1582840234375 0.8518907562500001 0.1508875734375 0.7962184875 0.1523668640625 0.7962184875 0.183431953125 0.7993697484375 0.1893491125 0.853991596875 0.1863905328125 0.8550420171875001 0.1582840234375
54 0.8518907562500001 0.5710059171874999 0.7962184875 0.5724852078125 0.7972689078124999 0.607988165625 0.8550420171875001 0.6050295859375 0.8550420171875001 0.5739644968750001 0.8518907562500001 0.5710059171874999
54 0.7436974796875 0.60946745625 0.79201680625 0.6050295859375 0.788865546875 0.5710059171874999 0.734243696875 0.5710059171874999 0.7310924375 0.5739644968750001 0.7310924375 0.60207100625 0.7352941171875 0.6050295859375 0.7436974796875 0.60946745625
53 0.807773109375 0.695266271875 0.8098739500000001 0.687869821875 0.82457983125 0.695266271875 0.8655462187499999 0.6967455625000001 0.8834033609375 0.6863905328125 0.8928571421875 0.6656804734375 0.8918067234375 0.6331360953125 0.8728991593750001 0.6109467453125 0.75 0.6109467453125 0.75945378125 0.6434911249999999 0.75 0.695266271875 0.7993697484375 0.6967455625000001 0.807773109375 0.695266271875
53 0.83823529375 0.471893490625 0.9569327734374999 0.471893490625 0.9716386546875 0.4630177515625 0.9821428578125 0.4363905328125 0.9768907562500001 0.40532544374999996 0.9548319328125 0.3875739640625 0.9222689078125 0.39053254375 0.8035714281249999 0.3831360953125 0.7857142859375 0.399408284375 0.7794117640625 0.42011834375 0.7783613453125 0.4363905328125 0.7857142859375 0.4615384609375 0.8035714281249999 0.47781065156249997 0.83823529375 0.471893490625
53 0.5525210078125 0.210059171875 0.567226890625 0.21597633125 0.58823529375 0.210059171875 0.580882353125 0.20857988125000002 0.5451680671875 0.143491125 0.54201680625 0.136094675 0.5462184875 0.127218934375 0.54201680625 0.12573964531249998 0.502100840625 0.12573964531249998 0.484243696875 0.136094675 0.4705882359375 0.12573964531249998 0.45693277343750005 0.1301775140625 0.4264705875 0.12573964531249998 0.413865546875 0.13313609531249998 0.40336134531249995 0.153846153125 0.402310925 0.1745562125 0.4065126046875 0.1893491125 0.42542016875 0.20857988125000002 0.5525210078125 0.210059171875
53 0.7195378156250001 0.27662721874999996 0.7279411765625 0.2647929 0.7426470593750001 0.2662721890625 0.7510504203124999 0.27662721874999996 0.8697478984375 0.2751479296875 0.8802521015625 0.26923076875 0.8939075624999999 0.2411242609375 0.8876050421875 0.2056213015625 0.8771008406249999 0.1937869828125 0.8623949578125 0.1893491125 0.75945378125 0.190828403125 0.7163865546875 0.1849112421875 0.7016806718749999 0.195266271875 0.6911764703125 0.2204142015625 0.692226890625 0.25 0.6985294125 0.2647929 0.7121848734375 0.27662721874999996 0.7195378156250001 0.27662721874999996
53 0.2762605046875 0.282544378125 0.2962184875 0.2751479296875 0.31092437031250003 0.2544378703125 0.31407562968749997 0.2396449703125 0.311974790625 0.22337278125 0.288865546875 0.23076923124999998 0.2836134453125 0.25 0.2836134453125 0.270710059375 0.27415966406250003 0.27810650937500003 0.2762605046875 0.282544378125
53 0.257352940625 0.2751479296875 0.2468487390625 0.25 0.24579831875 0.2352071 0.24579831875 0.2248520703125 0.25420168125 0.210059171875 0.25420168125 0.20118343125 0.2584033609375 0.1997041421875 0.25420168125 0.1923076921875 0.136554621875 0.1923076921875 0.1239495796875 0.1982248515625 0.1113445375 0.221893490625 0.1102941171875 0.2411242609375 0.11554621875 0.2588757390625 0.1334033609375 0.27662721874999996 0.257352940625 0.2751479296875
53 0.1701680671875 0.4704142015625 0.1953781515625 0.47781065156249997 0.2069327734375 0.47337278125 0.2205882359375 0.452662721875 0.21323529375 0.4541420125 0.2027310921875 0.4704142015625 0.173319328125 0.4541420125 0.17226890781249998 0.4097633140625 0.1659663859375 0.38905325468749996 0.0493697484375 0.3875739640625 0.032563025 0.39792899375 0.02310924375 0.41715976406250005 0.025210084375000004 0.4497041421875 0.032563025 0.4630177515625 0.0472689078125 0.47337278125 0.1701680671875 0.4704142015625
53 0.2477237390625 0.695266271875 0.28571428593750003 0.70118343125 0.307773109375 0.6849112421875 0.31407562968749997 0.6642011828125 0.311974790625 0.634615384375 0.3046218484375 0.6198224859375 0.294117646875 0.607988165625 0.2720588234375 0.5991124265625001 0.25945378125 0.6109467453125 0.1334033609375 0.6109467453125 0.1239495796875 0.6168639046875 0.1113445375 0.64053254375 0.1102941171875 0.656804734375 0.11554621875 0.6775147921875 0.1355042015625 0.695266271875 0.2477237390625 0.695266271875
53 0.45798319374999996 0.7855029578125 0.57457983125 0.7855029578125 0.58823529375 0.7795857984375 0.603991596875 0.7588757390625 0.603991596875 0.73076923125 0.5840336140625 0.70118343125 0.46323529375000005 0.70118343125 0.45693277343750005 0.702662721875 0.4684873953125 0.7233727812499999 0.4705882359375 0.7455621296875 0.45798319374999996 0.7855029578125