53 0.8765625 0.42734375 0.20234375 0.09453125
53 0.5296875 0.7390625 0.14375 0.084375
53 0.78828125 0.2328125 0.20078125 0.09296875
54 0.24375 0.1734375 0.05859375 0.03828125
54 0.82109375 0.58828125 0.0578125 0.03671875
53 0.18828125 0.65078125 0.1515625 0.0859375
54 0.17890625 0.171875 0.05859375 0.03828125
54 0.24375 0.5890625 0.05859375 0.03828125
53 0.18359375 0.234375 0.1453125 0.084375
54 0.15625 0.36640625 0.06015625 0.03671875
54 0.75703125 0.5890625 0.05859375 0.03828125
51 0.31328125 0.5953125 0.02734375 0.034375
54 0.17890625 0.58828125 0.05859375 0.03671875
53 0.81484375 0.65234375 0.1484375 0.0859375
54 0.0921875 0.365625 0.05859375 0.03515625
31 0.46875 0.6625 0.06171875 0.059375
52 0.7890625 0.70546875 0.134375 0.01171875
53 0.12421875 0.42734375 0.19921875 0.09140625
53 0.4765625 0.16796875 0.15 0.084375
24 0.53203125 0.66328125 0.06015625 0.0609375