46 0.4703125 0.678125 0.06015625 0.0609375
53 0.478125 0.16953125 0.1546875 0.0875
53 0.20703125 0.66484375 0.2078125 0.09609375
53 0.0890625 0.4375 0.1515625 0.0875
54 0.921875 0.3734375 0.06015625 0.03671875
51 0.27734375 0.3265625 0.0296875 0.03515625
53 0.20625 0.240625 0.20625 0.09296875
53 0.5328125 0.75703125 0.1484375 0.0859375
54 0.85703125 0.3734375 0.0609375 0.03671875
53 0.91875 0.43828125 0.14921875 0.090625
52 0.8921875 0.4953125 0.140625 0.01171875
53 0.79765625 0.665625 0.20703125 0.09453125
5 0.43359375 0.41953125 0.0578125 0.12265625
53 0.79921875 0.23671875 0.20703125 0.09453125
22 0.365625 0.41953125 0.05859375 0.11953125
48 0.50234375 0.4203125 0.06015625 0.12421875
20 0.571875 0.4203125 0.06171875 0.12109375
38 0.5359375 0.6828125 0.06015625 0.0578125