53 0.7890625 0.23515625 0.2046875 0.09765625
54 0.23515625 0.1734375 0.05859375 0.03828125
53 0.2046875 0.659375 0.2046875 0.09609375
54 0.1703125 0.17265625 0.06015625 0.03671875
51 0.4015625 0.6390625 0.028125 0.03515625
54 0.846875 0.3703125 0.06171875 0.03984375
53 0.4984375 0.1671875 0.20234375 0.09453125
53 0.52578125 0.75078125 0.1484375 0.084375
53 0.175 0.23671875 0.1484375 0.0859375
54 0.146875 0.36953125 0.06015625 0.03828125
54 0.08125 0.36953125 0.06171875 0.03828125
54 0.9125 0.36953125 0.05859375 0.03828125
53 0.1140625 0.43359375 0.2046875 0.09453125
53 0.78984375 0.65859375 0.20625 0.09765625
52 0.11171875 0.490625 0.13828125 0.01328125
53 0.2921875 0.253125 0.028125 0.053125
53 0.9109375 0.43203125 0.140625 0.0890625