53 0.2046875 0.653125 0.20390625 0.09609375
51 0.7484375 0.328125 0.028125 0.03515625
15 0.42890625 0.4109375 0.06015625 0.12421875
53 0.11640625 0.42734375 0.19921875 0.09140625
16 0.4953125 0.409375 0.06171875 0.12109375
53 0.90078125 0.42890625 0.1484375 0.0859375
53 0.17734375 0.234375 0.1453125 0.084375
53 0.81015625 0.23359375 0.1515625 0.0859375
53 0.52265625 0.74140625 0.14609375 0.0859375
54 0.81953125 0.58984375 0.05859375 0.03671875
39 0.465625 0.6671875 0.0609375 0.0625
53 0.81328125 0.65390625 0.14921875 0.0859375
54 0.7546875 0.590625 0.06015625 0.03828125
53 0.496875 0.1671875 0.2015625 0.09140625
29 0.36171875 0.409375 0.05703125 0.11953125
27 0.528125 0.665625 0.0578125 0.059375
52 0.7890625 0.70703125 0.13671875 0.01171875
20 0.5640625 0.4109375 0.05859375 0.11796875