53 0.54921875 0.74140625 0.14609375 0.0859375
21 0.553125 0.66640625 0.06015625 0.0578125
53 0.23125 0.234375 0.2015625 0.09609375
54 0.55390625 0.103125 0.06015625 0.03671875
51 0.70390625 0.590625 0.0296875 0.034375
54 0.48828125 0.10234375 0.05859375 0.03515625
53 0.49609375 0.165625 0.146875 0.0859375
54 0.2625 0.590625 0.05859375 0.03828125
53 0.8109375 0.653125 0.2015625 0.09609375
54 0.19765625 0.58984375 0.0578125 0.03671875
53 0.92578125 0.42890625 0.14609375 0.0859375
31 0.48984375 0.665625 0.0609375 0.059375
53 0.8359375 0.23203125 0.1515625 0.0859375
32 0.453125 0.41015625 0.0578125 0.11953125
52 0.23046875 0.7078125 0.13984375 0.01328125
49 0.3859375 0.409375 0.05703125 0.11796875
53 0.1203125 0.428125 0.15859375 0.0875
53 0.23046875 0.65234375 0.20234375 0.09765625
50 0.5203125 0.41171875 0.06015625 0.12265625