52 0.19609375 0.29453125 0.12265625 0.01484375
51 0.403125 0.640625 0.02734375 0.03671875
53 0.8939075624999999 0.6523668640625 0.8823529406249999 0.6257396453124999 0.8728991593750001 0.6183431953125 0.8665966390625 0.6242603546875001 0.8623949578125 0.6168639046875 0.8644957984375001 0.6508875734374999 0.8602941171875 0.6523668640625 0.7636554624999999 0.649408284375 0.75420168125 0.6893491125 0.747899159375 0.6967455625000001 0.7468487390625 0.7056213015624999 0.8686974796875001 0.7041420125 0.8886554625 0.6863905328125 0.8939075624999999 0.6523668640625
53 0.590336134375 0.782544378125 0.6008403359375001 0.7647929 0.6008403359375001 0.73816568125 0.5892857140625 0.71597633125 0.5798319328125 0.70857988125 0.45693277343750005 0.710059171875 0.4663865546875 0.75 0.455882353125 0.7928994078125 0.5756302515625 0.7928994078125 0.590336134375 0.782544378125
53 0.2531512609375 0.702662721875 0.242647059375 0.6863905328125 0.2373949578125 0.6642011828125 0.2394957984375 0.642011834375 0.2510504203125 0.6183431953125 0.1281512609375 0.6168639046875 0.113445378125 0.6257396453124999 0.103991596875 0.6464497046875 0.10504201718749999 0.6789940828125001 0.1113445375 0.6923076921875 0.125 0.702662721875 0.2531512609375 0.702662721875
53 0.05042016875000001 0.479289940625 0.1953781515625 0.48076923125000004 0.2142857140625 0.4644970421875 0.2184873953125 0.4363905328125 0.21008403437499998 0.4023668640625 0.19012605 0.3875739640625 0.1628151265625 0.393491125 0.0378151265625 0.392011834375 0.0241596640625 0.4008875734375 0.013655462500000002 0.4230769234375 0.013655462500000002 0.445266271875 0.021008403125 0.4644970421875 0.033613445312500004 0.47633136093750006 0.05042016875000001 0.479289940625
53 0.2510504203125 0.27810650937500003 0.2762605046875 0.2855029578125 0.28676470625 0.282544378125 0.2993697484375 0.26923076875 0.30882352968750004 0.24408284062500002 0.3067226890625 0.2204142015625 0.30042016875 0.2056213015625 0.2783613453125 0.187869821875 0.252100840625 0.195266271875 0.127100840625 0.1937869828125 0.113445378125 0.20266272187499998 0.103991596875 0.221893490625 0.10294117656249999 0.2455621296875 0.10714285781249999 0.26183431874999996 0.1302521015625 0.2810650890625 0.2510504203125 0.27810650937500003
53 0.5462184875 0.210059171875 0.534663865625 0.1893491125 0.5315126046875001 0.16272189374999999 0.5378151265625 0.14053254375 0.5472689078124999 0.12573964531249998 0.4212184875 0.12573964531249998 0.40756302499999997 0.134615384375 0.39810924375 0.1523668640625 0.39810924375 0.183431953125 0.4065126046875 0.20118343125 0.41806722656249995 0.210059171875 0.5462184875 0.210059171875
53 0.747899159375 0.2721893484375 0.75420168125 0.2795857984375 0.8686974796875001 0.27810650937500003 0.8813025203124999 0.270710059375 0.8928571421875 0.248520709375 0.8939075624999999 0.22928994062500002 0.8897058828125 0.21301775156249997 0.8728991593750001 0.1937869828125 0.7489495796875001 0.1923076921875 0.7489495796875001 0.20266272187499998 0.75945378125 0.23076923124999998 0.7584033609375 0.248520709375 0.747899159375 0.2721893484375
54 0.0525210078125 0.3550295859375 0.0525210078125 0.38905325468749996 0.1123949578125 0.3875739640625 0.10924369687499999 0.35207100625 0.0525210078125 0.3550295859375
54 0.178571428125 0.3816568046875 0.178571428125 0.356508875 0.1743697484375 0.35207100625 0.1197478984375 0.35207100625 0.1165966390625 0.3550295859375 0.1197478984375 0.39053254375 0.164915965625 0.39053254375 0.178571428125 0.3816568046875
54 0.2027310921875 0.5843195265625 0.19957983125 0.5784023671875 0.1428571421875 0.57988165625 0.1428571421875 0.613905325 0.186974790625 0.615384615625 0.201680671875 0.60946745625 0.2027310921875 0.5843195265625
54 0.2647058828125 0.5784023671875 0.20798319375 0.5784023671875 0.20903361406249998 0.615384615625 0.25420168125 0.615384615625 0.2678571421875 0.607988165625 0.2647058828125 0.5784023671875
54 0.19957983125 0.153846153125 0.1428571421875 0.15532544375 0.1439075625 0.1923076921875 0.201680671875 0.190828403125 0.20378151249999998 0.16272189374999999 0.19957983125 0.153846153125
54 0.2647058828125 0.153846153125 0.20798319375 0.15532544375 0.20903361406249998 0.1923076921875 0.2552521015625 0.1923076921875 0.2678571421875 0.1819526625 0.2647058828125 0.153846153125
54 0.49474789843750006 0.08727810625 0.438025209375 0.08727810625 0.43487394999999995 0.0917159765625 0.43592437031250003 0.12278106562499999 0.49684873906250004 0.12130177499999999 0.49474789843750006 0.08727810625
54 0.5588235296875 0.0857988171875 0.5010504203124999 0.08727810625 0.5 0.12278106562499999 0.5462184875 0.12573964531249998 0.5609243703125 0.11538461562499999 0.5588235296875 0.0857988171875
54 0.7878151265625 0.1523668640625 0.7300420171875001 0.15532544375 0.728991596875 0.1849112421875 0.7447478984375 0.1923076921875 0.7909663859375 0.187869821875 0.7878151265625 0.1523668640625
54 0.8550420171875001 0.156804734375 0.8518907562500001 0.1523668640625 0.7951680671875 0.153846153125 0.7930672265625 0.1715976328125 0.7972689078124999 0.190828403125 0.8550420171875001 0.187869821875 0.8550420171875001 0.156804734375
54 0.8518907562500001 0.5769230765625 0.7962184875 0.5784023671875 0.7951680671875 0.613905325 0.8550420171875001 0.6109467453125 0.8550420171875001 0.5813609468750001 0.8518907562500001 0.5769230765625
54 0.7909663859375 0.6124260359375 0.789915965625 0.5784023671875 0.7300420171875001 0.57988165625 0.728991596875 0.607988165625 0.7321428578125 0.6109467453125 0.7436974796875 0.615384615625 0.7909663859375 0.6124260359375
6 0.5588235296875 0.6449704140625 0.5147058828125 0.642011834375 0.5010504203124999 0.64792899375 0.502100840625 0.7041420125 0.5609243703125 0.7041420125 0.561974790625 0.653846153125 0.5588235296875 0.6449704140625
17 0.49579831875 0.702662721875 0.49474789843750006 0.6449704140625 0.44432773125 0.6434911249999999 0.436974790625 0.649408284375 0.43592437031250003 0.6893491125 0.43907562968749997 0.6997041421875 0.451680671875 0.7056213015624999 0.49579831875 0.702662721875