51 0.80234375 0.50703125 0.028125 0.03515625
52 0.50390625 0.8015625 0.13671875 0.01171875
53 0.1302521015625 0.27662721874999996 0.2447478984375 0.27810650937500003 0.25 0.26923076875 0.24579831875 0.22337278125 0.252100840625 0.2056213015625 0.2636554625 0.195266271875 0.132352940625 0.1937869828125 0.1218487390625 0.20118343125 0.1113445375 0.221893490625 0.1113445375 0.25 0.1302521015625 0.27662721874999996
53 0.026260504687500002 0.4571005921875 0.0451680671875 0.4748520703125 0.157563025 0.4748520703125 0.16176470625 0.46005917187499995 0.15546218437499998 0.4230769234375 0.169117646875 0.393491125 0.0462184875 0.38905325468749996 0.030462184375 0.399408284375 0.0220588234375 0.418639053125 0.021008403125 0.43934911249999997 0.026260504687500002 0.4571005921875
53 0.1102941171875 0.6434911249999999 0.10924369687499999 0.6597633140625 0.11554621875 0.6804733734374999 0.13445378125000002 0.6982248515625 0.2447478984375 0.6997041421875 0.257352940625 0.6745562125 0.25 0.6760355031249999 0.242647059375 0.6508875734374999 0.257352940625 0.6168639046875 0.25 0.6124260359375 0.1334033609375 0.6124260359375 0.1186974796875 0.6242603546875001 0.1102941171875 0.6434911249999999
53 0.6029411765625 0.7248520703125 0.58823529375 0.7056213015624999 0.5787815125 0.70118343125 0.4527310921875 0.702662721875 0.451680671875 0.7071005921875 0.45903361406250004 0.7071005921875 0.46428571406249997 0.7144970421875 0.4705882359375 0.73076923125 0.47163865468750005 0.7485207093749999 0.46428571406249997 0.7766272187500001 0.46743697500000003 0.7869822484375 0.5189075625 0.79142011875 0.5819327734375 0.7869822484375 0.5934873953124999 0.7781065093749999 0.6050420171875001 0.75739645 0.6029411765625 0.7248520703125
53 0.7552521015625 0.621301775 0.7636554624999999 0.6390532546875 0.7647058828125 0.656804734375 0.7563025203125 0.687869821875 0.7626050421875 0.6982248515625 0.87079831875 0.6982248515625 0.8834033609375 0.690828403125 0.896008403125 0.6642011828125 0.8928571421875 0.634615384375 0.8781512609375 0.615384615625 0.7573529406249999 0.615384615625 0.7552521015625 0.621301775
53 0.9611344531249999 0.38905325468749996 0.8466386546875 0.38905325468749996 0.8413865546875 0.39053254375 0.8413865546875 0.3964497046875 0.8529411765624999 0.4289940828125 0.8455882359375 0.45857988125000004 0.8466386546875 0.471893490625 0.8518907562500001 0.4748520703125 0.9611344531249999 0.4748520703125 0.9737394953124999 0.467455621875 0.984243696875 0.445266271875 0.9852941171875 0.42455621250000003 0.9810924375000001 0.40828402343750003 0.9611344531249999 0.38905325468749996
53 0.752100840625 0.1982248515625 0.7626050421875 0.2263313609375 0.761554621875 0.2544378703125 0.7573529406249999 0.2647929 0.7605042015625 0.2751479296875 0.8718487390625 0.27662721874999996 0.8876050421875 0.2647929 0.8949579828124999 0.24704142031249998 0.8939075624999999 0.21597633125 0.8760504203125 0.1923076921875 0.75420168125 0.1937869828125 0.752100840625 0.1982248515625
53 0.4044117640625 0.1849112421875 0.414915965625 0.20266272187499998 0.42542016875 0.20857988125000002 0.5336134453125 0.210059171875 0.54201680625 0.1923076921875 0.53676470625 0.1789940828125 0.5357142859375 0.15532544375 0.5462184875 0.127218934375 0.4317226890625 0.1242603546875 0.414915965625 0.13165680468750002 0.40336134531249995 0.156804734375 0.4044117640625 0.1849112421875
54 0.15126050468750002 0.15532544375 0.15126050468750002 0.190828403125 0.21008403437499998 0.1893491125 0.20588235312499997 0.153846153125 0.15126050468750002 0.15532544375
54 0.25945378125 0.1923076921875 0.275210084375 0.1849112421875 0.271008403125 0.153846153125 0.2142857140625 0.156804734375 0.215336134375 0.190828403125 0.25945378125 0.1923076921875
54 0.12079831875 0.386094675 0.12079831875 0.3550295859375 0.117647059375 0.350591715625 0.0609243703125 0.35207100625 0.059873949999999995 0.386094675 0.12079831875 0.386094675
54 0.16176470625 0.38905325468749996 0.18487395 0.3801775140625 0.182773109375 0.350591715625 0.1260504203125 0.350591715625 0.127100840625 0.3875739640625 0.16176470625 0.38905325468749996
54 0.15126050468750002 0.5739644968750001 0.150210084375 0.60946745625 0.21008403437499998 0.607988165625 0.20588235312499997 0.5739644968750001 0.15126050468750002 0.5739644968750001
54 0.21638655468749998 0.5739644968750001 0.2142857140625 0.6050295859375 0.21743697499999998 0.6109467453125 0.2584033609375 0.6124260359375 0.275210084375 0.60207100625 0.2720588234375 0.5739644968750001 0.21638655468749998 0.5739644968750001
54 0.79201680625 0.5754437875 0.788865546875 0.5724852078125 0.7415966390625 0.5724852078125 0.7363445375000001 0.5739644968750001 0.7331932765625 0.5843195265625 0.7331932765625 0.6050295859375 0.7510504203124999 0.613905325 0.794117646875 0.607988165625 0.79201680625 0.5754437875
54 0.8560924375000001 0.187869821875 0.8550420171875001 0.153846153125 0.8098739500000001 0.1508875734375 0.7983193281250001 0.15532544375 0.7993697484375 0.1893491125 0.8560924375000001 0.187869821875
54 0.734243696875 0.153846153125 0.7363445375000001 0.1863905328125 0.7447478984375 0.190828403125 0.7930672265625 0.187869821875 0.7930672265625 0.1597633140625 0.788865546875 0.1523668640625 0.734243696875 0.153846153125
54 0.7993697484375 0.5739644968750001 0.80042016875 0.6109467453125 0.8571428578125 0.60946745625 0.8550420171875001 0.5739644968750001 0.7993697484375 0.5739644968750001
1 0.4485294125 0.4748520703125 0.46323529375000005 0.4704142015625 0.46428571406249997 0.356508875 0.40966386562499996 0.3535502953125 0.40336134531249995 0.37426035468749996 0.40126050468749996 0.406804734375 0.4065126046875 0.42455621250000003 0.40756302499999997 0.4704142015625 0.4485294125 0.4748520703125
37 0.515756303125 0.46597633125 0.525210084375 0.47337278125 0.5315126046875001 0.4704142015625 0.534663865625 0.3831360953125 0.5315126046875001 0.356508875 0.47689075625 0.3535502953125 0.472689075 0.371301775 0.474789915625 0.4704142015625 0.5010504203124999 0.47781065156249997 0.515756303125 0.46597633125
23 0.3371848734375 0.35946745625 0.33823529375 0.46893491093749995 0.353991596875 0.47337278125 0.396008403125 0.4704142015625 0.396008403125 0.3550295859375 0.35189075625 0.350591715625 0.3371848734375 0.35946745625
19 0.44222689062500004 0.64053254375 0.4432773109375 0.695266271875 0.461134453125 0.70118343125 0.5010504203124999 0.6982248515625 0.502100840625 0.6523668640625 0.497899159375 0.6375739640625 0.44222689062500004 0.64053254375
11 0.56512605 0.6967455625000001 0.5640756296875 0.64053254375 0.511554621875 0.6375739640625 0.5052521015625 0.642011834375 0.5073529406249999 0.6982248515625 0.56512605 0.6967455625000001