46 0.43359375 0.4203125 0.06484375 0.12109375
19 0.50234375 0.41953125 0.06015625 0.12578125
53 0.478125 0.16953125 0.15546875 0.0875
53 0.2078125 0.66484375 0.20703125 0.09609375
53 0.0890625 0.4375 0.15234375 0.0875
54 0.92265625 0.3734375 0.0578125 0.03671875
51 0.76015625 0.33515625 0.0296875 0.034375
54 0.8328125 0.6 0.06015625 0.03671875
32 0.46875 0.67890625 0.06015625 0.0625
53 0.82578125 0.23671875 0.15234375 0.0859375
54 0.85703125 0.3734375 0.0609375 0.03671875
54 0.7671875 0.60078125 0.05859375 0.03828125
30 0.365625 0.41875 0.05859375 0.12109375
53 0.20625 0.2421875 0.2046875 0.09296875
54 0.8328125 0.1734375 0.06015625 0.03828125
53 0.91875 0.4390625 0.146875 0.0859375
54 0.7671875 0.1734375 0.0609375 0.03828125
53 0.5328125 0.7578125 0.1484375 0.0875
39 0.534375 0.678125 0.05859375 0.0609375
53 0.825 0.665625 0.15234375 0.0890625
52 0.50234375 0.8125 0.1421875 0.01171875