38 0.43125 0.41640625 0.0640625 0.11953125
40 0.4671875 0.675 0.0609375 0.0609375
46 0.63671875 0.41640625 0.0609375 0.1171875
53 0.11484375 0.57109375 0.20703125 0.09765625
37 0.4984375 0.41328125 0.06015625 0.12265625
51 0.7921875 0.35390625 0.0296875 0.034375
53 0.53125 0.75234375 0.14609375 0.0875
54 0.88359375 0.2 0.0609375 0.03828125
53 0.471875 0.16875 0.1484375 0.0859375
27 0.53203125 0.67421875 0.06015625 0.059375
8 0.56640625 0.41640625 0.06015625 0.11953125
53 0.9109375 0.571875 0.14921875 0.0875
53 0.13203125 0.2625 0.17109375 0.0875
54 0.81875 0.2 0.06171875 0.03828125
53 0.88046875 0.2625 0.1484375 0.0875
52 0.50078125 0.80625 0.13984375 0.01484375
7 0.3625 0.41484375 0.0609375 0.11953125