53 0.47578125 0.1703125 0.153125 0.0890625
54 0.85703125 0.3734375 0.0609375 0.03671875
53 0.0890625 0.4375 0.15234375 0.0890625
54 0.17421875 0.6 0.06015625 0.03671875
54 0.921875 0.3734375 0.06015625 0.03671875
54 0.1484375 0.37578125 0.06015625 0.04140625
54 0.8328125 0.6 0.06015625 0.03671875
54 0.4703125 0.10390625 0.06015625 0.03671875
54 0.0828125 0.3734375 0.0609375 0.03671875
53 0.20625 0.2421875 0.2046875 0.09296875
53 0.18046875 0.665625 0.15546875 0.0890625
54 0.23984375 0.60078125 0.0609375 0.03828125
54 0.7671875 0.60078125 0.05859375 0.03828125
54 0.534375 0.10546875 0.0609375 0.03984375
51 0.40546875 0.64609375 0.0296875 0.034375
53 0.5328125 0.7578125 0.1484375 0.0875
53 0.91796875 0.4375 0.14921875 0.090625
53 0.79921875 0.66484375 0.20703125 0.09609375
52 0.50234375 0.2265625 0.13984375 0.01171875
25 0.4703125 0.67890625 0.06015625 0.0625
21 0.53671875 0.68125 0.06015625 0.0625