43 0.4671875 0.6765625 0.0609375 0.0609375
53 0.11484375 0.57109375 0.2046875 0.09453125
53 0.52890625 0.753125 0.15 0.0859375
53 0.8515625 0.2625 0.2046875 0.09609375
53 0.471875 0.16796875 0.1484375 0.084375
53 0.13125 0.2609375 0.17265625 0.090625
51 0.2171875 0.36171875 0.028125 0.034375
53 0.9109375 0.571875 0.15 0.0875
14 0.14765625 0.49296875 0.0578125 0.0578125
41 0.43046875 0.415625 0.0609375 0.11796875
29 0.4984375 0.41328125 0.06015625 0.1171875
45 0.53046875 0.67578125 0.05859375 0.0625
27 0.36328125 0.415625 0.05859375 0.115625
19 0.11449579843749999 0.5236686390624999 0.1113445375 0.46597633125 0.0703781515625 0.4644970421875 0.053571428125 0.4704142015625 0.054621848437499995 0.5251479296875 0.11449579843749999 0.5236686390624999