51 0.7984375 0.5109375 0.028125 0.03515625
53 0.4548319328125 0.79142011875 0.45798319374999996 0.797337278125 0.5735294125 0.7958579875 0.5892857140625 0.7855029578125 0.599789915625 0.763313609375 0.60189075625 0.744082840625 0.592436975 0.7248520703125 0.5787815125 0.7115384609375 0.45903361406250004 0.710059171875 0.4548319328125 0.717455621875 0.46428571406249997 0.73816568125 0.4621848734375 0.7721893484375 0.4548319328125 0.79142011875
53 0.7573529406249999 0.6745562125 0.7489495796875001 0.695266271875 0.7510504203124999 0.7056213015624999 0.8665966390625 0.7071005921875 0.8771008406249999 0.702662721875 0.8918067234375 0.6775147921875 0.8918067234375 0.64792899375 0.8728991593750001 0.621301775 0.7489495796875001 0.621301775 0.7447478984375 0.622781065625 0.7563025203125 0.649408284375 0.75420168125 0.6715976328125 0.7573529406249999 0.6745562125
53 0.840336134375 0.4644970421875 0.8340336140625 0.47781065156249997 0.9569327734374999 0.48076923125000004 0.9716386546875 0.471893490625 0.9821428578125 0.44822485156249997 0.9821428578125 0.4289940828125 0.9768907562500001 0.411242603125 0.9621848734375 0.3964497046875 0.83298319375 0.3949704140625 0.8298319328125 0.39792899375 0.83823529375 0.40532544374999996 0.840336134375 0.41420118281249996 0.840336134375 0.4644970421875
53 0.7363445375000001 0.282544378125 0.8665966390625 0.2810650890625 0.8802521015625 0.2736686390625 0.8928571421875 0.24408284062500002 0.886554621875 0.2115384609375 0.8665966390625 0.195266271875 0.7584033609375 0.195266271875 0.715336134375 0.1893491125 0.715336134375 0.2204142015625 0.7373949578125 0.236686390625 0.7321428578125 0.25739645 0.7363445375000001 0.282544378125
53 0.5 0.21301775156249997 0.5756302515625 0.2189349109375 0.5966386546875 0.1982248515625 0.60189075625 0.1671597640625 0.5892857140625 0.13313609531249998 0.5724789921875 0.12278106562499999 0.5378151265625 0.128698225 0.4212184875 0.128698225 0.405462184375 0.13905325468750002 0.3970588234375 0.1582840234375 0.396008403125 0.1789940828125 0.400210084375 0.195266271875 0.4212184875 0.21449704218750001 0.5 0.21301775156249997
53 0.25420168125 0.2795857984375 0.24579831875 0.2751479296875 0.2363445375 0.24704142031249998 0.2363445375 0.22781065156250002 0.2531512609375 0.1997041421875 0.2489495796875 0.1967455625 0.1260504203125 0.1967455625 0.11449579843749999 0.20414201250000003 0.103991596875 0.22337278125 0.103991596875 0.25739645 0.1113445375 0.2721893484375 0.122899159375 0.2810650890625 0.25420168125 0.2795857984375
53 0.2962184875 0.20266272187499998 0.2762605046875 0.1923076921875 0.2678571421875 0.195266271875 0.2962184875 0.2337278109375 0.30567226875000003 0.2352071 0.2962184875 0.20266272187499998
53 0.2142857140625 0.4630177515625 0.2184873953125 0.4363905328125 0.21323529375 0.411242603125 0.201680671875 0.3964497046875 0.1859243703125 0.38905325468749996 0.164915965625 0.3964497046875 0.039915965625 0.3949704140625 0.02310924375 0.40384615312500005 0.013655462500000002 0.4230769234375 0.0168067234375 0.4615384609375 0.0378151265625 0.48076923125000004 0.196428571875 0.4837278109375 0.2142857140625 0.4630177515625
53 0.127100840625 0.7056213015624999 0.2531512609375 0.7056213015624999 0.275210084375 0.7130177515625 0.2962184875 0.6997041421875 0.307773109375 0.6715976328125 0.3046218484375 0.6434911249999999 0.2962184875 0.6257396453124999 0.2762605046875 0.613905325 0.252100840625 0.621301775 0.12920168125 0.6198224859375 0.11449579843749999 0.627218934375 0.103991596875 0.6449704140625 0.10189075624999999 0.6686390531249999 0.10504201718749999 0.683431953125 0.11554621875 0.6997041421875 0.127100840625 0.7056213015624999
9 0.49579831875 0.7056213015624999 0.49579831875 0.653846153125 0.4915966390625 0.6464497046875 0.44222689062500004 0.6464497046875 0.43382352968750004 0.656804734375 0.43277310937499996 0.6923076921875 0.438025209375 0.702662721875 0.44957983125 0.70857988125 0.49579831875 0.7056213015624999
6 0.5567226890625 0.64792899375 0.5010504203124999 0.649408284375 0.502100840625 0.70857988125 0.55987395 0.7056213015624999 0.5609243703125 0.6597633140625 0.5567226890625 0.64792899375
14 0.7363445375000001 0.615384615625 0.7878151265625 0.615384615625 0.789915965625 0.5680473375 0.7857142859375 0.5562130171875 0.7331932765625 0.5562130171875 0.7300420171875001 0.559171596875 0.7331932765625 0.5754437875 0.7300420171875001 0.5976331359375 0.7363445375000001 0.615384615625
36 0.7993697484375 0.5562130171875 0.7930672265625 0.5650887578125 0.79201680625 0.6168639046875 0.853991596875 0.615384615625 0.8518907562500001 0.5576923078125 0.7993697484375 0.5562130171875
23 0.3918067234375 0.37573964531250004 0.3886554625 0.35946745625 0.33928571406249997 0.356508875 0.330882353125 0.3624260359375 0.330882353125 0.4748520703125 0.386554621875 0.479289940625 0.390756303125 0.471893490625 0.3918067234375 0.37573964531250004
2 0.39915966406250003 0.47337278125 0.402310925 0.47781065156249997 0.45798319374999996 0.4748520703125 0.45798319374999996 0.36094674531250004 0.40336134531249995 0.356508875 0.39810924375 0.363905325 0.39915966406250003 0.4023668640625 0.3949579828125 0.411242603125 0.39810924375 0.418639053125 0.39915966406250003 0.47337278125
32 0.5304621843749999 0.41272189375 0.5262605046875 0.36094674531250004 0.5073529406249999 0.356508875 0.46743697500000003 0.363905325 0.4663865546875 0.471893490625 0.47163865468750005 0.47633136093750006 0.5262605046875 0.47337278125 0.5304621843749999 0.41272189375
12 0.5945378156250001 0.36094674531250004 0.539915965625 0.357988165625 0.5357142859375 0.363905325 0.5357142859375 0.471893490625 0.5535714281249999 0.47781065156249997 0.5945378156250001 0.47633136093750006 0.5945378156250001 0.36094674531250004
31 0.6628151265625 0.36094674531250004 0.6050420171875001 0.36094674531250004 0.603991596875 0.47337278125 0.6334033609375 0.479289940625 0.6628151265625 0.47633136093750006 0.6628151265625 0.36094674531250004