52 0.79140625 0.715625 0.13828125 0.01328125
51 0.79765625 0.5078125 0.0296875 0.03515625
30 0.36171875 0.4140625 0.06171875 0.11796875
53 0.04201680625 0.47781065156249997 0.1533613453125 0.47781065156249997 0.1586134453125 0.47337278125 0.1586134453125 0.46597633125 0.169117646875 0.46005917187499995 0.182773109375 0.467455621875 0.2069327734375 0.467455621875 0.21323529375 0.46005917187499995 0.21743697499999998 0.44230769218750005 0.21113445312499998 0.40384615312500005 0.186974790625 0.386094675 0.03676470625 0.392011834375 0.0241596640625 0.399408284375 0.013655462500000002 0.42159763281249996 0.012605042187500002 0.440828403125 0.0178571421875 0.46005917187499995 0.025210084375000004 0.4704142015625 0.04201680625 0.47781065156249997
53 0.2489495796875 0.6937869828125 0.2415966390625 0.6789940828125001 0.242647059375 0.6597633140625 0.23529411718749998 0.6508875734374999 0.2363445375 0.64053254375 0.25 0.622781065625 0.2447478984375 0.615384615625 0.1281512609375 0.6168639046875 0.1123949578125 0.6257396453124999 0.10294117656249999 0.6464497046875 0.103991596875 0.6775147921875 0.1197478984375 0.6997041421875 0.2626050421875 0.702662721875 0.2489495796875 0.6937869828125
53 0.56932773125 0.7928994078125 0.586134453125 0.7855029578125 0.5955882359375 0.770710059375 0.60189075625 0.744082840625 0.5819327734375 0.710059171875 0.5567226890625 0.7056213015624999 0.4527310921875 0.7071005921875 0.46428571406249997 0.7455621296875 0.4527310921875 0.79142011875 0.56932773125 0.7928994078125
53 0.8623949578125 0.7041420125 0.8781512609375 0.6967455625000001 0.8918067234375 0.6715976328125 0.8928571421875 0.6508875734374999 0.8886554625 0.636094675 0.8781512609375 0.621301775 0.8487394953124999 0.615384615625 0.7436974796875 0.6168639046875 0.7573529406249999 0.6508875734374999 0.75 0.702662721875 0.8623949578125 0.7041420125
53 0.8340336140625 0.47633136093750006 0.9569327734374999 0.47781065156249997 0.9726890750000001 0.467455621875 0.9821428578125 0.44230769218750005 0.9779411765624999 0.411242603125 0.9590336140625 0.392011834375 0.83298319375 0.393491125 0.8466386546875 0.4275147921875 0.8466386546875 0.44822485156249997 0.8319327734374999 0.47337278125 0.8340336140625 0.47633136093750006
53 0.7163865546875 0.2455621296875 0.7069327734375 0.248520709375 0.6932773109375 0.2352071 0.69432773125 0.21597633125 0.6890756296875 0.2189349109375 0.688025209375 0.24704142031249998 0.692226890625 0.26183431874999996 0.728991596875 0.25739645 0.7163865546875 0.2455621296875
53 0.7216386546875 0.1923076921875 0.7447478984375 0.20118343125 0.7563025203125 0.2263313609375 0.747899159375 0.26331360937500004 0.75 0.27662721874999996 0.75420168125 0.2795857984375 0.8665966390625 0.27810650937500003 0.886554621875 0.2603550296875 0.8928571421875 0.236686390625 0.886554621875 0.20857988125000002 0.8676470593750001 0.1923076921875 0.717436975 0.187869821875 0.6964285718750001 0.20266272187499998 0.6953781515624999 0.2071005921875 0.7006302515625 0.20857988125000002 0.70798319375 0.1982248515625 0.7216386546875 0.1923076921875
53 0.534663865625 0.2115384609375 0.539915965625 0.210059171875 0.54201680625 0.1982248515625 0.55042016875 0.1893491125 0.5462184875 0.183431953125 0.5483193281250001 0.1671597640625 0.534663865625 0.153846153125 0.5357142859375 0.143491125 0.5472689078124999 0.127218934375 0.539915965625 0.1242603546875 0.42436974843749997 0.1242603546875 0.40756302499999997 0.13313609531249998 0.396008403125 0.156804734375 0.3949579828125 0.1715976328125 0.40126050468749996 0.195266271875 0.41806722656249995 0.210059171875 0.534663865625 0.2115384609375
53 0.2510504203125 0.2751479296875 0.2436974796875 0.2662721890625 0.2373949578125 0.23224852031249998 0.242647059375 0.210059171875 0.2552521015625 0.1923076921875 0.1302521015625 0.1937869828125 0.113445378125 0.20266272187499998 0.103991596875 0.2189349109375 0.103991596875 0.2544378703125 0.1239495796875 0.27810650937500003 0.247899159375 0.27810650937500003 0.2510504203125 0.2751479296875
54 0.87920168125 0.386094675 0.875 0.35207100625 0.8182773109375001 0.3535502953125 0.817226890625 0.3831360953125 0.8203781515624999 0.386094675 0.830882353125 0.39053254375 0.87920168125 0.386094675
54 0.9390756296875 0.35207100625 0.8823529406249999 0.3535502953125 0.8834033609375 0.38905325468749996 0.942226890625 0.3875739640625 0.9432773109375001 0.356508875 0.9390756296875 0.35207100625
54 0.7878151265625 0.6124260359375 0.7878151265625 0.5784023671875 0.728991596875 0.57988165625 0.7279411765625 0.6065088750000001 0.7321428578125 0.6109467453125 0.7426470593750001 0.615384615625 0.7878151265625 0.6124260359375
54 0.7951680671875 0.5784023671875 0.794117646875 0.613905325 0.8529411765624999 0.6124260359375 0.8518907562500001 0.5769230765625 0.7951680671875 0.5784023671875
7 0.45693277343750005 0.356508875 0.402310925 0.3550295859375 0.39915966406250003 0.36094674531250004 0.400210084375 0.471893490625 0.4453781515625 0.47633136093750006 0.45798319374999996 0.471893490625 0.45693277343750005 0.356508875
11 0.5136554624999999 0.4630177515625 0.5262605046875 0.4541420125 0.527310925 0.36094674531250004 0.515756303125 0.3535502953125 0.472689075 0.3535502953125 0.46743697500000003 0.357988165625 0.4663865546875 0.46597633125 0.484243696875 0.47781065156249997 0.5073529406249999 0.47781065156249997 0.5136554624999999 0.4630177515625
41 0.4936974796875 0.70118343125 0.49474789843750006 0.64792899375 0.4915966390625 0.6434911249999999 0.4485294125 0.64053254375 0.43487394999999995 0.6464497046875 0.43382352968750004 0.6923076921875 0.438025209375 0.6997041421875 0.47689075625 0.7056213015624999 0.4936974796875 0.70118343125
26 0.5546218484375001 0.6434911249999999 0.5010504203124999 0.6464497046875 0.502100840625 0.7056213015624999 0.55987395 0.702662721875 0.55987395 0.653846153125 0.5546218484375001 0.6434911249999999