51 0.75078125 0.33125 0.03046875 0.03515625
21 0.528125 0.67265625 0.06015625 0.0609375
52 0.2015625 0.71484375 0.13671875 0.01484375
23 0.46328125 0.671875 0.0640625 0.0625
54 0.7878151265625 0.607988165625 0.7878151265625 0.5784023671875 0.7836134453125 0.5739644968750001 0.7279411765625 0.5754437875 0.72689075625 0.607988165625 0.74054621875 0.613905325 0.784663865625 0.6124260359375 0.7878151265625 0.607988165625
54 0.79201680625 0.5754437875 0.7909663859375 0.6124260359375 0.8518907562500001 0.6124260359375 0.849789915625 0.5754437875 0.79201680625 0.5754437875
54 0.8728991593750001 0.350591715625 0.8161764703125 0.3535502953125 0.817226890625 0.384615384375 0.8277310921875 0.38905325468749996 0.875 0.3875739640625 0.8728991593750001 0.350591715625
54 0.9411764703125 0.386094675 0.9390756296875 0.35207100625 0.8834033609375 0.350591715625 0.87920168125 0.356508875 0.87920168125 0.386094675 0.8823529406249999 0.38905325468749996 0.9411764703125 0.386094675
54 0.79201680625 0.1523668640625 0.79201680625 0.1893491125 0.8518907562500001 0.187869821875 0.8487394953124999 0.1523668640625 0.79201680625 0.1523668640625
54 0.78676470625 0.187869821875 0.7857142859375 0.1523668640625 0.72689075625 0.153846153125 0.7258403359375001 0.1819526625 0.7300420171875001 0.1863905328125 0.74054621875 0.190828403125 0.78676470625 0.187869821875
54 0.5567226890625 0.0857988171875 0.49894957968750003 0.08727810625 0.5010504203124999 0.1242603546875 0.5462184875 0.1242603546875 0.5588235296875 0.11538461562499999 0.5567226890625 0.0857988171875
54 0.49054621875000004 0.0843195265625 0.43382352968750004 0.08727810625 0.43277310937499996 0.12278106562499999 0.4936974796875 0.12130177499999999 0.49474789843750006 0.09467455625 0.49054621875000004 0.0843195265625
54 0.2626050421875 0.153846153125 0.20588235312499997 0.153846153125 0.2069327734375 0.190828403125 0.2531512609375 0.1923076921875 0.2647058828125 0.1849112421875 0.2626050421875 0.153846153125
54 0.1418067234375 0.153846153125 0.13970588281250002 0.190828403125 0.19957983125 0.1893491125 0.19957983125 0.153846153125 0.1418067234375 0.153846153125
54 0.17542016875 0.3550295859375 0.1712184875 0.350591715625 0.1165966390625 0.35207100625 0.117647059375 0.3875739640625 0.1628151265625 0.38905325468749996 0.1764705875 0.3816568046875 0.17542016875 0.3550295859375
54 0.0514705875 0.3535502953125 0.05042016875000001 0.3875739640625 0.1113445375 0.3875739640625 0.10924369687499999 0.35207100625 0.0514705875 0.3535502953125
54 0.1974789921875 0.5754437875 0.1418067234375 0.5754437875 0.13970588281250002 0.6124260359375 0.20063025156249997 0.60946745625 0.20063025156249997 0.5784023671875 0.1974789921875 0.5754437875
54 0.2626050421875 0.5754437875 0.20588235312499997 0.5754437875 0.20588235312499997 0.6124260359375 0.2510504203125 0.613905325 0.265756303125 0.6050295859375 0.2626050421875 0.5754437875
53 0.4548319328125 0.79142011875 0.5735294125 0.789940828125 0.5840336140625 0.78402366875 0.597689075 0.75739645 0.597689075 0.7396449703125 0.592436975 0.7233727812499999 0.5756302515625 0.7056213015624999 0.497899159375 0.702662721875 0.4527310921875 0.7071005921875 0.460084034375 0.7278106515625 0.46323529375000005 0.7544378703125 0.451680671875 0.7855029578125 0.4548319328125 0.79142011875
53 0.7436974796875 0.702662721875 0.8655462187499999 0.70118343125 0.8834033609375 0.6863905328125 0.890756303125 0.6597633140625 0.8823529406249999 0.628698225 0.8665966390625 0.615384615625 0.7426470593750001 0.6168639046875 0.7552521015625 0.64792899375 0.7552521015625 0.6686390531249999 0.7415966390625 0.6982248515625 0.7436974796875 0.702662721875
53 0.8319327734374999 0.47337278125 0.8350840343750001 0.47633136093750006 0.955882353125 0.47633136093750006 0.9663865546875 0.4704142015625 0.9779411765624999 0.4497041421875 0.9768907562500001 0.41272189375 0.95798319375 0.392011834375 0.8277310921875 0.392011834375 0.8392857140625001 0.406804734375 0.8434873953125 0.43343195312500005 0.8413865546875 0.452662721875 0.8319327734374999 0.47337278125
53 0.7510504203124999 0.2603550296875 0.7426470593750001 0.2736686390625 0.7468487390625 0.27810650937500003 0.863445378125 0.27810650937500003 0.8760504203125 0.2721893484375 0.8897058828125 0.24408284062500002 0.8844537812500001 0.20857988125000002 0.8665966390625 0.1923076921875 0.7363445375000001 0.1937869828125 0.7373949578125 0.2056213015625 0.747899159375 0.20857988125000002 0.7552521015625 0.2263313609375 0.7510504203124999 0.2603550296875
53 0.5430672265625 0.20857988125000002 0.5294117640625 0.1789940828125 0.5283613453125 0.1597633140625 0.5336134453125 0.14053254375 0.5472689078124999 0.12278106562499999 0.41806722656249995 0.12573964531249998 0.405462184375 0.13313609531249998 0.396008403125 0.1508875734375 0.396008403125 0.183431953125 0.402310925 0.1982248515625 0.41596638593749996 0.210059171875 0.5430672265625 0.20857988125000002
53 0.2300420171875 0.2795857984375 0.2489495796875 0.2751479296875 0.2394957984375 0.24704142031249998 0.2563025203125 0.2115384609375 0.247899159375 0.195266271875 0.24054621874999998 0.1937869828125 0.127100840625 0.1937869828125 0.1123949578125 0.20266272187499998 0.10294117656249999 0.221893490625 0.103991596875 0.255917159375 0.1123949578125 0.270710059375 0.122899159375 0.27810650937500003 0.2300420171875 0.2795857984375
53 0.0451680671875 0.47781065156249997 0.1890756296875 0.48076923125000004 0.21113445312499998 0.4630177515625 0.21743697499999998 0.4363905328125 0.21008403437499998 0.40384615312500005 0.19957983125 0.39053254375 0.1890756296875 0.386094675 0.1712184875 0.386094675 0.16176470625 0.392011834375 0.034663865625 0.392011834375 0.025210084375000004 0.39792899375 0.014705882812500001 0.41568047343750003 0.012605042187500002 0.440828403125 0.0189075625 0.4615384609375 0.032563025 0.4748520703125 0.0451680671875 0.47781065156249997
53 0.24054621874999998 0.6775147921875 0.2436974796875 0.6597633140625 0.24054621874999998 0.661242603125 0.23529411718749998 0.64792899375 0.2489495796875 0.615384615625 0.125 0.615384615625 0.1102941171875 0.6257396453124999 0.10189075624999999 0.6464497046875 0.10504201718749999 0.6804733734374999 0.1218487390625 0.6997041421875 0.25 0.6997041421875 0.24054621874999998 0.6775147921875