37 0.5015625 0.40859375 0.0578125 0.12109375
53 0.2125 0.65390625 0.2015625 0.09765625
11 0.53359375 0.66484375 0.05859375 0.0578125
53 0.53046875 0.74140625 0.146875 0.0859375
53 0.18515625 0.234375 0.146875 0.084375
54 0.4703125 0.10234375 0.05859375 0.03515625
54 0.53359375 0.10390625 0.0609375 0.03828125
53 0.1234375 0.42890625 0.20234375 0.09453125
53 0.81796875 0.23359375 0.14921875 0.0859375
53 0.475 0.165625 0.1484375 0.0859375
54 0.84921875 0.36640625 0.0578125 0.03671875
31 0.56953125 0.409375 0.05859375 0.11796875
51 0.75390625 0.328125 0.0296875 0.03515625
54 0.9125 0.36640625 0.05859375 0.03671875
53 0.909375 0.4296875 0.1484375 0.084375
52 0.50234375 0.79765625 0.13984375 0.01171875
17 0.4703125 0.6671875 0.06015625 0.0625
22 0.36796875 0.409375 0.0609375 0.1140625
5 0.40849684843749995 0.465153846875 0.4617794125 0.4657455625 0.46266806718750003 0.357610946875 0.41082142812500005 0.356281065625 0.40849684843749995 0.465153846875