51 0.7984375 0.51171875 0.0296875 0.03515625
52 0.49921875 0.809375 0.1375 0.01171875
54 0.140756303125 0.1597633140625 0.140756303125 0.1937869828125 0.2027310921875 0.1923076921875 0.1985294125 0.156804734375 0.140756303125 0.1597633140625
54 0.2647058828125 0.1582840234375 0.2069327734375 0.1582840234375 0.20798319375 0.1937869828125 0.2531512609375 0.195266271875 0.2668067234375 0.187869821875 0.2647058828125 0.1582840234375
53 0.178571428125 0.4837278109375 0.1838235296875 0.47337278125 0.1796218484375 0.45857988125000004 0.164915965625 0.4571005921875 0.15966386562499998 0.43343195312500005 0.178571428125 0.41420118281249996 0.188025209375 0.41420118281249996 0.1859243703125 0.4023668640625 0.18067226875 0.40828402343750003 0.1712184875 0.3949704140625 0.0409663859375 0.3949704140625 0.02310924375 0.40384615312500005 0.013655462500000002 0.4230769234375 0.013655462500000002 0.452662721875 0.021008403125 0.46893491093749995 0.033613445312500004 0.479289940625 0.178571428125 0.4837278109375
53 0.1953781515625 0.4822485203125 0.21323529375 0.4630177515625 0.21638655468749998 0.42455621250000003 0.20903361406249998 0.4275147921875 0.21008403437499998 0.4319526625 0.192226890625 0.4615384609375 0.188025209375 0.46005917187499995 0.1953781515625 0.4822485203125
53 0.132352940625 0.7071005921875 0.2447478984375 0.7056213015624999 0.2720588234375 0.7130177515625 0.28676470625 0.70857988125 0.2951680671875 0.6997041421875 0.30987395 0.6642011828125 0.3067226890625 0.6464497046875 0.275210084375 0.6242603546875001 0.2794117640625 0.615384615625 0.12920168125 0.6198224859375 0.11554621875 0.6257396453124999 0.103991596875 0.6449704140625 0.10189075624999999 0.6715976328125 0.1060924375 0.6863905328125 0.11449579843749999 0.6997041421875 0.132352940625 0.7071005921875
53 0.4212184875 0.21449704218750001 0.5756302515625 0.2189349109375 0.5966386546875 0.1982248515625 0.60189075625 0.168639053125 0.5892857140625 0.13313609531249998 0.5724789921875 0.12278106562499999 0.5357142859375 0.128698225 0.4212184875 0.128698225 0.405462184375 0.13905325468750002 0.39810924375 0.153846153125 0.396008403125 0.1804733734375 0.400210084375 0.195266271875 0.4065126046875 0.2056213015625 0.4212184875 0.21449704218750001
53 0.717436975 0.28698224843750003 0.7447478984375 0.2795857984375 0.8728991593750001 0.2795857984375 0.886554621875 0.2647929 0.8928571421875 0.24260354999999997 0.8855042015624999 0.210059171875 0.8665966390625 0.195266271875 0.7394957984375 0.195266271875 0.7163865546875 0.1893491125 0.7016806718749999 0.1982248515625 0.69012605 0.21597633125 0.688025209375 0.24260354999999997 0.692226890625 0.26331360937500004 0.7037815125 0.2810650890625 0.717436975 0.28698224843750003
53 0.826680671875 0.479289940625 0.95798319375 0.48076923125000004 0.9726890750000001 0.4704142015625 0.9821428578125 0.44822485156249997 0.9821428578125 0.4275147921875 0.9768907562500001 0.411242603125 0.9569327734374999 0.3949704140625 0.850064075 0.3949704140625 0.8067226890624999 0.386094675 0.8067226890624999 0.4023668640625 0.80042016875 0.4230769234375 0.7909663859375 0.4289940828125 0.775210084375 0.4230769234375 0.7762605046875 0.445266271875 0.7857142859375 0.4704142015625 0.8035714281249999 0.4837278109375 0.826680671875 0.479289940625
53 0.74579831875 0.702662721875 0.747899159375 0.7056213015624999 0.8676470593750001 0.7056213015624999 0.8802521015625 0.6982248515625 0.8918067234375 0.6760355031249999 0.8928571421875 0.653846153125 0.8876050421875 0.6375739640625 0.87079831875 0.621301775 0.7510504203124999 0.6198224859375 0.7447478984375 0.622781065625 0.7584033609375 0.66272189375 0.7552521015625 0.6849112421875 0.74579831875 0.702662721875
53 0.234243696875 0.5428994078125 0.2300420171875 0.5355029578125 0.2184873953125 0.5369822484375 0.2184873953125 0.554733728125 0.22899159687499998 0.5576923078125 0.2331932765625 0.5532544374999999 0.234243696875 0.5428994078125
53 0.57457983125 0.7958579875 0.58823529375 0.7869822484375 0.599789915625 0.7647929 0.60189075625 0.744082840625 0.592436975 0.7248520703125 0.5787815125 0.7115384609375 0.4527310921875 0.7130177515625 0.46428571406249997 0.7455621296875 0.46428571406249997 0.763313609375 0.4537815125 0.7943786984375001 0.57457983125 0.7958579875
33 0.39390756250000003 0.4097633140625 0.3886554625 0.35946745625 0.335084034375 0.356508875 0.330882353125 0.36094674531250004 0.330882353125 0.4748520703125 0.336134453125 0.479289940625 0.3897058828125 0.47633136093750006 0.39390756250000003 0.4097633140625
42 0.45798319374999996 0.36094674531250004 0.4474789921875 0.356508875 0.40126050468749996 0.35946745625 0.39915966406250003 0.47337278125 0.4222689078125 0.48076923125000004 0.45798319374999996 0.4748520703125 0.45798319374999996 0.36094674531250004
16 0.49894957968750003 0.471893490625 0.5084033609375 0.47781065156249997 0.525210084375 0.4748520703125 0.5294117640625 0.41715976406250005 0.5262605046875 0.36094674531250004 0.5063025203125 0.3550295859375 0.4705882359375 0.357988165625 0.4663865546875 0.378698225 0.469537815625 0.41568047343750003 0.46533613437500004 0.4704142015625 0.48214285781250005 0.47781065156249997 0.49894957968750003 0.471893490625
41 0.49579831875 0.6642011828125 0.4915966390625 0.6464497046875 0.43487394999999995 0.649408284375 0.43592437031250003 0.702662721875 0.44957983125 0.710059171875 0.49474789843750006 0.7056213015624999 0.49579831875 0.6642011828125
37 0.557773109375 0.64792899375 0.50420168125 0.6464497046875 0.49894957968750003 0.65532544375 0.5 0.7071005921875 0.561974790625 0.7056213015624999 0.5609243703125 0.653846153125 0.557773109375 0.64792899375