54 0.9078125 0.36484375 0.05859375 0.03671875
54 0.82109375 0.5875 0.0578125 0.03515625
53 0.81484375 0.23359375 0.146875 0.0859375
54 0.75625 0.58828125 0.0609375 0.03671875
54 0.15625 0.365625 0.06015625 0.03515625
53 0.12421875 0.42734375 0.20078125 0.09453125
53 0.5265625 0.7390625 0.146875 0.0875
16 0.46875 0.6625 0.05859375 0.059375
53 0.81484375 0.65078125 0.14609375 0.0859375
53 0.18359375 0.234375 0.1453125 0.084375
54 0.84375 0.365625 0.06015625 0.03828125
54 0.17890625 0.171875 0.05859375 0.03828125
54 0.178125 0.5875 0.0578125 0.03515625
54 0.46796875 0.10390625 0.06015625 0.03515625
54 0.24296875 0.1734375 0.05859375 0.03828125
54 0.0921875 0.365625 0.05859375 0.03515625
51 0.7515625 0.32734375 0.028125 0.034375
54 0.24296875 0.58828125 0.05859375 0.03671875
54 0.53125 0.10390625 0.05859375 0.03671875
54 0.75625 0.17109375 0.0609375 0.03671875
54 0.81953125 0.17109375 0.06015625 0.03671875
53 0.87734375 0.4265625 0.19765625 0.090625
53 0.47578125 0.16796875 0.1515625 0.084375
14 0.53125 0.6625 0.05859375 0.059375
53 0.2125 0.65078125 0.19921875 0.09765625
52 0.49609375 0.79296875 0.12578125 0.01171875