53 0.20390625 0.2359375 0.20625 0.09609375
54 0.23515625 0.1734375 0.0609375 0.03984375
53 0.52734375 0.753125 0.146875 0.0859375
51 0.40234375 0.640625 0.0296875 0.03515625
54 0.1703125 0.5953125 0.06015625 0.03671875
54 0.1703125 0.1734375 0.06015625 0.03828125
54 0.23515625 0.59609375 0.0609375 0.03828125
53 0.8203125 0.23828125 0.14921875 0.0890625
54 0.76171875 0.596875 0.0609375 0.03984375
53 0.81875 0.6609375 0.15 0.0859375
54 0.82734375 0.59609375 0.06015625 0.03828125
53 0.88203125 0.4375 0.20625 0.09609375
30 0.4671875 0.6765625 0.0609375 0.0609375
54 0.85 0.37109375 0.06171875 0.03828125
54 0.915625 0.3703125 0.0609375 0.03671875
53 0.1796875 0.66015625 0.1578125 0.0875
53 0.4734375 0.16875 0.1515625 0.0859375
13 0.53046875 0.67578125 0.0609375 0.059375