53 0.79140625 0.23203125 0.20234375 0.09453125
53 0.87890625 0.42890625 0.20390625 0.09765625
53 0.5296875 0.7421875 0.14921875 0.0875
54 0.24296875 0.590625 0.06015625 0.03828125
53 0.47734375 0.1671875 0.1484375 0.0828125
53 0.18359375 0.653125 0.146875 0.084375
53 0.12421875 0.428125 0.2015625 0.09296875
53 0.815625 0.65390625 0.15234375 0.0859375
16 0.53359375 0.665625 0.05859375 0.059375
54 0.15625 0.36640625 0.06015625 0.03671875
51 0.79921875 0.5046875 0.028125 0.03515625
54 0.18046875 0.58984375 0.06015625 0.03671875
54 0.09140625 0.36640625 0.0609375 0.03671875
53 0.18515625 0.234375 0.14609375 0.084375
52 0.50390625 0.7953125 0.13515625 0.01015625
18 0.4703125 0.6671875 0.06015625 0.0625