9 0.42890625 0.41484375 0.05859375 0.11953125
31 0.52890625 0.67265625 0.06015625 0.0609375
42 0.465625 0.67421875 0.0609375 0.0625
53 0.5265625 0.74921875 0.14609375 0.0875
53 0.78984375 0.65703125 0.20390625 0.09453125
53 0.1140625 0.43046875 0.2046875 0.09140625
53 0.878125 0.43203125 0.2078125 0.09765625
54 0.23515625 0.1734375 0.0609375 0.03984375
53 0.7953125 0.2328125 0.19296875 0.090625
53 0.47109375 0.16875 0.15234375 0.0859375
53 0.17734375 0.23671875 0.15 0.0859375
53 0.18203125 0.65859375 0.16171875 0.0890625
54 0.1703125 0.17265625 0.06015625 0.03671875
40 0.36015625 0.4140625 0.0609375 0.11796875
51 0.68203125 0.5953125 0.0296875 0.034375
52 0.4984375 0.80390625 0.13984375 0.01328125
12 0.49609375 0.415625 0.06015625 0.12734375