53 0.52734375 0.74921875 0.146875 0.0875
53 0.11484375 0.434375 0.2046875 0.09296875
53 0.20546875 0.23671875 0.2046875 0.09765625
54 0.23671875 0.5953125 0.05859375 0.03671875
53 0.81796875 0.23515625 0.14921875 0.0859375
54 0.23671875 0.1734375 0.05859375 0.03828125
54 0.171875 0.17265625 0.06015625 0.03671875
53 0.17890625 0.659375 0.1546875 0.0875
54 0.53125 0.10390625 0.06015625 0.03671875
51 0.753125 0.33203125 0.0296875 0.034375
54 0.171875 0.5953125 0.06015625 0.03671875
54 0.8484375 0.36953125 0.06015625 0.03828125
53 0.47265625 0.16875 0.14921875 0.0859375
54 0.759375 0.59453125 0.0609375 0.03828125
54 0.9140625 0.36875 0.05859375 0.03671875
54 0.465625 0.10390625 0.0609375 0.03515625
53 0.90859375 0.43359375 0.14921875 0.0859375
54 0.825 0.59375 0.06015625 0.03671875
54 0.759375 0.171875 0.05859375 0.03828125
54 0.146875 0.36953125 0.06015625 0.03828125
54 0.82265625 0.171875 0.06015625 0.03828125
54 0.0828125 0.36875 0.06015625 0.03671875
19 0.53125 0.67421875 0.06015625 0.059375
53 0.29609375 0.65546875 0.0234375 0.07109375
52 0.203125 0.715625 0.13984375 0.01484375
53 0.81171875 0.659375 0.159375 0.090625
23 0.46640625 0.6734375 0.0609375 0.0609375