10 0.5296875 0.67265625 0.06015625 0.0609375
54 0.23515625 0.59453125 0.05859375 0.03828125
53 0.525 0.74921875 0.15 0.0875
54 0.846875 0.36953125 0.06015625 0.03828125
53 0.47265625 0.1671875 0.153125 0.0890625
54 0.821875 0.59375 0.06015625 0.03671875
54 0.91171875 0.36875 0.05859375 0.03671875
54 0.75703125 0.59453125 0.0609375 0.03828125
53 0.18046875 0.23515625 0.1546875 0.0859375
53 0.81640625 0.659375 0.1515625 0.0875
53 0.90703125 0.43515625 0.15234375 0.0890625
53 0.11484375 0.43125 0.20390625 0.090625
53 0.17734375 0.65859375 0.1515625 0.0859375
54 0.08125 0.36875 0.06171875 0.03671875
54 0.16953125 0.59375 0.06015625 0.03671875
54 0.1453125 0.36953125 0.06015625 0.03828125
52 0.88046875 0.490625 0.13828125 0.01328125
51 0.68203125 0.5953125 0.028125 0.034375
53 0.29296875 0.24296875 0.02734375 0.07265625
14 0.46328125 0.6734375 0.05859375 0.06328125