51 0.690625 0.60234375 0.0296875 0.03671875
52 0.2078125 0.72265625 0.14375 0.01484375
46 0.43359375 0.4203125 0.0640625 0.12265625
43 0.47109375 0.68046875 0.06328125 0.0609375
53 0.2552521015625 0.70857988125 0.28046218437500003 0.71597633125 0.29726890781250004 0.7071005921875 0.31092437031250003 0.6789940828125001 0.30882352968750004 0.6464497046875 0.2962184875 0.6242603546875001 0.25945378125 0.613905325 0.2394957984375 0.622781065625 0.1281512609375 0.622781065625 0.113445378125 0.6331360953125 0.10504201718749999 0.649408284375 0.103991596875 0.6760355031249999 0.1081932765625 0.6923076921875 0.1302521015625 0.710059171875 0.2552521015625 0.70857988125
53 0.039915965625 0.4822485203125 0.164915965625 0.4822485203125 0.173319328125 0.467455621875 0.163865546875 0.4644970421875 0.16701680624999998 0.41420118281249996 0.16176470625 0.4097633140625 0.1659663859375 0.3964497046875 0.16071428593749998 0.3949704140625 0.0430672265625 0.3949704140625 0.0241596640625 0.40384615312500005 0.014705882812500001 0.4230769234375 0.013655462500000002 0.44822485156249997 0.0178571421875 0.4630177515625 0.026260504687500002 0.4748520703125 0.039915965625 0.4822485203125
53 0.132352940625 0.282544378125 0.2636554625 0.28402366875 0.2720588234375 0.2884615390625 0.2930672265625 0.282544378125 0.30987395 0.2529585796875 0.307773109375 0.2263313609375 0.2909663859375 0.23076923124999998 0.261554621875 0.20266272187499998 0.261554621875 0.195266271875 0.12920168125 0.195266271875 0.11554621875 0.20414201250000003 0.10504201718749999 0.2248520703125 0.103991596875 0.248520709375 0.1081932765625 0.26331360937500004 0.117647059375 0.2751479296875 0.132352940625 0.282544378125
53 0.4264705875 0.21301775156249997 0.55987395 0.2115384609375 0.5483193281250001 0.2056213015625 0.5357142859375 0.1745562125 0.5409663859375 0.14644970468750002 0.5535714281249999 0.13313609531249998 0.5483193281250001 0.12573964531249998 0.43067226875 0.12573964531249998 0.41176470624999995 0.134615384375 0.402310925 0.1523668640625 0.400210084375 0.176035503125 0.40336134531249995 0.190828403125 0.41071428593750003 0.20266272187499998 0.4264705875 0.21301775156249997
53 0.6029411765625 0.195266271875 0.6081932765625 0.1597633140625 0.5934873953124999 0.161242603125 0.5987394953125 0.17011834374999998 0.5966386546875 0.1849112421875 0.585084034375 0.1863905328125 0.580882353125 0.2056213015625 0.58298319375 0.21597633125 0.5913865546875 0.21301775156249997 0.6029411765625 0.195266271875
53 0.7510504203124999 0.2795857984375 0.87920168125 0.2795857984375 0.8928571421875 0.26923076875 0.9023109249999999 0.24260354999999997 0.8970588234375001 0.2115384609375 0.8855042015624999 0.1982248515625 0.8739495796875 0.1937869828125 0.7578781515624999 0.1937869828125 0.722689075 0.187869821875 0.7048319328125 0.20118343125 0.6974789921875 0.2189349109375 0.6953781515624999 0.24260354999999997 0.7027310921875001 0.270710059375 0.724789915625 0.2855029578125 0.7510504203124999 0.2795857984375
53 0.8571428578125 0.4497041421875 0.8466386546875 0.48076923125000004 0.9684873953125 0.4822485203125 0.9831932765625 0.471893490625 0.9926470593750001 0.4497041421875 0.9915966390625 0.42159763281249996 0.9810924375000001 0.4023668640625 0.9716386546875 0.3964497046875 0.8455882359375 0.3964497046875 0.844537815625 0.406804734375 0.8529411765624999 0.41420118281249996 0.8571428578125 0.4319526625 0.8571428578125 0.4497041421875
53 0.747899159375 0.710059171875 0.7510504203124999 0.7115384609375 0.8781512609375 0.710059171875 0.8939075624999999 0.6982248515625 0.9023109249999999 0.6775147921875 0.9033613453125 0.661242603125 0.8970588234375001 0.64053254375 0.87920168125 0.622781065625 0.75 0.6257396453124999 0.765756303125 0.65532544375 0.765756303125 0.6720902359375 0.7563025203125 0.70118343125 0.747899159375 0.710059171875
53 0.45693277343750005 0.8002958578125 0.580882353125 0.8002958578125 0.5945378156250001 0.79142011875 0.6071428578125 0.7647929 0.603991596875 0.7396449703125 0.58823529375 0.71597633125 0.46533613437500004 0.7144970421875 0.455882353125 0.71597633125 0.4684873953125 0.744082840625 0.4684873953125 0.770710059375 0.45693277343750005 0.8002958578125
54 0.201680671875 0.5828402359375 0.1439075625 0.5843195265625 0.1439075625 0.6198224859375 0.20378151249999998 0.6198224859375 0.20483193281249998 0.5917159765625 0.201680671875 0.5828402359375
54 0.2699579828125 0.613905325 0.2678571421875 0.5828402359375 0.20903361406249998 0.5843195265625 0.20903361406249998 0.6168639046875 0.21218487343749998 0.621301775 0.2552521015625 0.621301775 0.2699579828125 0.613905325
54 0.7962184875 0.5828402359375 0.7373949578125 0.5843195265625 0.7373949578125 0.615384615625 0.75420168125 0.621301775 0.7972689078124999 0.6183431953125 0.7962184875 0.5828402359375
54 0.859243696875 0.5828402359375 0.8025210078124999 0.5843195265625 0.8025210078124999 0.6198224859375 0.8623949578125 0.6198224859375 0.8623949578125 0.5857988171875 0.859243696875 0.5828402359375
54 0.8939075624999999 0.3550295859375 0.8949579828124999 0.393491125 0.9527310921875 0.392011834375 0.951680671875 0.3550295859375 0.8939075624999999 0.3550295859375
54 0.8876050421875 0.3550295859375 0.8340336140625 0.3535502953125 0.8277310921875 0.357988165625 0.826680671875 0.384615384375 0.8392857140625001 0.393491125 0.8886554625 0.39053254375 0.8876050421875 0.3550295859375
48 0.3413865546875 0.357988165625 0.336134453125 0.3624260359375 0.336134453125 0.47781065156249997 0.3928571421875 0.479289940625 0.39390756250000003 0.36094674531250004 0.3413865546875 0.357988165625
33 0.532563025 0.36094674531250004 0.525210084375 0.356508875 0.4915966390625 0.357988165625 0.4758403359375 0.35946745625 0.472689075 0.365384615625 0.472689075 0.47633136093750006 0.48004201718750006 0.48076923125000004 0.532563025 0.47781065156249997 0.532563025 0.36094674531250004
5 0.5126050421875 0.649408284375 0.5052521015625 0.656804734375 0.5052521015625 0.710059171875 0.5661764703125 0.70857988125 0.5640756296875 0.6508875734374999 0.5126050421875 0.649408284375