51 0.76171875 0.3359375 0.0296875 0.03515625
53 0.013655462500000002 0.4275147921875 0.0168067234375 0.4615384609375 0.0378151265625 0.4822485203125 0.164915965625 0.479289940625 0.157563025 0.4704142015625 0.15126050468750002 0.4497041421875 0.1586134453125 0.41420118281249996 0.163865546875 0.41420118281249996 0.1586134453125 0.40828402343750003 0.1586134453125 0.3964497046875 0.0357142859375 0.3964497046875 0.0241596640625 0.40384615312500005 0.013655462500000002 0.4275147921875
53 0.4128151265625 0.134615384375 0.40126050468749996 0.156804734375 0.4044117640625 0.1923076921875 0.42436974843749997 0.21301775156249997 0.5546218484375001 0.21301775156249997 0.5777310921875001 0.2189349109375 0.5945378156250001 0.210059171875 0.6081932765625 0.1819526625 0.6081932765625 0.161242603125 0.599789915625 0.136094675 0.5756302515625 0.1198224859375 0.54579831875 0.12573964531249998 0.42436974843749997 0.127218934375 0.4128151265625 0.134615384375
53 0.7668067234375 0.2352071 0.765756303125 0.2544378703125 0.7563025203125 0.2736686390625 0.7573529406249999 0.2795857984375 0.8802521015625 0.2795857984375 0.8886554625 0.2751479296875 0.9012605046875001 0.25147929062499996 0.9012605046875001 0.22337278125 0.896008403125 0.210059171875 0.8813025203124999 0.195266271875 0.7563025203125 0.195266271875 0.7668067234375 0.2352071
53 0.813025209375 0.39053254375 0.80042016875 0.39792899375 0.7878151265625 0.418639053125 0.7857142859375 0.44822485156249997 0.788865546875 0.46005917187499995 0.7993697484375 0.47781065156249997 0.8203781515624999 0.48668639062499996 0.967436975 0.4822485203125 0.984243696875 0.4704142015625 0.9926470593750001 0.4497041421875 0.9894957984375001 0.41568047343750003 0.9779411765624999 0.399408284375 0.9663865546875 0.3949704140625 0.8371848734375 0.3949704140625 0.813025209375 0.39053254375
53 0.7626050421875 0.64053254375 0.765756303125 0.6775147921875 0.7626050421875 0.6923076921875 0.7510504203124999 0.7115384609375 0.8771008406249999 0.710059171875 0.8939075624999999 0.6982248515625 0.9023109249999999 0.6775147921875 0.900210084375 0.64792899375 0.8928571421875 0.6331360953125 0.87920168125 0.622781065625 0.7531512609375 0.6257396453124999 0.7626050421875 0.64053254375
53 0.4705882359375 0.744082840625 0.4705882359375 0.7677514796875 0.4548319328125 0.8062130171874999 0.49264705937500003 0.79881656875 0.5787815125 0.8002958578125 0.5966386546875 0.7884615390625 0.6060924375 0.7647929 0.6008403359375001 0.7322485203125 0.5913865546875 0.7189349109375 0.5787815125 0.7130177515625 0.45693277343750005 0.71597633125 0.4705882359375 0.744082840625
53 0.103991596875 0.6775147921875 0.1081932765625 0.690828403125 0.122899159375 0.7071005921875 0.2563025203125 0.70857988125 0.2436974796875 0.6923076921875 0.2394957984375 0.6730769234375 0.2394957984375 0.653846153125 0.2552521015625 0.621301775 0.127100840625 0.622781065625 0.113445378125 0.6331360953125 0.1060924375 0.6464497046875 0.103991596875 0.6775147921875
28 0.497899159375 0.6508875734374999 0.4453781515625 0.649408284375 0.44012605000000005 0.653846153125 0.44117647031249996 0.6893491125 0.4317226890625 0.702662721875 0.45903361406250004 0.7115384609375 0.49894957968750003 0.70857988125 0.497899159375 0.6508875734374999
15 0.5052521015625 0.6597633140625 0.5052521015625 0.710059171875 0.5661764703125 0.70857988125 0.5661764703125 0.656804734375 0.563025209375 0.6508875734374999 0.5084033609375 0.6508875734374999 0.5052521015625 0.6597633140625
54 0.752100840625 0.621301775 0.7972689078124999 0.6183431953125 0.7972689078124999 0.5828402359375 0.7373949578125 0.5843195265625 0.738445378125 0.615384615625 0.752100840625 0.621301775
54 0.8025210078124999 0.5843195265625 0.8025210078124999 0.6198224859375 0.863445378125 0.6183431953125 0.8602941171875 0.5828402359375 0.8025210078124999 0.5843195265625
54 0.8277310921875 0.357988165625 0.8287815125 0.38905325468749996 0.8413865546875 0.3949704140625 0.8886554625 0.392011834375 0.8876050421875 0.3550295859375 0.8340336140625 0.3535502953125 0.8277310921875 0.357988165625
54 0.8939075624999999 0.393491125 0.9527310921875 0.392011834375 0.951680671875 0.3550295859375 0.8939075624999999 0.3550295859375 0.890756303125 0.35946745625 0.8939075624999999 0.393491125
54 0.7373949578125 0.156804734375 0.7363445375000001 0.1849112421875 0.747899159375 0.1923076921875 0.79201680625 0.1923076921875 0.7972689078124999 0.187869821875 0.7962184875 0.153846153125 0.7373949578125 0.156804734375
54 0.8025210078124999 0.15532544375 0.8025210078124999 0.190828403125 0.863445378125 0.1893491125 0.8602941171875 0.153846153125 0.8025210078124999 0.15532544375
54 0.5493697484375 0.12573964531249998 0.5661764703125 0.1183431953125 0.5640756296875 0.0857988171875 0.5052521015625 0.088757396875 0.5073529406249999 0.1242603546875 0.5493697484375 0.12573964531249998
54 0.44012605000000005 0.088757396875 0.43907562968749997 0.12278106562499999 0.5010504203124999 0.12278106562499999 0.497899159375 0.0857988171875 0.44012605000000005 0.088757396875
54 0.1197478984375 0.3550295859375 0.1186974796875 0.39053254375 0.1218487390625 0.393491125 0.16176470625 0.3964497046875 0.1796218484375 0.3875739640625 0.1775210078125 0.3550295859375 0.1197478984375 0.3550295859375
54 0.054621848437499995 0.3550295859375 0.0525210078125 0.393491125 0.11449579843749999 0.39053254375 0.1123949578125 0.3550295859375 0.054621848437499995 0.3550295859375
54 0.1439075625 0.5843195265625 0.1428571421875 0.6198224859375 0.20378151249999998 0.6198224859375 0.201680671875 0.5828402359375 0.1439075625 0.5843195265625
54 0.2563025203125 0.621301775 0.2699579828125 0.615384615625 0.2678571421875 0.5828402359375 0.21008403437499998 0.5828402359375 0.20903361406249998 0.6198224859375 0.2563025203125 0.621301775