22 0.46875 0.66796875 0.06015625 0.0609375
53 0.53125 0.74140625 0.14375 0.0859375
54 0.53359375 0.103125 0.05859375 0.03671875
54 0.4703125 0.103125 0.06015625 0.03671875
54 0.24375 0.590625 0.05859375 0.03828125
54 0.825 0.58984375 0.0578125 0.03671875
51 0.79921875 0.5046875 0.03046875 0.03515625
53 0.18515625 0.234375 0.14921875 0.084375
54 0.84921875 0.36640625 0.06015625 0.03671875
54 0.18046875 0.17109375 0.06015625 0.03671875
54 0.24375 0.171875 0.05859375 0.03828125
18 0.53359375 0.66640625 0.0609375 0.0578125
54 0.9125 0.36640625 0.05859375 0.03671875
54 0.17890625 0.58984375 0.06015625 0.03671875
54 0.76015625 0.1703125 0.05859375 0.03828125
53 0.81796875 0.65390625 0.14921875 0.0859375
54 0.825 0.1703125 0.06015625 0.03828125
54 0.76015625 0.590625 0.05859375 0.03828125
53 0.484375 0.16640625 0.165625 0.090625
53 0.81640625 0.23359375 0.15 0.0859375
53 0.89765625 0.42890625 0.1671875 0.0890625
53 0.584375 0.165625 0.03984375 0.09453125
53 0.18515625 0.6546875 0.1484375 0.0875