53 0.85 0.2640625 0.20703125 0.09609375
53 0.47265625 0.16875 0.14921875 0.0859375
51 0.74140625 0.58984375 0.0296875 0.03671875
53 0.528125 0.75234375 0.146875 0.0875
35 0.88359375 0.1765625 0.05859375 0.08125
2 0.43046875 0.41875 0.06015625 0.12421875
53 0.9109375 0.571875 0.1484375 0.0875
53 0.11484375 0.571875 0.20390625 0.09296875
11 0.56640625 0.384375 0.0609375 0.12734375
33 0.08203125 0.49375 0.0609375 0.059375
53 0.146875 0.2625 0.20390625 0.09296875
47 0.81953125 0.178125 0.0640625 0.078125
49 0.63515625 0.3859375 0.0609375 0.12578125
23 0.49765625 0.384375 0.0640625 0.13046875
38 0.17542016875 0.467455621875 0.125 0.4644970421875 0.11554621875 0.471893490625 0.117647059375 0.5251479296875 0.164915965625 0.5281065093749999 0.1775210078125 0.5177514796875 0.17542016875 0.467455621875
6 0.390756303125 0.36094674531250004 0.3876050421875 0.356508875 0.33298319374999996 0.35946745625 0.33298319374999996 0.47337278125 0.3886554625 0.47633136093750006 0.3918067234375 0.467455621875 0.390756303125 0.36094674531250004