53 0.528125 0.7390625 0.1453125 0.084375
54 0.82109375 0.5875 0.06015625 0.03515625
53 0.81484375 0.23359375 0.14609375 0.0859375
54 0.75625 0.58828125 0.0609375 0.03671875
54 0.15625 0.365625 0.06015625 0.03515625
53 0.12421875 0.42734375 0.20078125 0.09453125
53 0.184375 0.234375 0.14375 0.084375
54 0.9078125 0.36484375 0.0609375 0.03671875
54 0.84375 0.365625 0.06015625 0.03828125
53 0.81640625 0.65078125 0.1453125 0.0859375
54 0.17890625 0.171875 0.05859375 0.03828125
54 0.17890625 0.5875 0.06015625 0.03515625
54 0.46796875 0.10390625 0.06015625 0.03515625
53 0.87578125 0.4265625 0.19765625 0.090625
54 0.24296875 0.58828125 0.05859375 0.03671875
54 0.0921875 0.365625 0.05859375 0.03515625
54 0.24296875 0.1734375 0.05859375 0.03828125
53 0.478125 0.16796875 0.1546875 0.084375
51 0.54375 0.26953125 0.028125 0.0328125
54 0.75625 0.17109375 0.0609375 0.03671875
54 0.82109375 0.17109375 0.0578125 0.03671875
54 0.53125 0.10390625 0.05859375 0.03671875
55 0.46875 0.66328125 0.0609375 0.0609375
53 0.2125 0.65078125 0.2015625 0.09765625
52 0.7875 0.7046875 0.13828125 0.01015625
17 0.5609243703125 0.6937869828125 0.5609243703125 0.6375739640625 0.5052521015625 0.634615384375 0.5010504203124999 0.64053254375 0.502100840625 0.6937869828125 0.5609243703125 0.6937869828125