53 0.20625 0.66484375 0.2078125 0.09609375
53 0.48046875 0.16953125 0.15859375 0.0875
53 0.11640625 0.4375 0.20703125 0.09453125
53 0.1796875 0.23828125 0.1515625 0.0859375
54 0.83203125 0.6 0.05859375 0.03671875
54 0.921875 0.3734375 0.06015625 0.03671875
53 0.91875 0.43828125 0.1484375 0.090625
54 0.85703125 0.3734375 0.0609375 0.03671875
53 0.53125 0.75703125 0.14921875 0.0859375
51 0.40625 0.64609375 0.028125 0.034375
54 0.7671875 0.6015625 0.0609375 0.03984375
52 0.890625 0.4953125 0.140625 0.01171875
53 0.79921875 0.2375 0.2046875 0.09609375
53 0.821875 0.6671875 0.15859375 0.09140625
13 0.3341376046875 0.47833579843749996 0.3973455875 0.47987721875 0.3969254203125 0.3601079875 0.33747058750000003 0.35822633125 0.3341376046875 0.47833579843749996
16 0.40214180624999996 0.4794659765625 0.4653487390625 0.48100739687500005 0.464929621875 0.361238165625 0.4054737390625 0.359356509375 0.40214180624999996 0.4794659765625
20 0.47178151250000006 0.477309171875 0.5349894953125001 0.4788491125 0.534570378125 0.3590813609375 0.47511449531250005 0.3571997046875 0.47178151250000006 0.477309171875