46 0.56953125 0.4109375 0.0609375 0.11796875
53 0.2109375 0.234375 0.2015625 0.09609375
53 0.2109375 0.65234375 0.2015625 0.09453125
32 0.46875 0.66796875 0.06015625 0.0609375
54 0.825 0.590625 0.0578125 0.03828125
40 0.3671875 0.409375 0.06015625 0.11953125
2 0.53359375 0.66484375 0.05703125 0.0578125
14 0.43359375 0.41015625 0.05703125 0.12265625
51 0.4078125 0.63359375 0.0296875 0.034375
53 0.4765625 0.165625 0.1515625 0.0859375
53 0.81640625 0.65390625 0.15 0.0859375
53 0.87890625 0.428125 0.20390625 0.09609375
53 0.1234375 0.42890625 0.20234375 0.09453125
54 0.759375 0.590625 0.0609375 0.03828125
53 0.53125 0.74140625 0.1484375 0.0859375
53 0.58515625 0.18359375 0.0359375 0.0625
53 0.79375 0.2296875 0.19921875 0.09296875
13 0.5015625 0.4109375 0.0578125 0.12109375
53 0.69765625 0.65625 0.015625 0.0609375