32 0.46640625 0.6765625 0.0609375 0.0609375
53 0.85 0.2640625 0.20703125 0.090625
54 0.146875 0.2 0.125 0.03828125
53 0.5265625 0.753125 0.1515625 0.0859375
54 0.53046875 0.10546875 0.0609375 0.03984375
54 0.0828125 0.50703125 0.06015625 0.03671875
53 0.4703125 0.16953125 0.14609375 0.0875
54 0.85 0.50703125 0.06171875 0.03828125
53 0.11484375 0.57109375 0.20703125 0.09765625
53 0.9109375 0.571875 0.14921875 0.0875
54 0.915625 0.50703125 0.05859375 0.03515625
54 0.4671875 0.10390625 0.0609375 0.03515625
52 0.4984375 0.80703125 0.13984375 0.01328125
54 0.146875 0.50703125 0.06015625 0.03828125
51 0.40390625 0.640625 0.028125 0.03515625
0 0.53125 0.67578125 0.06015625 0.059375
53 0.11796875 0.26328125 0.1484375 0.0859375