51 0.79140625 0.3546875 0.0296875 0.03671875
52 0.88359375 0.62734375 0.13671875 0.01328125
10 0.4671875 0.67578125 0.0609375 0.0625
53 0.4317226890625 0.2115384609375 0.53676470625 0.210059171875 0.5714285718750001 0.21745562187499998 0.58298319375 0.21301775156249997 0.5966386546875 0.1982248515625 0.6029411765625 0.17011834374999998 0.60189075625 0.153846153125 0.592436975 0.13313609531249998 0.57457983125 0.1198224859375 0.4212184875 0.12573964531249998 0.4065126046875 0.136094675 0.39810924375 0.153846153125 0.3970588234375 0.176035503125 0.402310925 0.195266271875 0.414915965625 0.20857988125000002 0.4317226890625 0.2115384609375
53 0.8067226890624999 0.29881656875 0.8067226890624999 0.3076923078125 0.9275210078124999 0.3076923078125 0.9453781515624999 0.2928994078125 0.9527310921875 0.270710059375 0.9464285718750001 0.236686390625 0.9285714281249999 0.221893490625 0.8067226890624999 0.2204142015625 0.8046218484375001 0.2263313609375 0.8182773109375001 0.2529585796875 0.8182773109375001 0.2751479296875 0.8067226890624999 0.29881656875
53 0.8434873953125 0.600591715625 0.8350840343750001 0.613905325 0.9621848734375 0.613905325 0.9768907562500001 0.60207100625 0.984243696875 0.5828402359375 0.9852941171875 0.5650887578125 0.9800420171875001 0.5458579875 0.9611344531249999 0.5281065093749999 0.8319327734374999 0.5310650890625 0.830882353125 0.5710059171874999 0.8371848734375 0.5724852078125 0.8434873953125 0.5902366859375 0.8434873953125 0.600591715625
53 0.46428571406249997 0.7736686390624999 0.45693277343750005 0.7855029578125 0.460084034375 0.7958579875 0.5756302515625 0.7943786984375001 0.58823529375 0.7869822484375 0.60189075625 0.7662721890624999 0.60189075625 0.73816568125 0.5798319328125 0.710059171875 0.45798319374999996 0.7115384609375 0.455882353125 0.71597633125 0.46323529375000005 0.7278106515625 0.4663865546875 0.7455621296875 0.46428571406249997 0.7736686390624999
53 0.163865546875 0.600591715625 0.196428571875 0.5251479296875 0.0357142859375 0.5281065093749999 0.02310924375 0.5369822484375 0.012605042187500002 0.5606508875 0.0168067234375 0.596153846875 0.0357142859375 0.613905325 0.164915965625 0.613905325 0.163865546875 0.600591715625
53 0.20903361406249998 0.6050295859375 0.21743697499999998 0.5739644968750001 0.215336134375 0.5532544374999999 0.21008403437499998 0.539940828125 0.1953781515625 0.547337278125 0.19432773125 0.5680473375 0.20483193281249998 0.5769230765625 0.20378151249999998 0.600591715625 0.20903361406249998 0.6050295859375
53 0.1890756296875 0.2855029578125 0.1932773109375 0.22337278125 0.06932773125 0.221893490625 0.054621848437499995 0.23076923124999998 0.0451680671875 0.25147929062499996 0.0493697484375 0.2884615390625 0.06932773125 0.3076923078125 0.19432773125 0.3062130171875 0.1890756296875 0.2855029578125
54 0.8781512609375 0.48816568125000004 0.8193277312499999 0.4911242609375 0.8182773109375001 0.5177514796875 0.8287815125 0.5251479296875 0.8813025203124999 0.5251479296875 0.8781512609375 0.48816568125000004
54 0.8855042015624999 0.4896449703125 0.8855042015624999 0.5251479296875 0.9464285718750001 0.5251479296875 0.9432773109375001 0.48816568125000004 0.8855042015624999 0.4896449703125
54 0.1449579828125 0.1863905328125 0.1418067234375 0.1819526625 0.08508403437499999 0.1819526625 0.0840336140625 0.2189349109375 0.13445378125000002 0.2204142015625 0.1449579828125 0.21597633125 0.1449579828125 0.1863905328125
54 0.21113445312499998 0.2115384609375 0.20798319375 0.1819526625 0.15441176406249998 0.1804733734375 0.14810924375 0.1849112421875 0.1470588234375 0.21301775156249997 0.15441176406249998 0.2204142015625 0.1953781515625 0.2204142015625 0.21113445312499998 0.2115384609375
7 0.5147058828125 0.6449704140625 0.5010504203124999 0.649408284375 0.5010504203124999 0.7056213015624999 0.5609243703125 0.7056213015624999 0.5588235296875 0.6464497046875 0.5147058828125 0.6449704140625