53 0.5234375 0.74140625 0.1484375 0.0859375
54 0.23671875 0.171875 0.05859375 0.03828125
54 0.75390625 0.58984375 0.05859375 0.03671875
53 0.2046875 0.65234375 0.2015625 0.09765625
54 0.4640625 0.103125 0.05859375 0.03671875
53 0.090625 0.42890625 0.15 0.0859375
54 0.7546875 0.1703125 0.06015625 0.03828125
54 0.17265625 0.17109375 0.06015625 0.03671875
53 0.17890625 0.23515625 0.14921875 0.0859375
53 0.8140625 0.23203125 0.146875 0.0859375
54 0.17265625 0.58984375 0.06015625 0.03671875
54 0.2375 0.590625 0.05859375 0.03828125
54 0.81953125 0.58984375 0.05859375 0.03671875
54 0.8421875 0.36640625 0.06015625 0.03671875
54 0.1484375 0.3671875 0.06015625 0.03828125
54 0.08515625 0.365625 0.05859375 0.03515625
54 0.81796875 0.1703125 0.0609375 0.03828125
53 0.4703125 0.165625 0.14921875 0.0859375
53 0.7859375 0.653125 0.2015625 0.09609375
51 0.68046875 0.590625 0.028125 0.034375
54 0.90703125 0.36640625 0.06015625 0.03671875
54 0.52890625 0.10390625 0.06015625 0.03828125
53 0.89765625 0.428125 0.1546875 0.0875
19 0.528125 0.66484375 0.0578125 0.0578125
52 0.11640625 0.48671875 0.13828125 0.01484375
35 0.4640625 0.665625 0.06328125 0.059375
53 0.29296875 0.25 0.0296875 0.05625