55 0.42890625 0.41015625 0.0609375 0.1171875
51 0.6796875 0.590625 0.028125 0.034375
52 0.1125 0.48671875 0.13046875 0.01328125
53 0.16071428593749998 0.467455621875 0.152310925 0.44822485156249997 0.150210084375 0.4304733734375 0.1533613453125 0.4097633140625 0.1659663859375 0.39053254375 0.04201680625 0.3875739640625 0.025210084375000004 0.39792899375 0.0168067234375 0.41715976406250005 0.0199579828125 0.4541420125 0.038865546875000004 0.47337278125 0.157563025 0.471893490625 0.16071428593749998 0.467455621875
53 0.1386554625 0.6967455625000001 0.252100840625 0.695266271875 0.28046218437500003 0.70118343125 0.3025210078125 0.6819526625 0.307773109375 0.6597633140625 0.30567226875000003 0.634615384375 0.2993697484375 0.6198224859375 0.2815126046875 0.6050295859375 0.243960084375 0.6109467453125 0.1281512609375 0.6109467453125 0.1165966390625 0.6183431953125 0.10714285781249999 0.634615384375 0.10504201718749999 0.6597633140625 0.10924369687499999 0.6760355031249999 0.1186974796875 0.6893491125 0.1386554625 0.6967455625000001
53 0.451680671875 0.782544378125 0.45693277343750005 0.7855029578125 0.5714285718750001 0.78402366875 0.585084034375 0.7751479296875 0.5966386546875 0.75 0.5913865546875 0.71597633125 0.5766806718749999 0.70118343125 0.4527310921875 0.6982248515625 0.45063025156250003 0.702662721875 0.46428571406249997 0.7337278109375001 0.4621848734375 0.755917159375 0.451680671875 0.782544378125
53 0.7121848734375 0.70118343125 0.863445378125 0.695266271875 0.8823529406249999 0.6775147921875 0.8876050421875 0.653846153125 0.8802521015625 0.6242603546875001 0.8571428578125 0.60946745625 0.7394957984375 0.6109467453125 0.71323529375 0.6050295859375 0.6964285718750001 0.6168639046875 0.68487395 0.6449704140625 0.68487395 0.6671597640625 0.69012605 0.6819526625 0.7037815125 0.6982248515625 0.7121848734375 0.70118343125
53 0.840336134375 0.440828403125 0.8340336140625 0.4497041421875 0.8319327734374999 0.4644970421875 0.8203781515624999 0.47337278125 0.9485294124999999 0.47337278125 0.9621848734375 0.46597633125 0.974789915625 0.440828403125 0.9758403359375001 0.4230769234375 0.9705882359375 0.40532544374999996 0.9537815125 0.38905325468749996 0.8214285718750001 0.386094675 0.8319327734374999 0.3949704140625 0.8340336140625 0.4230769234375 0.8392857140625001 0.42603550312499994 0.840336134375 0.440828403125
53 0.5735294125 0.21301775156249997 0.5535714281249999 0.1449704140625 0.55987395 0.127218934375 0.5714285718750001 0.12130177499999999 0.5682773109375 0.1183431953125 0.534663865625 0.12573964531249998 0.42436974843749997 0.1242603546875 0.4065126046875 0.13313609531249998 0.3970588234375 0.1508875734375 0.396008403125 0.1775147921875 0.40126050468749996 0.1923076921875 0.41596638593749996 0.2071005921875 0.5735294125 0.21301775156249997
53 0.580882353125 0.2071005921875 0.592436975 0.1982248515625 0.5987394953125 0.1789940828125 0.5966386546875 0.14644970468750002 0.5840336140625 0.156804734375 0.5777310921875001 0.1745562125 0.5661764703125 0.1849112421875 0.5798319328125 0.1937869828125 0.580882353125 0.2071005921875
53 0.2815126046875 0.282544378125 0.2993697484375 0.2677514796875 0.307773109375 0.24408284062500002 0.3067226890625 0.2204142015625 0.28676470625 0.221893490625 0.2794117640625 0.2115384609375 0.28046218437500003 0.187869821875 0.277310925 0.1863905328125 0.257352940625 0.1923076921875 0.132352940625 0.1923076921875 0.1186974796875 0.1982248515625 0.1060924375 0.221893490625 0.1081932765625 0.255917159375 0.12920168125 0.27662721874999996 0.24354726875 0.27662721874999996 0.2815126046875 0.282544378125
54 0.1113445375 0.34911242656249997 0.0567226890625 0.34911242656249997 0.0567226890625 0.386094675 0.11554621875 0.3831360953125 0.11449579843749999 0.35207100625 0.1113445375 0.34911242656249997
54 0.178571428125 0.350591715625 0.1197478984375 0.350591715625 0.12079831875 0.386094675 0.1680672265625 0.386094675 0.1796218484375 0.3801775140625 0.178571428125 0.350591715625
54 0.7857142859375 0.5784023671875 0.782563025 0.5710059171874999 0.7258403359375001 0.5739644968750001 0.72689075625 0.6035502953125 0.74054621875 0.60946745625 0.7836134453125 0.6065088750000001 0.7857142859375 0.5784023671875
54 0.844537815625 0.5710059171874999 0.789915965625 0.5754437875 0.7909663859375 0.607988165625 0.8487394953124999 0.6050295859375 0.8487394953124999 0.57988165625 0.844537815625 0.5710059171874999
14 0.3897058828125 0.3535502953125 0.33928571406249997 0.350591715625 0.3319327734375 0.356508875 0.3319327734375 0.46597633125 0.335084034375 0.4704142015625 0.3897058828125 0.467455621875 0.3897058828125 0.3535502953125
12 0.5063025203125 0.46005917187499995 0.5220588234375 0.4615384609375 0.5262605046875 0.43343195312500005 0.5241596640624999 0.3535502953125 0.47163865468750005 0.350591715625 0.4663865546875 0.356508875 0.46533613437500004 0.4630177515625 0.47163865468750005 0.4704142015625 0.4936974796875 0.4748520703125 0.5063025203125 0.46005917187499995