53 0.52578125 0.74921875 0.1484375 0.0875
53 0.2046875 0.2359375 0.2046875 0.09609375
54 0.23515625 0.1734375 0.05859375 0.03828125
54 0.23515625 0.59453125 0.0609375 0.03828125
54 0.84609375 0.3703125 0.06171875 0.03984375
53 0.81796875 0.2359375 0.146875 0.0875
53 0.9078125 0.4328125 0.1484375 0.0875
54 0.1703125 0.17265625 0.06015625 0.03671875
54 0.75703125 0.59453125 0.0609375 0.03828125
54 0.91171875 0.36875 0.05859375 0.03671875
54 0.821875 0.59375 0.06015625 0.03671875
54 0.1703125 0.59375 0.0578125 0.03671875
53 0.7890625 0.6578125 0.2046875 0.09609375
54 0.1453125 0.36953125 0.06015625 0.03828125
53 0.18203125 0.6578125 0.159375 0.0875
54 0.821875 0.17109375 0.06015625 0.03671875
54 0.08125 0.36875 0.06171875 0.03671875
54 0.75703125 0.171875 0.0609375 0.03828125
53 0.471875 0.1671875 0.1546875 0.0890625
53 0.0859375 0.43359375 0.14921875 0.0859375
19 0.5296875 0.6734375 0.06015625 0.0609375
52 0.79296875 0.2921875 0.13828125 0.01328125
51 0.30546875 0.603125 0.03046875 0.03125
27 0.465625 0.6734375 0.06328125 0.0625