54 0.4734375 0.103125 0.0578125 0.03671875
53 0.5328125 0.74140625 0.146875 0.0859375
54 0.24609375 0.590625 0.0578125 0.03828125
43 0.4734375 0.6671875 0.06171875 0.0625
51 0.28359375 0.32265625 0.0296875 0.03515625
53 0.82265625 0.2328125 0.14921875 0.0875
54 0.5375 0.1046875 0.05859375 0.04140625
54 0.76328125 0.590625 0.05859375 0.03828125
53 0.478125 0.16640625 0.146875 0.0875
53 0.821875 0.653125 0.14609375 0.084375
54 0.09375 0.36640625 0.06015625 0.03671875
54 0.76328125 0.1703125 0.05859375 0.03828125
54 0.24609375 0.171875 0.0578125 0.03828125
54 0.18203125 0.17109375 0.05859375 0.03671875
54 0.18203125 0.58984375 0.06015625 0.03671875
54 0.828125 0.1703125 0.0578125 0.03828125
53 0.19609375 0.23359375 0.16484375 0.0890625
53 0.096875 0.42890625 0.14609375 0.0859375
54 0.1578125 0.3671875 0.05859375 0.03828125
54 0.828125 0.58984375 0.06015625 0.03671875
53 0.21484375 0.653125 0.20234375 0.09921875
52 0.7953125 0.7078125 0.13984375 0.01015625
4 0.53671875 0.66484375 0.05859375 0.0578125
53 0.30078125 0.2453125 0.034375 0.06796875