54 0.23984375 0.17421875 0.0609375 0.03828125
28 0.4703125 0.678125 0.0640625 0.0609375
53 0.47421875 0.16953125 0.1484375 0.0875
51 0.68984375 0.60234375 0.03046875 0.03515625
54 0.83203125 0.6 0.05859375 0.03671875
53 0.1796875 0.665625 0.153125 0.0890625
0 0.534375 0.678125 0.05859375 0.0609375
53 0.53125 0.75703125 0.14921875 0.0859375
53 0.828125 0.2375 0.1484375 0.0875
54 0.17421875 0.6 0.06015625 0.03671875
54 0.4703125 0.10390625 0.06015625 0.03515625
53 0.11796875 0.43984375 0.2078125 0.09296875
54 0.8328125 0.1734375 0.06015625 0.03828125
54 0.76796875 0.1734375 0.0609375 0.03828125
53 0.2078125 0.2390625 0.20703125 0.09609375
54 0.23984375 0.60078125 0.0609375 0.03828125
54 0.85703125 0.37421875 0.0609375 0.03828125
54 0.17421875 0.1734375 0.06015625 0.03671875
54 0.921875 0.3734375 0.06015625 0.03671875
54 0.534375 0.10546875 0.0609375 0.03984375
53 0.915625 0.4375 0.153125 0.090625
54 0.7671875 0.60078125 0.05859375 0.03828125
53 0.821875 0.6640625 0.15859375 0.09140625