45 0.4734375 0.665625 0.06015625 0.059375
54 0.4734375 0.103125 0.0578125 0.03671875
51 0.803125 0.5046875 0.03046875 0.03515625
54 0.24609375 0.590625 0.0578125 0.03828125
54 0.828125 0.58984375 0.06015625 0.03671875
54 0.5375 0.10390625 0.05859375 0.03828125
53 0.82109375 0.23359375 0.14921875 0.0859375
53 0.5328125 0.7421875 0.1453125 0.084375
54 0.24609375 0.171875 0.0578125 0.03828125
54 0.76328125 0.590625 0.0609375 0.03828125
54 0.915625 0.36640625 0.05859375 0.03671875
53 0.47734375 0.165625 0.14375 0.0859375
53 0.82109375 0.65390625 0.14921875 0.0859375
54 0.18203125 0.58984375 0.06015625 0.03671875
54 0.09375 0.36640625 0.06015625 0.03671875
54 0.828125 0.1703125 0.06015625 0.03828125
54 0.76328125 0.1703125 0.05859375 0.03828125
53 0.096875 0.42890625 0.14609375 0.0859375
54 0.18203125 0.17109375 0.06015625 0.03671875
53 0.18984375 0.234375 0.1515625 0.084375
54 0.15859375 0.3671875 0.05859375 0.03828125
54 0.85234375 0.36640625 0.06015625 0.03671875
53 0.18828125 0.653125 0.15234375 0.0875
53 0.88359375 0.428125 0.20234375 0.09296875
8 0.5375 0.66484375 0.05859375 0.0578125