32 0.46875 0.66796875 0.06015625 0.0609375
53 0.4765625 0.165625 0.1484375 0.0796875
11 0.3671875 0.409375 0.06015625 0.11953125
53 0.53046875 0.74140625 0.146875 0.0859375
53 0.18359375 0.653125 0.146875 0.084375
54 0.15625 0.3671875 0.06015625 0.03828125
53 0.90625 0.428125 0.15 0.0875
54 0.24296875 0.58984375 0.06015625 0.03671875
53 0.81875 0.65390625 0.1484375 0.0859375
54 0.09140625 0.36640625 0.05859375 0.03671875
54 0.17890625 0.58984375 0.06015625 0.03671875
53 0.81484375 0.23203125 0.1578125 0.0890625
15 0.43359375 0.41015625 0.05859375 0.12265625
53 0.1078125 0.428125 0.16875 0.090625
51 0.4078125 0.6328125 0.028125 0.0328125
52 0.21015625 0.70703125 0.13828125 0.01171875
6 0.5015625 0.409375 0.06015625 0.12109375
12 0.53359375 0.66484375 0.05859375 0.0578125