53 0.20390625 0.23828125 0.20390625 0.0890625
54 0.0828125 0.3734375 0.0609375 0.03671875
54 0.8328125 0.59921875 0.06015625 0.03515625
53 0.5328125 0.75703125 0.1484375 0.0859375
53 0.828125 0.66640625 0.1484375 0.090625
54 0.8328125 0.1734375 0.06015625 0.03828125
53 0.1796875 0.665625 0.153125 0.0890625
54 0.17421875 0.6 0.06015625 0.03671875
54 0.23984375 0.175 0.0609375 0.03984375
53 0.82578125 0.2375 0.15234375 0.0875
54 0.1484375 0.371875 0.06015625 0.03984375
54 0.17265625 0.1734375 0.06171875 0.03671875
53 0.0875 0.4390625 0.15 0.0859375
54 0.23984375 0.60078125 0.0609375 0.03828125
53 0.915625 0.4390625 0.1546875 0.09140625
54 0.7671875 0.1734375 0.05859375 0.03828125
54 0.7671875 0.60078125 0.05859375 0.03828125
50 0.46875 0.678125 0.06171875 0.0609375
51 0.2125 0.371875 0.0296875 0.03125
22 0.534375 0.678125 0.0609375 0.0609375