53 0.52578125 0.74921875 0.1484375 0.0875
53 0.1140625 0.43515625 0.2046875 0.09453125
53 0.2046875 0.23671875 0.2046875 0.09765625
53 0.90703125 0.43359375 0.15 0.0859375
53 0.78984375 0.65859375 0.20390625 0.09765625
53 0.4984375 0.16640625 0.2046875 0.09609375
53 0.18359375 0.6578125 0.165625 0.0875
29 0.63203125 0.4140625 0.05859375 0.11796875
54 0.1453125 0.36953125 0.06015625 0.03828125
54 0.08125 0.36875 0.06015625 0.03671875
53 0.81171875 0.23515625 0.1578125 0.0859375
22 0.42890625 0.41484375 0.06171875 0.11953125
51 0.30546875 0.60234375 0.02734375 0.0328125
19 0.5296875 0.6734375 0.06015625 0.0609375
52 0.0890625 0.490625 0.09453125 0.01328125
10 0.49609375 0.415625 0.06015625 0.12734375
48 0.36015625 0.41328125 0.05703125 0.1171875
15 0.56484375 0.41640625 0.05703125 0.12890625
27 0.4640625 0.6734375 0.0609375 0.0609375