32 0.46640625 0.67578125 0.0609375 0.0625
53 0.52890625 0.75234375 0.1484375 0.084375
54 0.23515625 0.1734375 0.05859375 0.03828125
53 0.88203125 0.43515625 0.20703125 0.09453125
36 0.53125 0.675 0.06015625 0.06328125
54 0.1703125 0.1734375 0.06015625 0.03828125
54 0.23515625 0.59609375 0.0609375 0.03828125
53 0.17734375 0.23671875 0.1515625 0.0859375
53 0.4703125 0.16953125 0.14609375 0.0875
54 0.0828125 0.3703125 0.06015625 0.03671875
54 0.1703125 0.5953125 0.06015625 0.03671875
54 0.76015625 0.1734375 0.0609375 0.04140625
53 0.82109375 0.23515625 0.14609375 0.0859375
54 0.82578125 0.5953125 0.06015625 0.03671875
54 0.76015625 0.59609375 0.06328125 0.03828125
52 0.49921875 0.80546875 0.13984375 0.01328125
53 0.80546875 0.659375 0.1796875 0.090625
53 0.08671875 0.4359375 0.15 0.0875
54 0.4671875 0.10390625 0.0609375 0.03671875
51 0.2734375 0.32578125 0.03046875 0.03515625
54 0.1453125 0.37109375 0.06015625 0.03828125
54 0.82578125 0.171875 0.06015625 0.03828125
54 0.53125 0.10625 0.06015625 0.04140625
53 0.18046875 0.659375 0.159375 0.0890625
53 0.2859375 0.23828125 0.04375 0.0890625