53 0.5296875 0.75234375 0.1484375 0.0875
51 0.20234375 0.48828125 0.0296875 0.03515625
54 0.1484375 0.2 0.12578125 0.03828125
54 0.88359375 0.19921875 0.05859375 0.03671875
53 0.11484375 0.571875 0.2046875 0.09609375
54 0.14765625 0.50703125 0.0578125 0.03828125
54 0.81875 0.2 0.06015625 0.03828125
54 0.08203125 0.50703125 0.0609375 0.03671875
53 0.11953125 0.26328125 0.15 0.0859375
53 0.8796875 0.26328125 0.15 0.0859375
53 0.91171875 0.571875 0.14921875 0.0875
53 0.471875 0.16953125 0.1484375 0.0875
20 0.46875 0.675 0.06328125 0.0609375
54 0.85 0.50703125 0.06015625 0.03828125
54 0.915625 0.50703125 0.05859375 0.03671875
54 0.53203125 0.10625 0.06015625 0.04140625
54 0.4671875 0.10390625 0.06015625 0.03671875
52 0.85 0.32109375 0.13515625 0.01484375
15 0.53203125 0.675 0.06015625 0.0609375