53 0.20546875 0.2375 0.2046875 0.09609375
53 0.7921875 0.23515625 0.20625 0.09765625
53 0.115625 0.43515625 0.20625 0.09453125
51 0.8 0.51015625 0.028125 0.03515625
1 0.53046875 0.67578125 0.0609375 0.059375
15 0.4296875 0.415625 0.05859375 0.12734375
53 0.471875 0.16875 0.15 0.0859375
54 0.76015625 0.596875 0.0609375 0.03984375
54 0.23671875 0.596875 0.05859375 0.03984375
53 0.52734375 0.75234375 0.14921875 0.0875
53 0.88203125 0.43359375 0.20703125 0.09453125
54 0.82734375 0.59609375 0.06015625 0.03828125
54 0.1703125 0.59609375 0.0578125 0.03828125
53 0.8171875 0.6609375 0.1578125 0.0890625
36 0.4984375 0.4140625 0.0578125 0.11796875
53 0.196875 0.659375 0.18984375 0.0890625
52 0.7921875 0.71796875 0.1453125 0.01328125
13 0.46640625 0.6765625 0.05859375 0.0609375
43 0.3625 0.4140625 0.06484375 0.11796875
53 0.590625 0.1765625 0.021875 0.06328125