1 0.52890625 0.6734375 0.06171875 0.059375
54 0.23515625 0.1734375 0.05859375 0.03984375
54 0.23515625 0.59453125 0.05859375 0.03828125
18 0.46328125 0.67421875 0.05859375 0.0625
54 0.1703125 0.17265625 0.06015625 0.03671875
53 0.52578125 0.74921875 0.1484375 0.0875
54 0.5296875 0.10390625 0.06015625 0.03671875
54 0.1453125 0.36953125 0.06015625 0.03828125
53 0.78984375 0.23515625 0.20625 0.09765625
54 0.821875 0.171875 0.06015625 0.03828125
53 0.49765625 0.1671875 0.2046875 0.09765625
54 0.75703125 0.171875 0.0609375 0.03828125
53 0.084375 0.43359375 0.1453125 0.0859375
54 0.821875 0.59375 0.06015625 0.03671875
54 0.1703125 0.59375 0.0578125 0.03671875
54 0.846875 0.36953125 0.06015625 0.03828125
53 0.1765625 0.2359375 0.1515625 0.0875
53 0.17578125 0.65859375 0.1484375 0.0859375
54 0.91171875 0.36875 0.05859375 0.03671875
54 0.75703125 0.59453125 0.0609375 0.03828125
54 0.4640625 0.10390625 0.0609375 0.03515625
53 0.90625 0.43359375 0.1515625 0.0859375
54 0.08125 0.36875 0.06015625 0.03671875
51 0.30625 0.603125 0.028125 0.034375
53 0.8109375 0.659375 0.159375 0.090625
52 0.49375 0.225 0.128125 0.01171875