51 0.684375 0.5984375 0.028125 0.0328125
6 0.53046875 0.6765625 0.06015625 0.0625
54 0.140756303125 0.5828402359375 0.140756303125 0.615384615625 0.19957983125 0.615384615625 0.20063025156249997 0.5843195265625 0.1974789921875 0.57988165625 0.1439075625 0.5784023671875 0.140756303125 0.5828402359375
54 0.20798319375 0.57988165625 0.2069327734375 0.615384615625 0.2531512609375 0.6168639046875 0.2647058828125 0.60946745625 0.2647058828125 0.5843195265625 0.261554621875 0.57988165625 0.20798319375 0.57988165625
54 0.7300420171875001 0.153846153125 0.7300420171875001 0.1849112421875 0.7352941171875 0.1893491125 0.7909663859375 0.1893491125 0.7909663859375 0.161242603125 0.7857142859375 0.1523668640625 0.7300420171875001 0.153846153125
54 0.7951680671875 0.156804734375 0.7972689078124999 0.190828403125 0.8550420171875001 0.1893491125 0.8550420171875001 0.156804734375 0.8518907562500001 0.1523668640625 0.8088235296875 0.1508875734375 0.7951680671875 0.156804734375
54 0.8193277312499999 0.3550295859375 0.8193277312499999 0.386094675 0.83823529375 0.39792899375 0.8802521015625 0.38905325468749996 0.8802521015625 0.35946745625 0.8760504203125 0.3535502953125 0.8193277312499999 0.3550295859375
54 0.9443277312499999 0.38905325468749996 0.9443277312499999 0.357988165625 0.9411764703125 0.3535502953125 0.8855042015624999 0.3550295859375 0.886554621875 0.39053254375 0.9443277312499999 0.38905325468749996
54 0.8550420171875001 0.615384615625 0.8550420171875001 0.5828402359375 0.8518907562500001 0.5784023671875 0.7972689078124999 0.57988165625 0.7962184875 0.615384615625 0.8550420171875001 0.615384615625
54 0.7909663859375 0.5828402359375 0.78676470625 0.5784023671875 0.7300420171875001 0.5813609468750001 0.7300420171875001 0.6109467453125 0.7373949578125 0.615384615625 0.7878151265625 0.6168639046875 0.7909663859375 0.6124260359375 0.7909663859375 0.5828402359375
53 0.60189075625 0.161242603125 0.5987394953125 0.153846153125 0.5871848734375 0.1597633140625 0.5777310921875001 0.156804734375 0.5703781515624999 0.1375739640625 0.5735294125 0.12278106562499999 0.567226890625 0.1183431953125 0.5462184875 0.127218934375 0.4212184875 0.12573964531249998 0.40756302499999997 0.13313609531249998 0.39810924375 0.14792899375 0.3949579828125 0.1775147921875 0.400210084375 0.1937869828125 0.40756302499999997 0.20414201250000003 0.428571428125 0.21449704218750001 0.532563025 0.2189349109375 0.538865546875 0.195266271875 0.5462184875 0.1937869828125 0.5525210078125 0.1997041421875 0.561974790625 0.195266271875 0.5955882359375 0.1982248515625 0.6008403359375001 0.1849112421875 0.60189075625 0.161242603125
53 0.10189075624999999 0.22337278125 0.103991596875 0.255917159375 0.1123949578125 0.2721893484375 0.1218487390625 0.2795857984375 0.23529411718749998 0.28698224843750003 0.238445378125 0.2855029578125 0.24579831875 0.23816568125 0.2394957984375 0.22928994062500002 0.2394957984375 0.21745562187499998 0.25420168125 0.195266271875 0.127100840625 0.1937869828125 0.10924369687499999 0.2056213015625 0.10189075624999999 0.22337278125
53 0.164915965625 0.393491125 0.034663865625 0.393491125 0.0220588234375 0.4008875734375 0.011554621875 0.42455621250000003 0.011554621875 0.4467455625 0.0168067234375 0.4630177515625 0.038865546875000004 0.479289940625 0.1439075625 0.479289940625 0.14810924375 0.471893490625 0.21218487343749998 0.4630177515625 0.21638655468749998 0.44378698281249995 0.21113445312499998 0.406804734375 0.1985294125 0.392011834375 0.188025209375 0.3875739640625 0.17226890781249998 0.3875739640625 0.164915965625 0.393491125
53 0.10189075624999999 0.649408284375 0.10189075624999999 0.6760355031249999 0.1081932765625 0.690828403125 0.1197478984375 0.702662721875 0.2363445375 0.7056213015624999 0.2415966390625 0.690828403125 0.2363445375 0.6582840234375 0.242647059375 0.6331360953125 0.2489495796875 0.6257396453124999 0.247899159375 0.6198224859375 0.1260504203125 0.6183431953125 0.113445378125 0.6257396453124999 0.10189075624999999 0.649408284375
53 0.4537815125 0.71597633125 0.46533613437500004 0.7485207093749999 0.460084034375 0.7751479296875 0.46533613437500004 0.7958579875 0.5703781515624999 0.7958579875 0.5871848734375 0.7869822484375 0.6008403359375001 0.7647929 0.60189075625 0.74260355 0.5934873953124999 0.7248520703125 0.5735294125 0.70857988125 0.45693277343750005 0.70857988125 0.4537815125 0.71597633125
53 0.7510504203124999 0.6434911249999999 0.7584033609375 0.661242603125 0.75420168125 0.690828403125 0.7605042015625 0.7056213015624999 0.8676470593750001 0.7056213015624999 0.8855042015624999 0.6923076921875 0.8928571421875 0.6760355031249999 0.890756303125 0.64053254375 0.8802521015625 0.6242603546875001 0.8697478984375 0.6183431953125 0.7489495796875001 0.621301775 0.7510504203124999 0.6434911249999999
53 0.83823529375 0.46005917187499995 0.849789915625 0.47781065156249997 0.9590336140625 0.479289940625 0.9737394953124999 0.4704142015625 0.9831932765625 0.44822485156249997 0.9810924375000001 0.41568047343750003 0.974789915625 0.40384615312500005 0.9611344531249999 0.393491125 0.8392857140625001 0.393491125 0.8487394953124999 0.44230769218750005 0.83823529375 0.46005917187499995
53 0.7605042015625 0.23076923124999998 0.75420168125 0.2603550296875 0.7584033609375 0.27810650937500003 0.8697478984375 0.2795857984375 0.8823529406249999 0.270710059375 0.8928571421875 0.25147929062499996 0.8918067234375 0.21745562187499998 0.875 0.195266271875 0.7510504203124999 0.1937869828125 0.7489495796875001 0.20266272187499998 0.7605042015625 0.23076923124999998
49 0.49474789843750006 0.7056213015624999 0.49579831875 0.6508875734374999 0.49264705937500003 0.6464497046875 0.4453781515625 0.6449704140625 0.43592437031250003 0.649408284375 0.43487394999999995 0.6923076921875 0.43907562968749997 0.702662721875 0.451680671875 0.70857988125 0.49474789843750006 0.7056213015624999