53 0.1828125 0.23515625 0.1453125 0.0859375
53 0.18828125 0.65078125 0.1515625 0.0859375
53 0.87734375 0.42734375 0.20234375 0.09453125
54 0.24375 0.1734375 0.05859375 0.03828125
53 0.5296875 0.7390625 0.14375 0.084375
54 0.17890625 0.171875 0.05859375 0.03828125
53 0.47421875 0.16796875 0.14609375 0.084375
54 0.46953125 0.1046875 0.05859375 0.03515625
53 0.8171875 0.23359375 0.1453125 0.0859375
54 0.75703125 0.17109375 0.05859375 0.03671875
53 0.09921875 0.428125 0.15 0.084375
52 0.2125 0.29140625 0.13828125 0.01171875
54 0.82109375 0.17109375 0.0578125 0.03671875
54 0.53125 0.10546875 0.05859375 0.03984375
51 0.28125 0.32265625 0.028125 0.0328125
53 0.8109375 0.65 0.15546875 0.090625