53 0.528125 0.73828125 0.1484375 0.0859375
53 0.0984375 0.428125 0.14921875 0.084375
53 0.50078125 0.1671875 0.20078125 0.09453125
53 0.81171875 0.2328125 0.1515625 0.0875
2 0.53125 0.66171875 0.05859375 0.0578125
54 0.84375 0.365625 0.06015625 0.03828125
54 0.9078125 0.36484375 0.0609375 0.03671875
53 0.18671875 0.65 0.14921875 0.084375
53 0.7875 0.6515625 0.2015625 0.09609375
52 0.49765625 0.79296875 0.12890625 0.01171875
53 0.18828125 0.23515625 0.1515625 0.0859375
53 0.87578125 0.428125 0.20078125 0.09296875
51 0.7953125 0.5015625 0.0265625 0.0328125
34 0.43907562968749997 0.6390532546875 0.43907562968749997 0.6893491125 0.451680671875 0.695266271875 0.49894957968750003 0.6923076921875 0.49684873906250004 0.6375739640625 0.4432773109375 0.634615384375 0.43907562968749997 0.6390532546875