46 0.36640625 0.41953125 0.06328125 0.11953125
29 0.50234375 0.4203125 0.06015625 0.12421875
53 0.20703125 0.66484375 0.2078125 0.09609375
49 0.534375 0.678125 0.05859375 0.0609375
53 0.5328125 0.7578125 0.15 0.0875
53 0.478125 0.16953125 0.1546875 0.0875
53 0.090625 0.4375 0.153125 0.0875
54 0.85703125 0.3734375 0.0609375 0.03671875
51 0.54765625 0.27578125 0.03046875 0.03671875
53 0.8265625 0.2375 0.14921875 0.0875
54 0.921875 0.3734375 0.06015625 0.03671875
54 0.83125 0.1734375 0.0609375 0.03828125
53 0.88984375 0.43828125 0.20625 0.09296875
53 0.20625 0.24140625 0.20625 0.09140625
53 0.82109375 0.66484375 0.15859375 0.090625
54 0.7671875 0.1734375 0.0609375 0.03828125
52 0.890625 0.49375 0.14296875 0.01484375
22 0.43359375 0.4203125 0.05859375 0.12109375
40 0.4703125 0.67890625 0.06015625 0.0625