10 0.4703125 0.6671875 0.05859375 0.0625
8 0.53359375 0.66484375 0.05859375 0.0578125
54 0.4703125 0.103125 0.05859375 0.03671875
54 0.825 0.58984375 0.06015625 0.03671875
54 0.53359375 0.10390625 0.05859375 0.03828125
54 0.24296875 0.590625 0.06015625 0.03828125
54 0.76015625 0.1703125 0.05859375 0.03828125
54 0.18046875 0.17109375 0.06015625 0.03671875
54 0.15625 0.36640625 0.06015625 0.03671875
54 0.24375 0.171875 0.05859375 0.03828125
54 0.84921875 0.3671875 0.06015625 0.03828125
53 0.53046875 0.74140625 0.146875 0.0859375
53 0.184375 0.234375 0.14609375 0.084375
54 0.9125 0.36640625 0.05859375 0.03671875
53 0.81640625 0.2328125 0.153125 0.0875
54 0.825 0.16953125 0.06015625 0.03671875
54 0.76015625 0.590625 0.05859375 0.03828125
54 0.09140625 0.36640625 0.0609375 0.03671875
54 0.17890625 0.58984375 0.06015625 0.03671875
53 0.09453125 0.428125 0.1453125 0.084375
53 0.1859375 0.653125 0.1515625 0.084375
51 0.3140625 0.596875 0.02734375 0.034375
53 0.4796875 0.16484375 0.1546875 0.090625
53 0.81796875 0.65390625 0.1484375 0.0859375
53 0.584375 0.1828125 0.0375 0.0578125
53 0.7953125 0.42890625 0.03359375 0.0765625
53 0.8953125 0.42734375 0.17421875 0.09140625
52 0.4765625 0.221875 0.0828125 0.01171875