10 0.53046875 0.67421875 0.0609375 0.059375
53 0.528125 0.75390625 0.1484375 0.084375
54 0.23515625 0.1734375 0.05859375 0.03828125
54 0.1703125 0.1734375 0.06015625 0.03828125
53 0.82109375 0.23515625 0.14609375 0.0859375
53 0.17890625 0.2375 0.15234375 0.0875
54 0.23515625 0.59609375 0.05859375 0.03828125
54 0.76015625 0.1734375 0.0609375 0.04140625
54 0.76015625 0.59609375 0.0609375 0.03828125
54 0.53125 0.10390625 0.06015625 0.03671875
54 0.0828125 0.3703125 0.06015625 0.03671875
54 0.1703125 0.5953125 0.06015625 0.03671875
53 0.47265625 0.16953125 0.14921875 0.0875
54 0.46640625 0.10390625 0.0609375 0.03515625
54 0.82578125 0.59609375 0.06015625 0.03828125
51 0.2734375 0.32578125 0.03046875 0.03515625
53 0.08671875 0.4359375 0.15 0.0875
53 0.88359375 0.43515625 0.2015625 0.09453125
54 0.82578125 0.171875 0.06015625 0.03828125
40 0.46640625 0.67578125 0.0609375 0.059375
54 0.1453125 0.37109375 0.06015625 0.03828125
53 0.8171875 0.659375 0.15546875 0.0859375
53 0.17890625 0.66015625 0.15546875 0.0875
52 0.87578125 0.4921875 0.125 0.01328125
53 0.2859375 0.2375 0.04375 0.090625
54 0.85 0.37109375 0.06171875 0.03828125
54 0.915625 0.3703125 0.0609375 0.03671875