46 0.36640625 0.41953125 0.06328125 0.11953125
4 0.4328125 0.4203125 0.0609375 0.12421875
54 0.0828125 0.3734375 0.0609375 0.03671875
53 0.53125 0.75703125 0.14921875 0.0875
53 0.0890625 0.44140625 0.1515625 0.090625
53 0.91640625 0.4375 0.15 0.0890625
54 0.83125 0.1734375 0.0609375 0.03828125
54 0.23984375 0.175 0.0609375 0.03984375
51 0.80546875 0.5125 0.0296875 0.034375
54 0.1484375 0.3734375 0.06015625 0.03671875
53 0.82578125 0.665625 0.1515625 0.0890625
54 0.17421875 0.1734375 0.06015625 0.03671875
53 0.82578125 0.23671875 0.15234375 0.0859375
53 0.20703125 0.665625 0.20625 0.0890625
54 0.7671875 0.1734375 0.0609375 0.03828125
53 0.19609375 0.23828125 0.18359375 0.0890625
50 0.50234375 0.4265625 0.06171875 0.140625