53 0.478125 0.1703125 0.1546875 0.0890625
53 0.2078125 0.665625 0.20703125 0.09765625
54 0.0828125 0.3734375 0.0609375 0.03671875
54 0.17421875 0.6 0.06015625 0.03671875
54 0.8328125 0.6 0.06015625 0.03671875
53 0.17890625 0.2390625 0.15 0.0875
53 0.0890625 0.4390625 0.1515625 0.0859375
48 0.4703125 0.67890625 0.06015625 0.0625
54 0.83125 0.1734375 0.0609375 0.03828125
54 0.4703125 0.10390625 0.06015625 0.03671875
53 0.825 0.2375 0.15234375 0.0875
51 0.21328125 0.3734375 0.0296875 0.03671875
54 0.1484375 0.37578125 0.06015625 0.04140625
54 0.7671875 0.1734375 0.0609375 0.03828125
53 0.91796875 0.4375 0.14921875 0.0890625
54 0.7671875 0.60078125 0.0609375 0.03828125
54 0.17421875 0.1734375 0.06015625 0.03671875
54 0.23984375 0.60078125 0.0609375 0.03828125
54 0.23984375 0.17578125 0.05859375 0.04140625
53 0.53203125 0.75703125 0.15 0.0890625
54 0.5359375 0.1046875 0.0609375 0.04140625
53 0.825 0.66484375 0.15234375 0.090625
23 0.5359375 0.678125 0.0609375 0.0609375