55 0.64140625 0.41953125 0.06328125 0.11953125
52 0.80078125 0.29453125 0.13984375 0.01640625
51 0.54921875 0.27578125 0.0296875 0.03671875
24 0.5359375 0.68046875 0.06171875 0.0609375
30 0.57265625 0.41953125 0.06328125 0.11953125
53 0.1659663859375 0.479289940625 0.15546218437499998 0.4644970421875 0.150210084375 0.44230769218750005 0.152310925 0.4230769234375 0.164915965625 0.41420118281249996 0.16176470625 0.4008875734375 0.1659663859375 0.3964497046875 0.0430672265625 0.3949704140625 0.0241596640625 0.40384615312500005 0.014705882812500001 0.42455621250000003 0.014705882812500001 0.4541420125 0.0220588234375 0.4704142015625 0.034663865625 0.48076923125000004 0.1659663859375 0.479289940625
53 0.2794117640625 0.2884615390625 0.2951680671875 0.2810650890625 0.31092437031250003 0.25 0.30987395 0.22781065156250002 0.2909663859375 0.22928994062500002 0.2783613453125 0.210059171875 0.2815126046875 0.1923076921875 0.277310925 0.1893491125 0.2489495796875 0.195266271875 0.12920168125 0.195266271875 0.11554621875 0.20414201250000003 0.10504201718749999 0.2248520703125 0.10714285781249999 0.2603550296875 0.1165966390625 0.2736686390625 0.1334033609375 0.282544378125 0.2794117640625 0.2884615390625
53 0.55567226875 0.21301775156249997 0.54201680625 0.1982248515625 0.5357142859375 0.176035503125 0.5378151265625 0.153846153125 0.55042016875 0.1301775140625 0.5472689078124999 0.12573964531249998 0.4296218484375 0.12573964531249998 0.41071428593750003 0.136094675 0.40126050468749996 0.15532544375 0.400210084375 0.176035503125 0.405462184375 0.1967455625 0.42436974843749997 0.21301775156249997 0.55567226875 0.21301775156249997
53 0.747899159375 0.2795857984375 0.87920168125 0.2810650890625 0.8897058828125 0.2751479296875 0.9023109249999999 0.248520709375 0.9033613453125 0.23224852031249998 0.8970588234375001 0.210059171875 0.87920168125 0.1937869828125 0.75 0.195266271875 0.7626050421875 0.21301775156249997 0.765756303125 0.25 0.7552521015625 0.27662721874999996 0.747899159375 0.2795857984375
53 0.8581932765625 0.4349112421875 0.8560924375000001 0.45562130156249997 0.8455882359375 0.47781065156249997 0.8487394953124999 0.4822485203125 0.9705882359375 0.48076923125000004 0.9831932765625 0.471893490625 0.9915966390625 0.452662721875 0.9926470593750001 0.437869821875 0.9873949578125 0.41420118281249996 0.9821428578125 0.40384615312500005 0.9705882359375 0.3964497046875 0.8466386546875 0.3949704140625 0.8434873953125 0.3964497046875 0.8455882359375 0.40532544374999996 0.853991596875 0.41715976406250005 0.8581932765625 0.4349112421875
53 0.8802521015625 0.70857988125 0.8897058828125 0.702662721875 0.9023109249999999 0.6775147921875 0.9012605046875001 0.6508875734374999 0.8834033609375 0.6242603546875001 0.782563025 0.621301775 0.7552521015625 0.6257396453124999 0.7668067234375 0.6656804734375 0.7626050421875 0.6923076921875 0.747899159375 0.710059171875 0.8802521015625 0.70857988125
53 0.7216386546875 0.7056213015624999 0.7184873953124999 0.695266271875 0.70798319375 0.695266271875 0.7048319328125 0.687869821875 0.705882353125 0.6730769234375 0.7279411765625 0.6582840234375 0.7310924375 0.6508875734374999 0.7090336140625 0.65532544375 0.6964285718750001 0.6656804734375 0.6953781515624999 0.6760355031249999 0.7027310921875001 0.6997041421875 0.7184873953124999 0.7115384609375 0.7216386546875 0.7056213015624999
53 0.132352940625 0.710059171875 0.2394957984375 0.70857988125 0.2836134453125 0.7144970421875 0.30357142812500004 0.6967455625000001 0.311974790625 0.6686390531249999 0.30987395 0.6464497046875 0.30357142812500004 0.634615384375 0.282563025 0.6168639046875 0.2436974796875 0.622781065625 0.1302521015625 0.622781065625 0.11449579843749999 0.6331360953125 0.10504201718749999 0.6523668640625 0.103991596875 0.6745562125 0.1081932765625 0.690828403125 0.1197478984375 0.7056213015624999 0.132352940625 0.710059171875
53 0.46323529375000005 0.8017751484375 0.5819327734375 0.8002958578125 0.5945378156250001 0.79142011875 0.6060924375 0.7662721890624999 0.6008403359375001 0.7322485203125 0.58298319375 0.7144970421875 0.45798319374999996 0.7144970421875 0.4705882359375 0.7470414203125 0.4705882359375 0.7677514796875 0.45798319374999996 0.7958579875 0.46323529375000005 0.8017751484375
54 0.7972689078124999 0.1893491125 0.7962184875 0.153846153125 0.7373949578125 0.156804734375 0.7363445375000001 0.1849112421875 0.7394957984375 0.187869821875 0.75 0.1923076921875 0.7972689078124999 0.1893491125
54 0.8035714281249999 0.153846153125 0.8035714281249999 0.190828403125 0.863445378125 0.1893491125 0.8602941171875 0.153846153125 0.8035714281249999 0.153846153125
33 0.497899159375 0.649408284375 0.44432773125 0.649408284375 0.44012605000000005 0.653846153125 0.44012605000000005 0.7056213015624999 0.4527310921875 0.7130177515625 0.5 0.70857988125 0.497899159375 0.649408284375
39 0.497899159375 0.479289940625 0.532563025 0.4748520703125 0.5315126046875001 0.41272189375 0.5357142859375 0.3831360953125 0.532563025 0.3624260359375 0.5262605046875 0.3550295859375 0.5105042015625 0.3550295859375 0.47689075625 0.35946745625 0.472689075 0.365384615625 0.47163865468750005 0.47337278125 0.47689075625 0.479289940625 0.4852941171875 0.4748520703125 0.497899159375 0.479289940625
3 0.45063025156250003 0.4704142015625 0.46323529375000005 0.46597633125 0.46323529375000005 0.3624260359375 0.45693277343750005 0.356508875 0.4065126046875 0.357988165625 0.402310925 0.365384615625 0.4044117640625 0.47633136093750006 0.4086134453125 0.48076923125000004 0.4453781515625 0.48076923125000004 0.45063025156250003 0.4704142015625
25 0.39390756250000003 0.36094674531250004 0.33928571406249997 0.357988165625 0.336134453125 0.3624260359375 0.336134453125 0.47781065156249997 0.3928571421875 0.479289940625 0.396008403125 0.46893491093749995 0.39390756250000003 0.36094674531250004