53 0.53125 0.7421875 0.14609375 0.084375
43 0.50234375 0.409375 0.06171875 0.11796875
53 0.90625 0.428125 0.15 0.0875
54 0.17890625 0.17109375 0.05859375 0.03671875
53 0.47578125 0.1671875 0.14921875 0.0828125
53 0.18515625 0.653125 0.14609375 0.084375
53 0.81953125 0.65390625 0.14921875 0.0859375
1 0.36796875 0.409375 0.05859375 0.11953125
54 0.24375 0.171875 0.05859375 0.03828125
53 0.2125 0.23515625 0.2015625 0.09453125
24 0.43359375 0.409375 0.0609375 0.11796875
53 0.09921875 0.42890625 0.15234375 0.0859375
51 0.4078125 0.6328125 0.028125 0.0328125
53 0.81484375 0.2328125 0.1578125 0.0875
40 0.4703125 0.66796875 0.05859375 0.0609375
30 0.53359375 0.66484375 0.0609375 0.0578125
21 0.56875 0.4109375 0.06015625 0.12109375
52 0.2078125 0.29140625 0.13203125 0.01171875