44 0.465625 0.67578125 0.05859375 0.0625
53 0.11484375 0.434375 0.20625 0.09296875
53 0.5265625 0.75234375 0.14921875 0.0875
17 0.5296875 0.67578125 0.06171875 0.0625
54 0.8484375 0.37421875 0.06171875 0.04453125
53 0.17734375 0.2359375 0.153125 0.084375
53 0.81953125 0.2359375 0.14609375 0.084375
54 0.234375 0.1734375 0.0609375 0.03984375
53 0.9109375 0.43515625 0.1453125 0.0890625
54 0.16953125 0.5953125 0.06015625 0.03671875
53 0.20234375 0.6578125 0.20390625 0.09296875
54 0.759375 0.17265625 0.0609375 0.03984375
53 0.4703125 0.16875 0.14921875 0.0859375
54 0.08125 0.3703125 0.06015625 0.03671875
54 0.234375 0.59609375 0.05859375 0.03828125
52 0.18125 0.29375 0.0953125 0.01328125
54 0.16953125 0.1734375 0.06015625 0.03828125
53 0.82109375 0.659375 0.1453125 0.0859375
54 0.76015625 0.59609375 0.05859375 0.03828125
54 0.91484375 0.3703125 0.05859375 0.03671875
54 0.825 0.5953125 0.0578125 0.03671875
54 0.465625 0.10390625 0.05859375 0.03515625
54 0.1453125 0.37265625 0.0578125 0.03515625
54 0.825 0.171875 0.06015625 0.03828125
54 0.5296875 0.10390625 0.06015625 0.03671875