43 0.4703125 0.6796875 0.0640625 0.06328125
53 0.4765625 0.1703125 0.153125 0.0890625
54 0.0828125 0.3734375 0.0609375 0.03671875
53 0.0890625 0.4390625 0.1515625 0.0859375
53 0.18125 0.665625 0.1546875 0.0890625
54 0.921875 0.3734375 0.06015625 0.03671875
53 0.17890625 0.2390625 0.15 0.0875
54 0.7671875 0.60078125 0.0609375 0.03828125
54 0.83203125 0.6 0.05859375 0.03671875
54 0.85703125 0.3734375 0.0609375 0.03671875
54 0.4703125 0.10390625 0.06015625 0.03671875
54 0.17421875 0.6 0.06015625 0.03671875
52 0.8921875 0.4953125 0.13828125 0.01171875
53 0.91875 0.43828125 0.14921875 0.090625
51 0.21328125 0.3734375 0.0296875 0.03671875
53 0.82578125 0.66640625 0.15234375 0.090625
54 0.23984375 0.60078125 0.0609375 0.03828125
54 0.17421875 0.1734375 0.06015625 0.03671875
54 0.1484375 0.37578125 0.06015625 0.04140625
53 0.53203125 0.75703125 0.15 0.0859375
54 0.23984375 0.17578125 0.05859375 0.04140625
53 0.825 0.23671875 0.1546875 0.0859375
54 0.5359375 0.1046875 0.0609375 0.04140625
41 0.534375 0.67734375 0.05859375 0.0625