54 0.23671875 0.59453125 0.0609375 0.03828125
53 0.2046875 0.659375 0.20625 0.09921875
54 0.171875 0.59453125 0.06015625 0.03515625
54 0.53125 0.10546875 0.06015625 0.03984375
54 0.759375 0.17265625 0.0609375 0.03984375
54 0.82421875 0.171875 0.06015625 0.03828125
53 0.5265625 0.74921875 0.1484375 0.0875
54 0.23671875 0.1734375 0.05859375 0.03828125
54 0.171875 0.17265625 0.06015625 0.03671875
53 0.20546875 0.23671875 0.2046875 0.09765625
53 0.88125 0.4328125 0.20390625 0.09296875
53 0.115625 0.43515625 0.20390625 0.09453125
54 0.759375 0.59453125 0.0609375 0.03828125
51 0.6828125 0.59453125 0.0296875 0.0328125
53 0.471875 0.16875 0.146875 0.0859375
54 0.84921875 0.36953125 0.06015625 0.03828125
53 0.8203125 0.2359375 0.1453125 0.0875
54 0.825 0.59375 0.06015625 0.03671875
54 0.146875 0.36953125 0.06015625 0.03828125
54 0.465625 0.10390625 0.0609375 0.03515625
53 0.81640625 0.659375 0.15 0.0875
54 0.0828125 0.36953125 0.06015625 0.03828125
54 0.9140625 0.36875 0.0609375 0.03671875
52 0.10546875 0.490625 0.12265625 0.01328125
29 0.53125 0.6734375 0.06015625 0.059375
35 0.465625 0.67421875 0.0609375 0.0625