53 0.528125 0.753125 0.146875 0.0859375
21 0.53046875 0.67578125 0.0609375 0.059375
15 0.4296875 0.41796875 0.0609375 0.12265625
53 0.47109375 0.16875 0.1484375 0.0859375
54 0.0828125 0.50703125 0.06015625 0.03671875
51 0.74140625 0.590625 0.0296875 0.03515625
53 0.909375 0.571875 0.14921875 0.0875
53 0.85 0.2625 0.2046875 0.09609375
54 0.146875 0.50703125 0.06015625 0.03828125
52 0.4984375 0.80703125 0.13984375 0.01328125
49 0.49765625 0.41796875 0.06171875 0.12265625
53 0.12421875 0.26328125 0.15859375 0.0859375
53 0.115625 0.57109375 0.20390625 0.09453125
39 0.46640625 0.67578125 0.0609375 0.0625
17 0.36171875 0.415625 0.05859375 0.11796875