53 0.4796875 0.16953125 0.15625 0.0875
53 0.090625 0.4375 0.15625 0.0875
53 0.20625 0.2421875 0.2046875 0.09296875
53 0.5328125 0.7578125 0.1484375 0.0875
54 0.8328125 0.6 0.06015625 0.03671875
54 0.7671875 0.60078125 0.05859375 0.03828125
53 0.91640625 0.4375 0.15 0.0890625
54 0.17421875 0.6 0.06015625 0.03671875
52 0.20625 0.72109375 0.14375 0.01640625
54 0.23984375 0.60078125 0.0609375 0.03828125
41 0.4703125 0.678125 0.06015625 0.06328125
53 0.825 0.66640625 0.1546875 0.090625
53 0.17890625 0.66640625 0.1515625 0.090625
27 0.534375 0.67890625 0.0609375 0.0625
53 0.82265625 0.2375 0.15625 0.0875
51 0.68984375 0.603125 0.0296875 0.034375
53 0.29921875 0.665625 0.02421875 0.05625