15 0.534375 0.67890625 0.0609375 0.059375
28 0.4671875 0.67890625 0.0671875 0.0625
53 0.5046875 0.16875 0.20703125 0.09453125
53 0.88984375 0.4375 0.20625 0.09453125
54 0.83203125 0.6 0.05859375 0.03671875
53 0.82578125 0.665625 0.14921875 0.0890625
54 0.17421875 0.6 0.06015625 0.03671875
53 0.82890625 0.2375 0.1453125 0.0875
53 0.17890625 0.665625 0.1515625 0.0890625
54 0.0828125 0.3734375 0.0609375 0.03671875
54 0.1484375 0.37578125 0.06015625 0.04140625
53 0.0875 0.4375 0.15 0.0890625
54 0.4703125 0.10390625 0.06015625 0.03671875
53 0.53203125 0.759375 0.15 0.09296875
54 0.921875 0.371875 0.06015625 0.03984375
54 0.23984375 0.60078125 0.0609375 0.03828125
54 0.85703125 0.37421875 0.0609375 0.03828125
54 0.8328125 0.1734375 0.06015625 0.03828125
54 0.7671875 0.1734375 0.0609375 0.03828125
54 0.534375 0.10546875 0.0609375 0.03984375
54 0.7671875 0.6 0.05859375 0.03671875
51 0.76015625 0.33515625 0.0296875 0.034375