32 0.4703125 0.66796875 0.06015625 0.0609375
54 0.53359375 0.10390625 0.05859375 0.03828125
54 0.4703125 0.103125 0.05859375 0.03671875
54 0.825 0.58984375 0.06015625 0.03671875
53 0.475 0.165625 0.1484375 0.0859375
53 0.8203125 0.2328125 0.146875 0.0875
53 0.53125 0.74140625 0.14609375 0.0859375
54 0.76015625 0.58984375 0.05859375 0.03671875
54 0.15625 0.3671875 0.06015625 0.03828125
53 0.81640625 0.65390625 0.15 0.0859375
53 0.909375 0.42890625 0.14609375 0.0859375
51 0.4078125 0.63359375 0.028125 0.034375
54 0.76015625 0.1703125 0.0609375 0.03828125
53 0.1890625 0.65234375 0.15546875 0.0859375
54 0.09140625 0.36640625 0.05859375 0.03671875
54 0.24296875 0.58984375 0.06015625 0.03671875
54 0.84921875 0.3671875 0.06015625 0.03828125
54 0.9125 0.36640625 0.05859375 0.03671875
54 0.17890625 0.58984375 0.06015625 0.03671875
53 0.09609375 0.42890625 0.1484375 0.0859375
54 0.825 0.16953125 0.06015625 0.03671875
12 0.53359375 0.66484375 0.05859375 0.0578125