53 0.5234375 0.740625 0.14609375 0.084375
51 0.275 0.32265625 0.028125 0.03515625
54 0.17265625 0.17109375 0.06015625 0.03671875
54 0.23671875 0.171875 0.05859375 0.03828125
54 0.4640625 0.103125 0.05859375 0.03671875
53 0.9 0.42890625 0.15 0.0859375
53 0.17734375 0.234375 0.14375 0.084375
54 0.528125 0.10390625 0.0578125 0.03828125
53 0.090625 0.42890625 0.146875 0.0859375
53 0.81328125 0.2328125 0.14921875 0.0875
54 0.17265625 0.58984375 0.06015625 0.03671875
53 0.46875 0.16640625 0.14609375 0.0875
54 0.7546875 0.1703125 0.06015625 0.03828125
54 0.1484375 0.36796875 0.06015625 0.03984375
54 0.084375 0.36640625 0.05859375 0.03671875
53 0.18203125 0.653125 0.15546875 0.0875
54 0.81796875 0.16953125 0.06015625 0.03671875
54 0.2375 0.590625 0.05859375 0.03828125
10 0.528125 0.66484375 0.06015625 0.0578125
52 0.49765625 0.79765625 0.13984375 0.01171875
53 0.29375 0.64609375 0.025 0.06796875
27 0.465625 0.66640625 0.06015625 0.0578125