43 0.4671875 0.67578125 0.0609375 0.0625
53 0.52890625 0.753125 0.15 0.0859375
54 0.81953125 0.2 0.0609375 0.03828125
54 0.88359375 0.19921875 0.0609375 0.03671875
53 0.47265625 0.16875 0.146875 0.0859375
54 0.08203125 0.50703125 0.0609375 0.03671875
53 0.11640625 0.57109375 0.20625 0.09765625
54 0.14765625 0.50703125 0.06015625 0.03828125
54 0.4671875 0.10390625 0.06015625 0.03671875
54 0.53125 0.10625 0.0609375 0.04140625
53 0.1296875 0.26171875 0.1671875 0.0890625
53 0.8515625 0.26171875 0.2046875 0.09453125
51 0.21875 0.36171875 0.0296875 0.034375
53 0.9109375 0.571875 0.15 0.0875
45 0.53046875 0.67578125 0.05859375 0.0625