53 0.525 0.7421875 0.1484375 0.084375
54 0.81875 0.5890625 0.06015625 0.03515625
54 0.23828125 0.171875 0.05859375 0.03828125
54 0.17421875 0.17109375 0.06015625 0.03671875
54 0.465625 0.103125 0.05859375 0.03671875
54 0.75546875 0.58984375 0.06015625 0.03671875
53 0.090625 0.42890625 0.1453125 0.0859375
54 0.52890625 0.1046875 0.0578125 0.04140625
54 0.84453125 0.3671875 0.0609375 0.03828125
54 0.08515625 0.36640625 0.05859375 0.03671875
54 0.23828125 0.590625 0.05859375 0.03828125
51 0.27578125 0.32265625 0.028125 0.03515625
53 0.88828125 0.42734375 0.17421875 0.09140625
54 0.9078125 0.36640625 0.05859375 0.03671875
53 0.20625 0.653125 0.20390625 0.09609375
54 0.17421875 0.58984375 0.0578125 0.03671875
53 0.18515625 0.23515625 0.1578125 0.0859375
53 0.47109375 0.165625 0.1484375 0.0890625
54 0.15 0.3671875 0.0578125 0.03828125
53 0.8109375 0.653125 0.1515625 0.0875
34 0.465625 0.66796875 0.0609375 0.0609375
53 0.290625 0.246875 0.0328125 0.06484375
52 0.7875 0.70703125 0.13828125 0.01171875
40 0.52890625 0.665625 0.06015625 0.059375