53 0.521875 0.74375 0.1484375 0.0859375
53 0.17265625 0.234375 0.14375 0.084375
54 0.7546875 0.17109375 0.0578125 0.03671875
53 0.81328125 0.23359375 0.146875 0.0859375
51 0.53828125 0.271875 0.028125 0.0328125
54 0.14453125 0.3671875 0.06015625 0.03828125
54 0.2328125 0.1734375 0.05859375 0.03828125
53 0.90234375 0.43046875 0.146875 0.0859375
54 0.234375 0.59296875 0.05859375 0.04140625
53 0.17421875 0.65625 0.14609375 0.0875
53 0.08671875 0.43046875 0.15 0.0859375
54 0.8421875 0.36796875 0.05859375 0.03828125
54 0.52578125 0.10390625 0.0578125 0.03515625
53 0.8140625 0.65546875 0.1453125 0.0859375
53 0.46484375 0.16640625 0.1484375 0.0875
54 0.08125 0.36640625 0.06015625 0.03671875
54 0.4609375 0.103125 0.05859375 0.034375
54 0.81640625 0.17109375 0.0578125 0.03671875
54 0.1703125 0.17265625 0.05859375 0.03671875
54 0.1703125 0.590625 0.05859375 0.03671875
54 0.90703125 0.36640625 0.0578125 0.03671875
52 0.49375 0.80078125 0.13671875 0.01328125
34 0.4609375 0.66953125 0.05859375 0.0609375
38 0.5234375 0.66875 0.06171875 0.059375