53 0.52890625 0.75234375 0.15 0.0875
48 0.53203125 0.675 0.06015625 0.0609375
53 0.471875 0.16875 0.1484375 0.0859375
54 0.81953125 0.2 0.0609375 0.03828125
54 0.88359375 0.2 0.0609375 0.03828125
54 0.85 0.50703125 0.06015625 0.03828125
54 0.11484375 0.2 0.0609375 0.03828125
52 0.115625 0.6265625 0.140625 0.01328125
54 0.0828125 0.50703125 0.05859375 0.03671875
54 0.18046875 0.20078125 0.0640625 0.03984375
53 0.9109375 0.571875 0.14921875 0.0875
53 0.12578125 0.26328125 0.15859375 0.0859375
54 0.9171875 0.50703125 0.05859375 0.03671875
54 0.14765625 0.50703125 0.0578125 0.03828125
53 0.11484375 0.571875 0.2046875 0.09609375
51 0.2171875 0.36171875 0.028125 0.034375
53 0.8515625 0.26171875 0.2046875 0.09453125
39 0.4671875 0.67578125 0.0609375 0.0625