53 0.5265625 0.75390625 0.15234375 0.0875
54 0.23515625 0.1734375 0.05859375 0.03984375
53 0.88203125 0.434375 0.20703125 0.09609375
54 0.53046875 0.10625 0.0609375 0.04140625
54 0.1703125 0.1734375 0.06015625 0.03828125
54 0.146875 0.37109375 0.06015625 0.03828125
51 0.21015625 0.36953125 0.0296875 0.03515625
53 0.115625 0.43671875 0.20625 0.09453125
53 0.7921875 0.66015625 0.2046875 0.09609375
54 0.0828125 0.3703125 0.06015625 0.03671875
53 0.17578125 0.23828125 0.14921875 0.0859375
53 0.4703125 0.16875 0.1453125 0.0859375
54 0.4671875 0.10390625 0.0609375 0.03671875
53 0.20390625 0.6609375 0.20390625 0.09765625
53 0.81953125 0.23515625 0.1515625 0.0859375
52 0.11484375 0.49140625 0.14296875 0.01484375
30 0.53046875 0.6765625 0.0609375 0.0609375
47 0.4936974796875 0.6464497046875 0.44012605000000005 0.6464497046875 0.436974790625 0.6508875734374999 0.438025209375 0.702662721875 0.4485294125 0.7071005921875 0.497899159375 0.7056213015624999 0.497899159375 0.653846153125 0.4936974796875 0.6464497046875