53 0.52734375 0.73828125 0.1453125 0.0859375
53 0.81484375 0.65078125 0.14609375 0.0859375
53 0.18359375 0.234375 0.1453125 0.084375
54 0.17890625 0.58828125 0.06015625 0.03671875
54 0.75625 0.58828125 0.05859375 0.03671875
54 0.15625 0.36640625 0.06015625 0.03671875
54 0.24296875 0.58828125 0.05859375 0.03671875
54 0.9078125 0.36484375 0.0609375 0.03671875
54 0.17890625 0.171875 0.05859375 0.03515625
54 0.82109375 0.5875 0.06015625 0.03515625
54 0.46796875 0.10390625 0.06015625 0.034375
54 0.84375 0.365625 0.06015625 0.03828125
54 0.0921875 0.365625 0.05859375 0.03515625
54 0.24296875 0.1734375 0.05859375 0.03828125
54 0.53125 0.10390625 0.05859375 0.03671875
54 0.75625 0.17109375 0.05859375 0.03671875
51 0.68203125 0.58828125 0.028125 0.034375
54 0.82109375 0.17109375 0.0578125 0.03671875
53 0.9 0.428125 0.14921875 0.084375
53 0.1234375 0.42890625 0.20078125 0.09453125
5 0.53046875 0.6625 0.05859375 0.059375
52 0.11796875 0.4859375 0.12890625 0.01328125
53 0.18671875 0.65078125 0.1484375 0.0859375
53 0.815625 0.23359375 0.14375 0.0859375
53 0.5015625 0.16640625 0.20078125 0.09296875
23 0.46796875 0.66328125 0.0609375 0.0609375