51 0.20234375 0.4890625 0.0296875 0.03671875
55 0.5328125 0.67578125 0.05859375 0.0609375
28 0.36328125 0.41640625 0.06328125 0.11953125
52 0.5 0.80859375 0.13828125 0.01328125
35 0.4671875 0.675 0.0640625 0.0625
53 0.41701680625000004 0.210059171875 0.5378151265625 0.2115384609375 0.54201680625 0.2056213015625 0.5378151265625 0.1997041421875 0.5336134453125 0.156804734375 0.5483193281250001 0.1242603546875 0.42436974843749997 0.12573964531249998 0.41071428593750003 0.13165680468750002 0.39810924375 0.153846153125 0.400210084375 0.1893491125 0.41701680625000004 0.210059171875
53 0.0472689078125 0.2855029578125 0.06722689062500001 0.3076923078125 0.19432773125 0.3076923078125 0.188025209375 0.2943786984375 0.1953781515625 0.282544378125 0.20063025156249997 0.28698224843750003 0.20588235312499997 0.282544378125 0.20063025156249997 0.221893490625 0.06932773125 0.221893490625 0.0567226890625 0.22928994062500002 0.0451680671875 0.25147929062499996 0.0472689078125 0.2855029578125
53 0.163865546875 0.5295857984375 0.0409663859375 0.5281065093749999 0.027310925000000003 0.53402366875 0.013655462500000002 0.5576923078125 0.012605042187500002 0.5784023671875 0.0178571421875 0.5976331359375 0.026260504687500002 0.607988165625 0.0430672265625 0.615384615625 0.1538865546875 0.613905325 0.1890756296875 0.6198224859375 0.21008403437499998 0.6050295859375 0.2184873953125 0.5739644968750001 0.21323529375 0.5458579875 0.201680671875 0.5295857984375 0.188025209375 0.5236686390624999 0.163865546875 0.5295857984375
53 0.5756302515625 0.70857988125 0.4548319328125 0.7115384609375 0.4663865546875 0.744082840625 0.46533613437500004 0.76923076875 0.45693277343750005 0.7855029578125 0.45798319374999996 0.7943786984375001 0.5430672265625 0.7958579875 0.5514705875 0.79142011875 0.5735294125 0.7958579875 0.590336134375 0.7855029578125 0.6029411765625 0.763313609375 0.60189075625 0.736686390625 0.5871848734375 0.7144970421875 0.5756302515625 0.70857988125
53 0.8487394953124999 0.5576923078125 0.8476890750000001 0.5902366859375 0.8361344531249999 0.6124260359375 0.8434873953125 0.615384615625 0.96323529375 0.613905325 0.978991596875 0.5991124265625001 0.9852941171875 0.5813609468750001 0.984243696875 0.5562130171875 0.978991596875 0.5428994078125 0.9590336140625 0.5281065093749999 0.8371848734375 0.5295857984375 0.8487394953124999 0.5576923078125
53 0.8151260499999999 0.25 0.811974790625 0.2588757390625 0.7720588234375 0.282544378125 0.7626050421875 0.2751479296875 0.7636554624999999 0.2544378703125 0.7468487390625 0.25147929062499996 0.7468487390625 0.2721893484375 0.7573529406249999 0.3002958578125 0.7647058828125 0.3076923078125 0.784663865625 0.3106508875 0.9275210078124999 0.3076923078125 0.9474789921875001 0.289940828125 0.9537815125 0.2662721890625 0.9464285718750001 0.236686390625 0.9275210078124999 0.221893490625 0.8067226890624999 0.2204142015625 0.8035714281249999 0.2248520703125 0.8151260499999999 0.25
54 0.8287815125 0.5251479296875 0.8813025203124999 0.5251479296875 0.8802521015625 0.4896449703125 0.8203781515624999 0.4911242609375 0.8193277312499999 0.5177514796875 0.8287815125 0.5251479296875
54 0.8886554625 0.5266272187500001 0.9464285718750001 0.5251479296875 0.9453781515624999 0.4896449703125 0.8876050421875 0.4896449703125 0.8855042015624999 0.5221893484375 0.8886554625 0.5266272187500001
54 0.5472689078124999 0.12573964531249998 0.5609243703125 0.1168639046875 0.5588235296875 0.0857988171875 0.5010504203124999 0.088757396875 0.5010504203124999 0.12278106562499999 0.5472689078124999 0.12573964531249998
54 0.436974790625 0.088757396875 0.43592437031250003 0.12130177499999999 0.43907562968749997 0.1242603546875 0.497899159375 0.12278106562499999 0.497899159375 0.0902366859375 0.49474789843750006 0.0857988171875 0.436974790625 0.088757396875
54 0.1334033609375 0.2204142015625 0.1449579828125 0.21597633125 0.1428571421875 0.1819526625 0.08508403437499999 0.1819526625 0.0840336140625 0.2189349109375 0.1334033609375 0.2204142015625
54 0.192226890625 0.221893490625 0.21113445312499998 0.210059171875 0.2069327734375 0.1819526625 0.150210084375 0.1819526625 0.150210084375 0.2189349109375 0.192226890625 0.221893490625
54 0.1123949578125 0.5251479296875 0.1123949578125 0.49408284062499996 0.10924369687499999 0.48816568125000004 0.0525210078125 0.4911242609375 0.0525210078125 0.5251479296875 0.1123949578125 0.5251479296875
54 0.164915965625 0.5266272187500001 0.1775210078125 0.5162721890624999 0.1743697484375 0.48816568125000004 0.1186974796875 0.4896449703125 0.1197478984375 0.5266272187500001 0.164915965625 0.5266272187500001
41 0.4044117640625 0.356508875 0.400210084375 0.3624260359375 0.40126050468749996 0.47337278125 0.4527310921875 0.47633136093750006 0.461134453125 0.46005917187499995 0.45798319374999996 0.357988165625 0.4044117640625 0.356508875
15 0.4663865546875 0.45857988125000004 0.484243696875 0.46893491093749995 0.4873949578125 0.479289940625 0.49474789843750006 0.47633136093750006 0.511554621875 0.4837278109375 0.5262605046875 0.4704142015625 0.5294117640625 0.4644970421875 0.527310925 0.35946745625 0.5063025203125 0.3535502953125 0.472689075 0.3550295859375 0.4684873953125 0.37573964531250004 0.4663865546875 0.45857988125000004
9 0.5955882359375 0.4748520703125 0.5966386546875 0.36094674531250004 0.5934873953124999 0.356508875 0.5378151265625 0.357988165625 0.5378151265625 0.47337278125 0.5955882359375 0.4748520703125