8 0.3671875 0.409375 0.06015625 0.11953125
54 0.825 0.590625 0.06015625 0.03828125
53 0.1234375 0.428125 0.20234375 0.09609375
53 0.47734375 0.16640625 0.15 0.0875
54 0.17890625 0.17109375 0.06015625 0.03671875
6 0.43359375 0.409375 0.05703125 0.12421875
27 0.5015625 0.41015625 0.06015625 0.11953125
54 0.24375 0.171875 0.05859375 0.03828125
53 0.53125 0.740625 0.1484375 0.0875
51 0.54765625 0.2703125 0.0296875 0.034375
54 0.76015625 0.590625 0.05859375 0.03828125
53 0.58984375 0.18125 0.0265625 0.0578125
53 0.81484375 0.2328125 0.15546875 0.0875
53 0.2109375 0.65234375 0.1984375 0.09453125
53 0.88046875 0.428125 0.2015625 0.09296875
54 0.84921875 0.36640625 0.06015625 0.03671875
54 0.9125 0.36640625 0.05859375 0.03671875
53 0.81640625 0.65390625 0.1484375 0.0859375
52 0.21015625 0.290625 0.13671875 0.01328125
34 0.46875 0.66796875 0.06015625 0.0609375
53 0.2125 0.234375 0.20390625 0.09609375
1 0.53359375 0.665625 0.05859375 0.059375