7 0.53359375 0.66484375 0.05703125 0.0578125
54 0.24453125 0.590625 0.06015625 0.03828125
29 0.4703125 0.6671875 0.06015625 0.0625
53 0.1828125 0.23515625 0.1453125 0.0859375
54 0.4703125 0.103125 0.05859375 0.03671875
51 0.4078125 0.63359375 0.028125 0.034375
54 0.825 0.590625 0.06015625 0.03828125
54 0.24375 0.17265625 0.05859375 0.03984375
54 0.53359375 0.10390625 0.05859375 0.03828125
54 0.17890625 0.17109375 0.05859375 0.03671875
52 0.2109375 0.290625 0.134375 0.01328125
54 0.17890625 0.58984375 0.06015625 0.03671875
54 0.76015625 0.1703125 0.05859375 0.03828125
54 0.825 0.16953125 0.06015625 0.03671875
54 0.84921875 0.36640625 0.06015625 0.03671875
54 0.76015625 0.590625 0.05859375 0.03828125
54 0.15625 0.36640625 0.06015625 0.03671875
54 0.09140625 0.36640625 0.0609375 0.03671875
53 0.12421875 0.42890625 0.2015625 0.09453125
54 0.9125 0.36640625 0.05859375 0.03671875
53 0.47578125 0.165625 0.14921875 0.0859375
53 0.59296875 0.1765625 0.0203125 0.04296875
53 0.19296875 0.65390625 0.1640625 0.0890625
53 0.8171875 0.2328125 0.153125 0.0875
53 0.53046875 0.74140625 0.146875 0.0859375
53 0.81796875 0.65390625 0.146875 0.0859375