54 0.23515625 0.1734375 0.0609375 0.03984375
53 0.528125 0.753125 0.15 0.0859375
53 0.81953125 0.23515625 0.1515625 0.0859375
54 0.1703125 0.1734375 0.06015625 0.03828125
54 0.23515625 0.59609375 0.0609375 0.03828125
54 0.1703125 0.5953125 0.06015625 0.03671875
54 0.91484375 0.3703125 0.05859375 0.03671875
54 0.85 0.37109375 0.06171875 0.03828125
53 0.0890625 0.4359375 0.1515625 0.0875
53 0.4734375 0.16875 0.15234375 0.0859375
53 0.17421875 0.23671875 0.14609375 0.0859375
54 0.76015625 0.59609375 0.0609375 0.03828125
54 0.82734375 0.5953125 0.06015625 0.03671875
51 0.40234375 0.640625 0.0296875 0.03515625
53 0.9109375 0.4359375 0.1484375 0.0875
53 0.18125 0.659375 0.15859375 0.0890625
18 0.53046875 0.675 0.06171875 0.0609375
53 0.79140625 0.66015625 0.20703125 0.09921875
38 0.46640625 0.67578125 0.05859375 0.0625