55 0.534375 0.665625 0.05859375 0.059375
53 0.2109375 0.234375 0.2015625 0.09609375
4 0.36796875 0.409375 0.05859375 0.11953125
29 0.43359375 0.40859375 0.05703125 0.11796875
54 0.825 0.58984375 0.0578125 0.03671875
53 0.90546875 0.42890625 0.1515625 0.0859375
53 0.1234375 0.42890625 0.20234375 0.09453125
53 0.2109375 0.653125 0.2015625 0.09609375
53 0.5296875 0.740625 0.14921875 0.0875
53 0.4765625 0.165625 0.1515625 0.0859375
53 0.81796875 0.65390625 0.1484375 0.0859375
54 0.76015625 0.590625 0.05859375 0.03828125
53 0.58515625 0.1828125 0.0359375 0.0609375
51 0.31328125 0.59609375 0.02734375 0.0328125
18 0.56953125 0.409375 0.0609375 0.12109375
34 0.4703125 0.6671875 0.06015625 0.0625
53 0.80078125 0.23046875 0.1859375 0.09453125
38 0.50078125 0.41171875 0.05703125 0.11796875