51 0.7921875 0.35546875 0.0296875 0.03671875
52 0.884375 0.62734375 0.13984375 0.01328125
55 0.4984375 0.415625 0.0609375 0.11796875
31 0.53125 0.67578125 0.06171875 0.0625
49 0.36328125 0.41640625 0.06171875 0.11953125
53 0.1838235296875 0.2884615390625 0.1796218484375 0.2662721890625 0.188025209375 0.23076923124999998 0.1932773109375 0.22337278125 0.0703781515625 0.221893490625 0.0567226890625 0.22928994062500002 0.0451680671875 0.2529585796875 0.0472689078125 0.2855029578125 0.06722689062500001 0.3076923078125 0.196428571875 0.3062130171875 0.1838235296875 0.2884615390625
53 0.15966386562499998 0.613905325 0.1890756296875 0.6198224859375 0.21008403437499998 0.6050295859375 0.2184873953125 0.5813609468750001 0.21743697499999998 0.5562130171875 0.21218487343749998 0.54142011875 0.20063025156249997 0.5281065093749999 0.186974790625 0.5221893484375 0.164915965625 0.5295857984375 0.038865546875000004 0.5281065093749999 0.0241596640625 0.5369822484375 0.013655462500000002 0.5576923078125 0.012605042187500002 0.5784023671875 0.0178571421875 0.5976331359375 0.034663865625 0.613905325 0.15966386562499998 0.613905325
53 0.45798319374999996 0.7958579875 0.5777310921875001 0.7943786984375001 0.60189075625 0.7677514796875 0.60189075625 0.73816568125 0.5798319328125 0.710059171875 0.45693277343750005 0.7130177515625 0.4663865546875 0.74260355 0.46533613437500004 0.76923076875 0.45798319374999996 0.7855029578125 0.45798319374999996 0.7958579875
53 0.9569327734374999 0.615384615625 0.9726890750000001 0.607988165625 0.9852941171875 0.5813609468750001 0.9810924375000001 0.547337278125 0.9642857140625001 0.5295857984375 0.8392857140625001 0.5295857984375 0.849789915625 0.5695266265625001 0.8466386546875 0.5976331359375 0.8361344531249999 0.6124260359375 0.9569327734374999 0.615384615625
53 0.8109243703125 0.289940828125 0.8025210078124999 0.3076923078125 0.7720588234375 0.309171596875 0.9264705875000001 0.3076923078125 0.942226890625 0.297337278125 0.9527310921875 0.2736686390625 0.94957983125 0.24260354999999997 0.9285714281249999 0.221893490625 0.8046218484375001 0.22337278125 0.8151260499999999 0.2455621296875 0.8151260499999999 0.2736686390625 0.8088235296875 0.2795857984375 0.8109243703125 0.289940828125
54 0.1449579828125 0.1849112421875 0.1418067234375 0.1819526625 0.08508403437499999 0.1819526625 0.0840336140625 0.2189349109375 0.13445378125000002 0.2204142015625 0.1449579828125 0.21597633125 0.1449579828125 0.1849112421875
54 0.21113445312499998 0.210059171875 0.2069327734375 0.1819526625 0.1491596640625 0.183431953125 0.14810924375 0.21301775156249997 0.1533613453125 0.2204142015625 0.192226890625 0.221893490625 0.21113445312499998 0.210059171875
54 0.8802521015625 0.4896449703125 0.8203781515624999 0.4911242609375 0.8193277312499999 0.5177514796875 0.8287815125 0.5251479296875 0.8813025203124999 0.5251479296875 0.8802521015625 0.4896449703125
54 0.8876050421875 0.4896449703125 0.886554621875 0.5251479296875 0.9464285718750001 0.5251479296875 0.9453781515624999 0.4896449703125 0.8876050421875 0.4896449703125
20 0.4621848734375 0.46597633125 0.45903361406250004 0.35946745625 0.455882353125 0.3550295859375 0.4044117640625 0.3550295859375 0.39915966406250003 0.3668639046875 0.40126050468749996 0.47337278125 0.40756302499999997 0.47781065156249997 0.4527310921875 0.479289940625 0.4621848734375 0.46597633125
41 0.497899159375 0.653846153125 0.4936974796875 0.6464497046875 0.43907562968749997 0.6464497046875 0.43592437031250003 0.653846153125 0.43907562968749997 0.702662721875 0.451680671875 0.70857988125 0.49894957968750003 0.7056213015624999 0.497899159375 0.653846153125