53 0.528125 0.753125 0.146875 0.0859375
54 0.81796875 0.2 0.06015625 0.03828125
46 0.46640625 0.67578125 0.0609375 0.0625
54 0.88203125 0.2 0.0609375 0.03828125
54 0.0828125 0.50703125 0.06015625 0.03671875
53 0.1203125 0.26328125 0.1546875 0.0859375
54 0.11328125 0.19921875 0.0609375 0.03671875
54 0.85 0.50703125 0.06171875 0.03828125
53 0.9109375 0.571875 0.14921875 0.0875
53 0.471875 0.16875 0.15 0.0859375
54 0.915625 0.5078125 0.05859375 0.03671875
54 0.17890625 0.2 0.06015625 0.03828125
54 0.146875 0.50703125 0.06015625 0.03828125
54 0.53125 0.10546875 0.06015625 0.03984375
53 0.11640625 0.571875 0.20625 0.09609375
54 0.4671875 0.10390625 0.0609375 0.03671875
51 0.74140625 0.590625 0.0296875 0.03515625
53 0.8515625 0.2625 0.20234375 0.09296875
17 0.53125 0.6765625 0.06171875 0.0609375
52 0.13515625 0.321875 0.11953125 0.01328125