53 0.53125 0.74296875 0.1484375 0.0859375
53 0.12421875 0.42890625 0.2015625 0.09140625
44 0.4703125 0.66875 0.06015625 0.0625
54 0.4703125 0.103125 0.06015625 0.034375
53 0.81953125 0.23359375 0.1515625 0.0859375
54 0.7625 0.1703125 0.0609375 0.03828125
54 0.915625 0.36640625 0.05859375 0.03671875
54 0.24375 0.17265625 0.05859375 0.03984375
54 0.2421875 0.5921875 0.06015625 0.03671875
53 0.9109375 0.43046875 0.1484375 0.0859375
53 0.47734375 0.16640625 0.15234375 0.0875
53 0.2109375 0.65390625 0.20390625 0.09140625
54 0.1546875 0.36796875 0.0578125 0.03828125
51 0.54765625 0.27109375 0.0296875 0.034375
53 0.81875 0.65625 0.1484375 0.0875
54 0.534375 0.10390625 0.05859375 0.03828125
54 0.8515625 0.36796875 0.0578125 0.03671875
54 0.17890625 0.17265625 0.05859375 0.03671875
54 0.82578125 0.1703125 0.0578125 0.03515625
54 0.17890625 0.590625 0.0578125 0.03671875
54 0.09140625 0.36640625 0.05859375 0.03671875
52 0.21015625 0.70859375 0.1453125 0.01484375
53 0.18515625 0.234375 0.14921875 0.0875
53 0.2921875 0.22578125 0.04375 0.07265625
45 0.56512605 0.6967455625000001 0.563025209375 0.64053254375 0.5073529406249999 0.64053254375 0.5073529406249999 0.6863905328125 0.5126050421875 0.687869821875 0.5147058828125 0.6982248515625 0.5535714281249999 0.702662721875 0.56512605 0.6967455625000001