53 0.17890625 0.665625 0.15 0.0890625
53 0.53203125 0.7578125 0.15234375 0.0875
53 0.0875 0.4390625 0.15 0.0859375
37 0.36484375 0.41796875 0.05859375 0.12265625
51 0.21328125 0.3734375 0.0296875 0.03671875
54 0.17421875 0.6 0.06015625 0.03671875
54 0.0828125 0.3734375 0.0609375 0.03671875
53 0.91796875 0.4375 0.14921875 0.0890625
53 0.475 0.17109375 0.1484375 0.0875
54 0.4703125 0.10390625 0.06015625 0.03671875
53 0.2078125 0.24140625 0.2046875 0.09140625
54 0.14765625 0.37578125 0.06015625 0.04140625
54 0.23984375 0.60078125 0.0609375 0.03828125
54 0.534375 0.10546875 0.0609375 0.03984375
44 0.4703125 0.678125 0.0640625 0.06328125
53 0.79921875 0.66640625 0.2046875 0.09296875
24 0.534375 0.67890625 0.0609375 0.0625
26 0.50234375 0.41953125 0.0640625 0.12265625
42 0.4328125 0.42109375 0.05859375 0.12265625