53 0.52734375 0.75234375 0.14921875 0.0875
53 0.115625 0.57109375 0.20625 0.09765625
18 0.43046875 0.415625 0.06171875 0.11796875
51 0.7921875 0.3546875 0.0296875 0.03515625
53 0.471875 0.16796875 0.146875 0.084375
15 0.63515625 0.41796875 0.05859375 0.12265625
54 0.53125 0.10546875 0.06015625 0.03984375
54 0.4671875 0.10390625 0.0609375 0.03671875
32 0.3625 0.41640625 0.05703125 0.1171875
53 0.9109375 0.571875 0.1484375 0.0875
53 0.87109375 0.2640625 0.16484375 0.0875
52 0.49921875 0.80703125 0.13984375 0.01328125
49 0.5671875 0.41640625 0.0609375 0.1171875
53 0.12265625 0.2625 0.15625 0.0875
3 0.46640625 0.6765625 0.0609375 0.0609375
27 0.4684873953125 0.471893490625 0.47373949531250004 0.47781065156249997 0.49894957968750003 0.479289940625 0.5147058828125 0.471893490625 0.525210084375 0.47633136093750006 0.5294117640625 0.4630177515625 0.5304621843749999 0.411242603125 0.527310925 0.35946745625 0.49684873906250004 0.3535502953125 0.472689075 0.356508875 0.4684873953125 0.363905325 0.4684873953125 0.471893490625
1 0.5609243703125 0.7056213015624999 0.561974790625 0.6597633140625 0.557773109375 0.6464497046875 0.5010504203124999 0.649408284375 0.5010504203124999 0.7071005921875 0.5609243703125 0.7056213015624999