8 0.56640625 0.41640625 0.05859375 0.1171875
33 0.36171875 0.4171875 0.05859375 0.11796875
42 0.42890625 0.41875 0.06015625 0.12109375
41 0.4640625 0.67578125 0.0609375 0.0625
53 0.5265625 0.75390625 0.146875 0.084375
53 0.7890625 0.23828125 0.2046875 0.09765625
16 0.49765625 0.41796875 0.0640625 0.12578125
53 0.49765625 0.17109375 0.2046875 0.09609375
53 0.2046875 0.66328125 0.2078125 0.09296875
53 0.8171875 0.6609375 0.14921875 0.0859375
54 0.23515625 0.17578125 0.05859375 0.03828125
51 0.796875 0.51015625 0.028125 0.03515625
53 0.8796875 0.43515625 0.20703125 0.09453125
54 0.1703125 0.175 0.06015625 0.03671875
53 0.10078125 0.4375 0.1765625 0.090625
53 0.20234375 0.4515625 0.0296875 0.059375
52 0.4984375 0.80859375 0.13984375 0.01015625
37 0.5296875 0.67578125 0.06015625 0.0625