53 0.20234375 0.2375 0.20625 0.09609375
53 0.5265625 0.74921875 0.14609375 0.0875
53 0.46875 0.16796875 0.14609375 0.090625
53 0.909375 0.43359375 0.14609375 0.0859375
53 0.81953125 0.23515625 0.1453125 0.0859375
54 0.75859375 0.171875 0.0609375 0.03828125
54 0.82265625 0.171875 0.06015625 0.03828125
53 0.81484375 0.659375 0.153125 0.0875
51 0.68203125 0.5953125 0.02734375 0.034375
54 0.4640625 0.10390625 0.05859375 0.03515625
54 0.08125 0.36875 0.0609375 0.03671875
54 0.1453125 0.36953125 0.06015625 0.03828125
54 0.8484375 0.36953125 0.06015625 0.03828125
54 0.5296875 0.10390625 0.06015625 0.03671875
52 0.4984375 0.80390625 0.13984375 0.01328125
53 0.1140625 0.4328125 0.2046875 0.09296875
54 0.9125 0.36953125 0.05859375 0.03828125
49 0.4640625 0.67421875 0.0609375 0.0625
17 0.55987395 0.702662721875 0.557773109375 0.6449704140625 0.5136554624999999 0.642011834375 0.5 0.64792899375 0.5 0.7056213015624999 0.55987395 0.702662721875