51 0.31328125 0.596875 0.028125 0.0328125
52 0.4765625 0.2234375 0.08515625 0.01328125
54 0.150210084375 0.5724852078125 0.150210084375 0.607988165625 0.20903361406249998 0.6050295859375 0.20588235312499997 0.5710059171874999 0.150210084375 0.5724852078125
54 0.2605042015625 0.60946745625 0.275210084375 0.60207100625 0.2720588234375 0.5710059171874999 0.2142857140625 0.5739644968750001 0.215336134375 0.607988165625 0.2605042015625 0.60946745625
54 0.063025209375 0.386094675 0.1218487390625 0.3831360953125 0.1186974796875 0.34911242656249997 0.0609243703125 0.35207100625 0.059873949999999995 0.3831360953125 0.063025209375 0.386094675
54 0.1260504203125 0.350591715625 0.127100840625 0.386094675 0.169117646875 0.3875739640625 0.1859243703125 0.3801775140625 0.1859243703125 0.3535502953125 0.182773109375 0.34911242656249997 0.1260504203125 0.350591715625
54 0.150210084375 0.153846153125 0.150210084375 0.1893491125 0.21008403437499998 0.187869821875 0.2069327734375 0.1523668640625 0.150210084375 0.153846153125
54 0.44222689062500004 0.0843195265625 0.44222689062500004 0.12278106562499999 0.5 0.12278106562499999 0.497899159375 0.0843195265625 0.44222689062500004 0.0843195265625
54 0.5052521015625 0.0857988171875 0.50420168125 0.11390532499999999 0.5073529406249999 0.12278106562499999 0.55042016875 0.1242603546875 0.56512605 0.11538461562499999 0.563025209375 0.0843195265625 0.5052521015625 0.0857988171875
54 0.2605042015625 0.190828403125 0.27415966406250003 0.183431953125 0.2720588234375 0.1523668640625 0.2142857140625 0.153846153125 0.215336134375 0.1893491125 0.2605042015625 0.190828403125
54 0.7310924375 0.15532544375 0.7300420171875001 0.1775147921875 0.738445378125 0.1863905328125 0.7909663859375 0.187869821875 0.788865546875 0.1508875734375 0.734243696875 0.1508875734375 0.7310924375 0.15532544375
54 0.7962184875 0.1523668640625 0.7983193281250001 0.187869821875 0.853991596875 0.1863905328125 0.8518907562500001 0.1508875734375 0.7962184875 0.1523668640625
54 0.8193277312499999 0.35207100625 0.8203781515624999 0.3816568046875 0.83298319375 0.3875739640625 0.87920168125 0.3831360953125 0.8802521015625 0.3550295859375 0.8760504203125 0.34911242656249997 0.8193277312499999 0.35207100625
54 0.9432773109375001 0.384615384375 0.9432773109375001 0.3535502953125 0.9401260499999999 0.34911242656249997 0.8844537812500001 0.350591715625 0.8834033609375 0.384615384375 0.9432773109375001 0.384615384375
54 0.8550420171875001 0.6065088750000001 0.8550420171875001 0.5754437875 0.8518907562500001 0.5710059171874999 0.7962184875 0.5724852078125 0.7983193281250001 0.60946745625 0.8550420171875001 0.6065088750000001
54 0.7436974796875 0.60946745625 0.79201680625 0.6065088750000001 0.789915965625 0.5710059171874999 0.7310924375 0.5739644968750001 0.7300420171875001 0.60207100625 0.7436974796875 0.60946745625
8 0.5640756296875 0.695266271875 0.5640756296875 0.6390532546875 0.511554621875 0.636094675 0.5052521015625 0.64053254375 0.5052521015625 0.695266271875 0.5640756296875 0.695266271875
10 0.49894957968750003 0.6390532546875 0.4453781515625 0.636094675 0.44117647031249996 0.64053254375 0.4432773109375 0.6923076921875 0.46323529375000005 0.7041420125 0.4758403359375 0.6967455625000001 0.5 0.695266271875 0.49894957968750003 0.6390532546875
53 0.45693277343750005 0.702662721875 0.4684873953125 0.7278106515625 0.469537815625 0.7529585796875 0.45798319374999996 0.7855029578125 0.5735294125 0.7855029578125 0.5892857140625 0.7781065093749999 0.603991596875 0.75739645 0.6029411765625 0.7278106515625 0.592436975 0.70857988125 0.58298319375 0.70118343125 0.46323529375000005 0.6997041421875 0.45693277343750005 0.702662721875
53 0.890756303125 0.21301775156249997 0.87920168125 0.195266271875 0.87079831875 0.190828403125 0.7363445375000001 0.1863905328125 0.7426470593750001 0.2115384609375 0.74054621875 0.21597633125 0.7489495796875001 0.21745562187499998 0.7584033609375 0.2337278109375 0.7626050421875 0.2337278109375 0.7573529406249999 0.26183431874999996 0.75 0.270710059375 0.75420168125 0.2751479296875 0.8697478984375 0.2751479296875 0.8834033609375 0.2647929 0.8928571421875 0.2455621296875 0.890756303125 0.21301775156249997
53 0.7909663859375 0.46597633125 0.7993697484375 0.4704142015625 0.8109243703125 0.452662721875 0.8109243703125 0.445266271875 0.8035714281249999 0.43934911249999997 0.8046218484375001 0.41568047343750003 0.7909663859375 0.4097633140625 0.782563025 0.39053254375 0.777310925 0.393491125 0.782563025 0.45118343125000004 0.7909663859375 0.46597633125
53 0.9821428578125 0.418639053125 0.9768907562500001 0.40384615312500005 0.9642857140625001 0.39053254375 0.9511554625 0.3875739640625 0.942226890625 0.3698224859375 0.9411764703125 0.3550295859375 0.9317226890624999 0.35207100625 0.9317226890624999 0.357988165625 0.8760504203125 0.36094674531250004 0.8644957984375001 0.378698225 0.849789915625 0.37573964531250004 0.842436975 0.384615384375 0.8277310921875 0.371301775 0.8193277312499999 0.37426035468749996 0.8098739500000001 0.392011834375 0.8319327734374999 0.3964497046875 0.8434873953125 0.418639053125 0.8371848734375 0.4319526625 0.840336134375 0.4363905328125 0.8371848734375 0.445266271875 0.8392857140625001 0.4630177515625 0.8340336140625 0.4704142015625 0.955882353125 0.47337278125 0.969537815625 0.46597633125 0.9821428578125 0.440828403125 0.9821428578125 0.418639053125
53 0.7510504203124999 0.6686390531249999 0.7531512609375 0.683431953125 0.7468487390625 0.695266271875 0.863445378125 0.6967455625000001 0.8844537812500001 0.6849112421875 0.8928571421875 0.6642011828125 0.8918067234375 0.634615384375 0.8718487390625 0.6109467453125 0.75 0.6124260359375 0.7552521015625 0.6449704140625 0.7510504203124999 0.6686390531249999
53 0.5840336140625 0.2115384609375 0.5945378156250001 0.20118343125 0.6029411765625 0.1849112421875 0.6050420171875001 0.153846153125 0.5892857140625 0.1597633140625 0.58298319375 0.17011834374999998 0.58298319375 0.190828403125 0.57457983125 0.20266272187499998 0.5703781515624999 0.1997041421875 0.56932773125 0.21301775156249997 0.5840336140625 0.2115384609375
53 0.402310925 0.15532544375 0.4065126046875 0.190828403125 0.413865546875 0.20266272187499998 0.4275210078125 0.210059171875 0.5462184875 0.210059171875 0.5546218484375001 0.20266272187499998 0.55042016875 0.1775147921875 0.5535714281249999 0.153846153125 0.5493697484375 0.143491125 0.55042016875 0.12130177499999999 0.4222689078125 0.12573964531249998 0.40756302499999997 0.14053254375 0.402310925 0.15532544375
53 0.0472689078125 0.3875739640625 0.034663865625 0.3949704140625 0.02310924375 0.41568047343750003 0.0241596640625 0.4467455625 0.0378151265625 0.46893491093749995 0.0567226890625 0.4748520703125 0.0871848734375 0.47337278125 0.1123949578125 0.4497041421875 0.15966386562499998 0.45118343125000004 0.15546218437499998 0.4363905328125 0.1586134453125 0.41272189375 0.15546218437499998 0.39792899375 0.163865546875 0.393491125 0.1565126046875 0.38905325468749996 0.0472689078125 0.3875739640625
53 0.1113445375 0.64053254375 0.1102941171875 0.656804734375 0.11554621875 0.6775147921875 0.1355042015625 0.695266271875 0.2626050421875 0.695266271875 0.25 0.6804733734374999 0.2436974796875 0.6642011828125 0.2436974796875 0.642011834375 0.257352940625 0.615384615625 0.2531512609375 0.60946745625 0.1334033609375 0.6109467453125 0.1239495796875 0.6168639046875 0.1113445375 0.64053254375
53 0.1302521015625 0.2751479296875 0.257352940625 0.2751479296875 0.2468487390625 0.25147929062499996 0.24579831875 0.21745562187499998 0.257352940625 0.1982248515625 0.2552521015625 0.1937869828125 0.136554621875 0.1923076921875 0.1239495796875 0.1982248515625 0.1113445375 0.221893490625 0.1123949578125 0.25 0.1302521015625 0.2751479296875