12 0.4984375 0.41484375 0.06015625 0.11953125
53 0.5296875 0.75234375 0.15 0.0875
53 0.115625 0.5703125 0.20390625 0.09609375
14 0.4671875 0.6765625 0.06015625 0.0609375
54 0.0828125 0.50703125 0.05859375 0.03671875
53 0.8515625 0.2625 0.2046875 0.09609375
53 0.471875 0.16796875 0.1484375 0.084375
53 0.9109375 0.57109375 0.15 0.0859375
6 0.53046875 0.67578125 0.0609375 0.059375
54 0.14765625 0.50703125 0.0578125 0.03828125
53 0.12578125 0.26171875 0.1609375 0.0859375
51 0.74140625 0.58984375 0.028125 0.03671875
31 0.56640625 0.415625 0.06015625 0.11796875
18 0.43203125 0.415625 0.06015625 0.11796875
52 0.50078125 0.80703125 0.1375 0.01328125
27 0.390756303125 0.357988165625 0.33928571406249997 0.3550295859375 0.33298319374999996 0.35946745625 0.3340336140625 0.4748520703125 0.3897058828125 0.47633136093750006 0.39390756250000003 0.45857988125000004 0.390756303125 0.357988165625