54 0.24296875 0.590625 0.06015625 0.03828125
53 0.5296875 0.7421875 0.14921875 0.084375
54 0.53359375 0.10390625 0.0609375 0.03828125
53 0.88046875 0.42890625 0.20234375 0.09453125
54 0.4703125 0.10234375 0.06015625 0.03515625
54 0.15625 0.3671875 0.06015625 0.03828125
54 0.17890625 0.58984375 0.06015625 0.03671875
53 0.47421875 0.165625 0.14609375 0.0859375
54 0.76015625 0.1703125 0.05859375 0.03828125
54 0.09140625 0.36640625 0.05859375 0.03671875
53 0.81875 0.65390625 0.14609375 0.0859375
54 0.825 0.16953125 0.06015625 0.03671875
32 0.4703125 0.6671875 0.06015625 0.0625
53 0.2125 0.6515625 0.20390625 0.09609375
52 0.2109375 0.70703125 0.140625 0.01171875
51 0.21875 0.3640625 0.0296875 0.0328125
40 0.534375 0.665625 0.05859375 0.059375
53 0.0984375 0.4265625 0.1515625 0.084375
53 0.81953125 0.2328125 0.14921875 0.0875