51 0.7921875 0.35390625 0.0296875 0.034375
53 0.115625 0.5703125 0.20625 0.09609375
53 0.5296875 0.753125 0.1484375 0.0859375
54 0.88359375 0.2 0.0609375 0.03828125
54 0.85 0.50703125 0.06015625 0.03671875
54 0.81875 0.2 0.06015625 0.03828125
14 0.53046875 0.675 0.0609375 0.0609375
53 0.12265625 0.26328125 0.15625 0.0890625
54 0.11484375 0.19921875 0.0609375 0.03671875
54 0.18046875 0.20078125 0.06171875 0.03984375
53 0.91171875 0.571875 0.14921875 0.0875
53 0.47109375 0.16875 0.14609375 0.0859375
54 0.4671875 0.10390625 0.06015625 0.03671875
54 0.53203125 0.10625 0.06015625 0.04140625
54 0.9171875 0.50703125 0.05859375 0.03671875
53 0.87578125 0.26328125 0.153125 0.0859375
38 0.4671875 0.67578125 0.0609375 0.0625
52 0.14765625 0.321875 0.1421875 0.01328125