10 0.53359375 0.66484375 0.05859375 0.0578125
53 0.2109375 0.234375 0.2015625 0.09609375
53 0.87890625 0.42890625 0.20390625 0.09453125
54 0.24296875 0.590625 0.06015625 0.03828125
53 0.4765625 0.16640625 0.1515625 0.0875
36 0.43359375 0.409375 0.05703125 0.11953125
51 0.68515625 0.590625 0.0296875 0.034375
53 0.7921875 0.653125 0.20390625 0.09296875
53 0.1234375 0.428125 0.20234375 0.09609375
53 0.52734375 0.740625 0.1515625 0.0875
53 0.58515625 0.1828125 0.0359375 0.0609375
53 0.19140625 0.653125 0.159375 0.0875
40 0.3671875 0.409375 0.06015625 0.11953125
54 0.17890625 0.58984375 0.05859375 0.03671875
22 0.56953125 0.409375 0.0609375 0.11796875
53 0.81328125 0.23203125 0.1578125 0.0890625
34 0.46875 0.66796875 0.0578125 0.0609375
21 0.50234375 0.409375 0.06015625 0.11953125
52 0.50234375 0.79765625 0.13515625 0.01171875