54 0.76015625 0.590625 0.05859375 0.03828125
54 0.24296875 0.590625 0.06015625 0.03828125
54 0.76015625 0.1703125 0.05859375 0.03828125
54 0.825 0.58984375 0.0578125 0.03671875
54 0.4703125 0.103125 0.05859375 0.03671875
53 0.81796875 0.23359375 0.14921875 0.0859375
54 0.17890625 0.58984375 0.05859375 0.03671875
54 0.534375 0.10390625 0.05859375 0.03828125
54 0.17890625 0.17109375 0.06015625 0.03671875
54 0.09140625 0.36640625 0.05859375 0.03671875
54 0.24375 0.171875 0.05859375 0.03828125
54 0.825 0.16953125 0.06015625 0.03671875
53 0.88046875 0.428125 0.2015625 0.09296875
54 0.1546875 0.36640625 0.05859375 0.03671875
53 0.2125 0.234375 0.2015625 0.09609375
53 0.53125 0.74140625 0.14609375 0.0859375
8 0.53359375 0.66484375 0.05859375 0.0578125
54 0.84921875 0.36640625 0.06015625 0.03671875
53 0.475 0.165625 0.1484375 0.0859375
53 0.19375 0.653125 0.1671875 0.0875
53 0.59296875 0.17734375 0.0203125 0.04453125
48 0.46875 0.665625 0.06015625 0.059375
54 0.9125 0.36640625 0.05859375 0.03671875
51 0.68515625 0.590625 0.0296875 0.034375
53 0.12265625 0.43046875 0.19921875 0.09453125
52 0.11875 0.48671875 0.128125 0.01484375
53 0.7921875 0.65390625 0.2015625 0.09140625