53 0.52890625 0.75234375 0.1484375 0.0875
54 0.81796875 0.2 0.06171875 0.03828125
54 0.88359375 0.2 0.05859375 0.03828125
53 0.4734375 0.16875 0.15 0.0859375
53 0.115625 0.57109375 0.20625 0.09453125
54 0.0828125 0.50703125 0.06015625 0.03671875
53 0.909375 0.57265625 0.14921875 0.0859375
30 0.46640625 0.6765625 0.0609375 0.0609375
54 0.146875 0.50703125 0.0578125 0.03828125
53 0.8515625 0.26171875 0.2046875 0.09453125
51 0.74140625 0.590625 0.028125 0.03515625
52 0.49921875 0.80703125 0.13984375 0.01328125
53 0.12578125 0.2625 0.1625 0.0875
14 0.53046875 0.67578125 0.0609375 0.059375