53 0.5265625 0.75 0.14921875 0.0890625
53 0.11484375 0.434375 0.2046875 0.09296875
54 0.23671875 0.5953125 0.05859375 0.03671875
54 0.53125 0.10546875 0.06015625 0.03984375
54 0.171875 0.17265625 0.06015625 0.03671875
53 0.17890625 0.659375 0.15234375 0.0875
54 0.23671875 0.1734375 0.05859375 0.03984375
49 0.53046875 0.6734375 0.0609375 0.0609375
54 0.759375 0.171875 0.0609375 0.03828125
54 0.171875 0.5953125 0.06015625 0.03671875
53 0.47265625 0.16875 0.14921875 0.0859375
53 0.88125 0.4328125 0.20390625 0.09296875
53 0.17734375 0.23671875 0.1484375 0.0859375
51 0.5421875 0.271875 0.03046875 0.0328125
54 0.82421875 0.171875 0.06015625 0.03828125
53 0.81875 0.659375 0.1484375 0.0875
54 0.465625 0.10390625 0.0609375 0.03515625
54 0.146875 0.36953125 0.06015625 0.03828125
53 0.82109375 0.23515625 0.14375 0.0859375
54 0.0828125 0.36875 0.06015625 0.03671875
54 0.84921875 0.36953125 0.0640625 0.03828125
52 0.203125 0.715625 0.13984375 0.01484375
53 0.29609375 0.65390625 0.0234375 0.07109375
47 0.465625 0.6734375 0.0609375 0.0609375
54 0.9140625 0.36953125 0.0609375 0.03828125