53 0.20625 0.2390625 0.2078125 0.09921875
4 0.534375 0.67734375 0.0609375 0.059375
54 0.921875 0.3734375 0.06015625 0.03671875
54 0.0828125 0.3734375 0.0609375 0.03671875
53 0.475 0.16953125 0.14921875 0.0875
54 0.83203125 0.6 0.05859375 0.03671875
53 0.17734375 0.66484375 0.14921875 0.0875
54 0.85703125 0.3734375 0.0609375 0.03671875
54 0.23984375 0.60078125 0.0609375 0.03828125
53 0.11640625 0.4375 0.20703125 0.09296875
54 0.4703125 0.10390625 0.06015625 0.03671875
54 0.1484375 0.3734375 0.06015625 0.03671875
51 0.40703125 0.64609375 0.028125 0.034375
53 0.91875 0.43828125 0.1484375 0.090625
54 0.17421875 0.6 0.06015625 0.03671875
54 0.7671875 0.6015625 0.0609375 0.03984375
54 0.5359375 0.1046875 0.0609375 0.04140625
52 0.8875 0.4953125 0.128125 0.01171875
53 0.82265625 0.6671875 0.1546875 0.09140625
53 0.53125 0.7578125 0.14921875 0.0875
53 0.825 0.2375 0.1546875 0.0875
34 0.46875 0.6796875 0.06015625 0.06328125
53 0.590625 0.1875 0.03359375 0.0515625