54 0.81953125 0.20078125 0.0609375 0.03984375
54 0.88203125 0.2 0.0609375 0.03828125
54 0.146875 0.2 0.12578125 0.03828125
42 0.4671875 0.6765625 0.0609375 0.0609375
53 0.52890625 0.753125 0.1484375 0.0859375
53 0.471875 0.16875 0.14921875 0.0859375
54 0.0828125 0.50703125 0.06015625 0.03671875
54 0.85 0.5078125 0.06171875 0.03671875
53 0.9109375 0.571875 0.14921875 0.0875
54 0.915625 0.50703125 0.05859375 0.03515625
54 0.146875 0.50703125 0.06015625 0.03828125
53 0.11796875 0.2625 0.1484375 0.0875
51 0.40390625 0.640625 0.028125 0.03515625
54 0.53125 0.10546875 0.06015625 0.03984375
52 0.49609375 0.225 0.13515625 0.01171875
53 0.11484375 0.57109375 0.2046875 0.09453125
27 0.53125 0.675 0.06015625 0.0609375
53 0.878125 0.26328125 0.14921875 0.0859375
54 0.4671875 0.10390625 0.0609375 0.03671875