52 0.2109375 0.2921875 0.13515625 0.01484375
51 0.21875 0.365625 0.0296875 0.0328125
48 0.47109375 0.66796875 0.0609375 0.0609375
53 0.1376050421875 0.1923076921875 0.122899159375 0.1997041421875 0.1113445375 0.221893490625 0.1123949578125 0.25 0.1302521015625 0.2751479296875 0.152310925 0.2751479296875 0.152310925 0.2588757390625 0.2205882359375 0.26183431874999996 0.2216386546875 0.2751479296875 0.247899159375 0.2751479296875 0.252100840625 0.26923076875 0.2447478984375 0.25 0.24579831875 0.21597633125 0.2563025203125 0.195266271875 0.1376050421875 0.1923076921875
53 0.428571428125 0.210059171875 0.5451680671875 0.210059171875 0.5514705875 0.190828403125 0.5493697484375 0.1242603546875 0.43277310937499996 0.1242603546875 0.41596638593749996 0.1301775140625 0.4044117640625 0.14792899375 0.4044117640625 0.1849112421875 0.41176470624999995 0.1997041421875 0.428571428125 0.210059171875
53 0.586134453125 0.1656804734375 0.58298319375 0.1923076921875 0.5913865546875 0.20414201250000003 0.6029411765625 0.183431953125 0.6050420171875001 0.156804734375 0.5913865546875 0.1582840234375 0.586134453125 0.1656804734375
53 0.75 0.1997041421875 0.761554621875 0.2263313609375 0.761554621875 0.2411242609375 0.75 0.270710059375 0.75420168125 0.27662721874999996 0.8655462187499999 0.27662721874999996 0.8834033609375 0.2647929 0.8928571421875 0.24408284062500002 0.890756303125 0.2115384609375 0.8728991593750001 0.1923076921875 0.7373949578125 0.1893491125 0.75 0.1997041421875
53 0.8319327734374999 0.39053254375 0.8434873953125 0.406804734375 0.8476890750000001 0.4304733734375 0.8371848734375 0.47337278125 0.951680671875 0.47337278125 0.9705882359375 0.4644970421875 0.9821428578125 0.43934911249999997 0.9821428578125 0.42011834375 0.9768907562500001 0.40532544374999996 0.9600840343750001 0.38905325468749996 0.8361344531249999 0.386094675 0.8319327734374999 0.39053254375
53 0.75420168125 0.653846153125 0.7573529406249999 0.6656804734375 0.7489495796875001 0.695266271875 0.8686974796875001 0.695266271875 0.886554621875 0.6804733734374999 0.8939075624999999 0.65532544375 0.886554621875 0.6242603546875001 0.8676470593750001 0.60946745625 0.75 0.6124260359375 0.7563025203125 0.6316568046875 0.75420168125 0.653846153125
53 0.469537815625 0.729289940625 0.4705882359375 0.75 0.45903361406250004 0.7855029578125 0.57457983125 0.7855029578125 0.592436975 0.7751479296875 0.603991596875 0.75739645 0.6029411765625 0.7278106515625 0.5840336140625 0.70118343125 0.460084034375 0.6967455625000001 0.455882353125 0.702662721875 0.469537815625 0.729289940625
53 0.277310925 0.636094675 0.27310924375 0.615384615625 0.288865546875 0.607988165625 0.1334033609375 0.6109467453125 0.122899159375 0.6183431953125 0.113445378125 0.634615384375 0.1123949578125 0.6671597640625 0.12079831875 0.6849112421875 0.1334033609375 0.6937869828125 0.28046218437500003 0.6997041421875 0.2836134453125 0.695266271875 0.277310925 0.695266271875 0.2720588234375 0.6849112421875 0.25945378125 0.6893491125 0.25 0.6775147921875 0.2447478984375 0.6582840234375 0.257352940625 0.6375739640625 0.277310925 0.636094675
21 0.5640756296875 0.6967455625000001 0.56512605 0.6464497046875 0.561974790625 0.6375739640625 0.5063025203125 0.6390532546875 0.5052521015625 0.6967455625000001 0.5640756296875 0.6967455625000001
53 0.20063025156249997 0.3831360953125 0.19432773125 0.3816568046875 0.15546218437499998 0.3875739640625 0.0493697484375 0.3875739640625 0.0357142859375 0.3949704140625 0.0241596640625 0.41715976406250005 0.026260504687500002 0.45118343125000004 0.0357142859375 0.46597633125 0.0493697484375 0.47337278125 0.1712184875 0.471893490625 0.20063025156249997 0.47781065156249997 0.219537815625 0.46005917187499995 0.22689075625 0.4319526625 0.22373949531249998 0.41568047343750003 0.21218487343749998 0.42159763281249996 0.201680671875 0.41420118281249996 0.196428571875 0.40532544374999996 0.20063025156249997 0.3831360953125
54 0.2069327734375 0.190828403125 0.21008403437499998 0.1863905328125 0.2069327734375 0.1523668640625 0.150210084375 0.153846153125 0.150210084375 0.1893491125 0.2069327734375 0.190828403125
54 0.2605042015625 0.190828403125 0.27415966406250003 0.183431953125 0.2720588234375 0.1523668640625 0.2142857140625 0.153846153125 0.215336134375 0.1893491125 0.2605042015625 0.190828403125
54 0.44117647031249996 0.0857988171875 0.44222689062500004 0.12278106562499999 0.5 0.12278106562499999 0.497899159375 0.0843195265625 0.44117647031249996 0.0857988171875
54 0.5514705875 0.1242603546875 0.56512605 0.11538461562499999 0.563025209375 0.0843195265625 0.5052521015625 0.0857988171875 0.5063025203125 0.12278106562499999 0.5514705875 0.1242603546875