43 0.4640625 0.67578125 0.06328125 0.0625
53 0.525 0.7546875 0.15 0.0859375
54 0.75859375 0.17421875 0.05859375 0.03828125
54 0.1703125 0.596875 0.0578125 0.03671875
54 0.23515625 0.17578125 0.05859375 0.03828125
54 0.82265625 0.596875 0.06015625 0.03671875
54 0.75859375 0.5984375 0.05859375 0.03671875
54 0.5296875 0.1078125 0.06015625 0.03828125
54 0.23515625 0.59765625 0.0609375 0.03828125
54 0.08125 0.37265625 0.06015625 0.03515625
54 0.1703125 0.175 0.06015625 0.03671875
51 0.2734375 0.32734375 0.028125 0.034375
54 0.4640625 0.10703125 0.0609375 0.03671875
54 0.82265625 0.17421875 0.06015625 0.03828125
53 0.47265625 0.171875 0.1515625 0.0859375
54 0.146875 0.37421875 0.06015625 0.03828125
53 0.81640625 0.66171875 0.1484375 0.0875
53 0.17890625 0.6609375 0.1546875 0.0859375
53 0.0875 0.43671875 0.14921875 0.0890625
53 0.1796875 0.23828125 0.1578125 0.0859375
25 0.5296875 0.6765625 0.06171875 0.0609375
53 0.7890625 0.23671875 0.20625 0.09453125
52 0.7875 0.7171875 0.13046875 0.01171875