53 0.20390625 0.23671875 0.20390625 0.09765625
53 0.11484375 0.43203125 0.20703125 0.09765625
53 0.90625 0.43359375 0.14921875 0.0859375
54 0.23515625 0.59453125 0.05859375 0.03828125
53 0.17890625 0.659375 0.1546875 0.0875
53 0.52578125 0.746875 0.1484375 0.0859375
54 0.75703125 0.171875 0.0609375 0.03828125
54 0.821875 0.171875 0.06015625 0.03828125
37 0.42890625 0.41328125 0.05859375 0.1171875
54 0.1703125 0.59375 0.0578125 0.03671875
51 0.68203125 0.59375 0.028125 0.034375
53 0.8171875 0.23515625 0.14921875 0.0859375
53 0.7890625 0.6578125 0.20390625 0.09921875
52 0.20234375 0.71640625 0.1375 0.01328125
11 0.63203125 0.415625 0.0609375 0.12109375
53 0.47265625 0.16796875 0.1515625 0.084375
6 0.49609375 0.4140625 0.06015625 0.12421875
0 0.56932773125 0.4748520703125 0.5934873953124999 0.47337278125 0.5945378156250001 0.357988165625 0.5567226890625 0.3535502953125 0.5357142859375 0.35946745625 0.5357142859375 0.4630177515625 0.5493697484375 0.467455621875 0.55567226875 0.4837278109375 0.56932773125 0.4748520703125
50 0.390756303125 0.46893491093749995 0.3886554625 0.356508875 0.3340336140625 0.3550295859375 0.330882353125 0.35946745625 0.330882353125 0.471893490625 0.3876050421875 0.4748520703125 0.390756303125 0.46893491093749995