53 0.53046875 0.74140625 0.1453125 0.0859375
54 0.825 0.58984375 0.0578125 0.03671875
54 0.76015625 0.590625 0.05859375 0.03828125
54 0.24296875 0.590625 0.06015625 0.03828125
53 0.81640625 0.23203125 0.15 0.0859375
54 0.4703125 0.103125 0.05859375 0.03671875
54 0.76015625 0.1703125 0.05859375 0.03828125
54 0.17890625 0.58984375 0.05859375 0.03671875
54 0.534375 0.10390625 0.05859375 0.03828125
54 0.17890625 0.17109375 0.06015625 0.03671875
51 0.68515625 0.590625 0.0296875 0.034375
53 0.79375 0.4296875 0.03125 0.07578125
54 0.9125 0.36640625 0.05859375 0.03671875
54 0.84921875 0.3671875 0.06015625 0.03828125
54 0.09140625 0.36640625 0.05859375 0.03671875
54 0.24375 0.171875 0.05859375 0.03828125
54 0.825 0.16953125 0.06015625 0.03671875
54 0.15625 0.36640625 0.06015625 0.03671875
53 0.59375 0.178125 0.02109375 0.04609375
53 0.47578125 0.165625 0.14921875 0.0890625
53 0.19453125 0.653125 0.16875 0.0875
53 0.89375 0.42734375 0.17578125 0.09140625
53 0.12421875 0.4296875 0.2015625 0.09609375
53 0.2109375 0.234375 0.2015625 0.09609375
52 0.11875 0.4875 0.128125 0.01328125
26 0.4703125 0.6671875 0.06015625 0.0625
53 0.8171875 0.65390625 0.1515625 0.0890625
15 0.53515625 0.66796875 0.06484375 0.0625