52 0.2078125 0.29765625 0.14296875 0.01484375
42 0.36640625 0.42109375 0.0640625 0.12421875
51 0.21328125 0.3734375 0.03046875 0.03671875
47 0.503125 0.4203125 0.06171875 0.12265625
52 0.19453125 0.29609375 0.11328125 0.01328125
53 0.24054621874999998 0.622781065625 0.12920168125 0.622781065625 0.1123949578125 0.634615384375 0.10504201718749999 0.6523668640625 0.103991596875 0.6760355031249999 0.1081932765625 0.690828403125 0.117647059375 0.7041420125 0.132352940625 0.710059171875 0.2531512609375 0.70857988125 0.28676470625 0.7130177515625 0.30357142812500004 0.6967455625000001 0.311974790625 0.6656804734375 0.31092437031250003 0.64792899375 0.29726890781250004 0.6242603546875001 0.2720588234375 0.613905325 0.24054621874999998 0.622781065625
53 0.469537815625 0.744082840625 0.4684873953125 0.7721893484375 0.45903361406250004 0.8002958578125 0.5819327734375 0.8002958578125 0.5945378156250001 0.79142011875 0.6060924375 0.7677514796875 0.6050420171875001 0.74260355 0.58823529375 0.71597633125 0.46743697500000003 0.7144970421875 0.45798319374999996 0.71597633125 0.469537815625 0.744082840625
53 0.842436975 0.39792899375 0.8571428578125 0.4304733734375 0.8571428578125 0.45118343125000004 0.8455882359375 0.47781065156249997 0.8476890750000001 0.4822485203125 0.9663865546875 0.4822485203125 0.9831932765625 0.471893490625 0.9926470593750001 0.4497041421875 0.9905462187499999 0.42159763281249996 0.9758403359375001 0.39792899375 0.8455882359375 0.3949704140625 0.842436975 0.39792899375
53 0.7468487390625 0.1937869828125 0.722689075 0.187869821875 0.7048319328125 0.20118343125 0.6964285718750001 0.2248520703125 0.6964285718750001 0.2544378703125 0.7016806718749999 0.26923076875 0.7142857140625 0.282544378125 0.7300420171875001 0.28698224843750003 0.7605042015625 0.2795857984375 0.8802521015625 0.2795857984375 0.8918067234375 0.270710059375 0.9023109249999999 0.24260354999999997 0.9023109249999999 0.2263313609375 0.8970588234375001 0.2115384609375 0.875 0.1937869828125 0.7468487390625 0.1937869828125
53 0.40126050468749996 0.156804734375 0.400210084375 0.1745562125 0.405462184375 0.1967455625 0.423319328125 0.21301775156249997 0.5514705875 0.21301775156249997 0.538865546875 0.1923076921875 0.534663865625 0.17011834374999998 0.54201680625 0.142011834375 0.5493697484375 0.1301775140625 0.5462184875 0.12573964531249998 0.423319328125 0.127218934375 0.413865546875 0.13313609531249998 0.40126050468749996 0.156804734375
53 0.127100840625 0.195266271875 0.11449579843749999 0.20414201250000003 0.1060924375 0.2189349109375 0.10504201718749999 0.25739645 0.122899159375 0.2810650890625 0.2310924375 0.282544378125 0.252100840625 0.2751479296875 0.2436974796875 0.26331360937500004 0.2447478984375 0.24260354999999997 0.24054621874999998 0.2263313609375 0.2436974796875 0.21745562187499998 0.2510504203125 0.2204142015625 0.2531512609375 0.21301775156249997 0.2489495796875 0.195266271875 0.127100840625 0.195266271875
53 0.164915965625 0.48076923125000004 0.164915965625 0.3964497046875 0.03676470625 0.3964497046875 0.0220588234375 0.406804734375 0.014705882812500001 0.4230769234375 0.014705882812500001 0.4541420125 0.0220588234375 0.4704142015625 0.034663865625 0.48076923125000004 0.164915965625 0.48076923125000004
54 0.1439075625 0.156804734375 0.1439075625 0.1923076921875 0.20483193281249998 0.190828403125 0.201680671875 0.15532544375 0.1439075625 0.156804734375
54 0.2510504203125 0.1967455625 0.2699579828125 0.1863905328125 0.2678571421875 0.15532544375 0.20903361406249998 0.156804734375 0.20903361406249998 0.1923076921875 0.2510504203125 0.1967455625
54 0.44012605000000005 0.088757396875 0.43907562968749997 0.12278106562499999 0.5010504203124999 0.12278106562499999 0.497899159375 0.0857988171875 0.44012605000000005 0.088757396875
54 0.5514705875 0.12573964531249998 0.5682773109375 0.11538461562499999 0.561974790625 0.0843195265625 0.5052521015625 0.088757396875 0.5073529406249999 0.1242603546875 0.5514705875 0.12573964531249998
5 0.46323529375000005 0.4748520703125 0.46323529375000005 0.36094674531250004 0.44957983125 0.3550295859375 0.40756302499999997 0.357988165625 0.402310925 0.372781065625 0.402310925 0.4748520703125 0.42436974843749997 0.4822485203125 0.44117647031249996 0.46893491093749995 0.46323529375000005 0.4748520703125
49 0.5661764703125 0.70857988125 0.5640756296875 0.6508875734374999 0.5126050421875 0.649408284375 0.5052521015625 0.653846153125 0.5084033609375 0.710059171875 0.5661764703125 0.70857988125
41 0.44012605000000005 0.653846153125 0.44012605000000005 0.7056213015624999 0.46428571406249997 0.7130177515625 0.5031512609375 0.70857988125 0.497899159375 0.6508875734374999 0.4453781515625 0.649408284375 0.44012605000000005 0.653846153125