53 0.7859375 0.65234375 0.20234375 0.09453125
53 0.52265625 0.74140625 0.14609375 0.0859375
54 0.23671875 0.171875 0.05859375 0.03828125
54 0.81796875 0.58984375 0.06015625 0.03671875
54 0.4640625 0.103125 0.05859375 0.03671875
54 0.17265625 0.17109375 0.06015625 0.03671875
54 0.75390625 0.590625 0.05859375 0.03828125
53 0.8140625 0.2328125 0.146875 0.0875
53 0.20625 0.653125 0.20234375 0.09921875
54 0.1484375 0.3671875 0.06015625 0.03828125
51 0.7484375 0.328125 0.028125 0.03515625
45 0.4640625 0.6671875 0.0609375 0.0625
54 0.90703125 0.36640625 0.06015625 0.03671875
54 0.23671875 0.590625 0.05859375 0.03828125
54 0.7546875 0.1703125 0.06015625 0.03828125
54 0.08515625 0.36640625 0.05859375 0.03671875
53 0.18046875 0.23515625 0.15 0.0859375
54 0.84375 0.36640625 0.05859375 0.03671875
54 0.17265625 0.58984375 0.06015625 0.03671875
54 0.81796875 0.1703125 0.0609375 0.03828125
53 0.9 0.42890625 0.14921875 0.0859375
53 0.471875 0.16640625 0.14921875 0.0875
53 0.09609375 0.42890625 0.15859375 0.0859375
52 0.4953125 0.7953125 0.13359375 0.01015625
54 0.52890625 0.10390625 0.06015625 0.03828125
53 0.29296875 0.25 0.0296875 0.05625
18 0.53046875 0.66484375 0.0609375 0.05