4 0.5296875 0.67578125 0.06015625 0.0625
53 0.52578125 0.7546875 0.1484375 0.0859375
53 0.1140625 0.43671875 0.2046875 0.09453125
54 0.23515625 0.5984375 0.05859375 0.03671875
26 0.4640625 0.67578125 0.0609375 0.0625
54 0.1703125 0.59765625 0.06015625 0.03515625
54 0.08125 0.37265625 0.06171875 0.03515625
54 0.23515625 0.17578125 0.05859375 0.03828125
53 0.4984375 0.171875 0.20234375 0.09765625
53 0.17734375 0.2390625 0.1484375 0.084375
53 0.91015625 0.4375 0.14609375 0.0890625
53 0.81875 0.2390625 0.14609375 0.0875
54 0.1703125 0.175 0.06015625 0.03671875
54 0.1453125 0.3734375 0.06015625 0.03671875
54 0.82265625 0.59765625 0.0578125 0.03515625
54 0.75859375 0.5984375 0.05859375 0.03671875
53 0.81796875 0.66171875 0.146875 0.0875
53 0.2046875 0.6625 0.2046875 0.09453125
51 0.30625 0.60625 0.028125 0.0328125
54 0.846875 0.3765625 0.0640625 0.04296875
54 0.9125 0.3734375 0.05859375 0.03671875