35 0.36171875 0.415625 0.05859375 0.11796875
51 0.7921875 0.3546875 0.0296875 0.03515625
53 0.528125 0.75234375 0.146875 0.0875
53 0.115625 0.57109375 0.20625 0.09765625
18 0.43046875 0.4171875 0.06171875 0.11796875
54 0.88359375 0.2 0.0609375 0.03828125
54 0.81953125 0.2 0.0609375 0.03828125
53 0.146875 0.26171875 0.20390625 0.09453125
53 0.47265625 0.16796875 0.146875 0.084375
29 0.4671875 0.6765625 0.06328125 0.0609375
53 0.91015625 0.571875 0.15 0.0875
32 0.5671875 0.41640625 0.0609375 0.1171875
52 0.49921875 0.80703125 0.13984375 0.01328125
53 0.87421875 0.2625 0.15625 0.0875
17 0.53046875 0.67578125 0.0609375 0.059375
34 0.4984375 0.42421875 0.0640625 0.1390625