51 0.79140625 0.35546875 0.0296875 0.03671875
52 0.884375 0.628125 0.134375 0.01328125
32 0.63515625 0.4171875 0.06328125 0.11953125
53 0.8413865546875 0.5266272187500001 0.8350840343750001 0.5355029578125 0.8340336140625 0.539940828125 0.842436975 0.5458579875 0.8476890750000001 0.566568046875 0.8455882359375 0.5976331359375 0.8361344531249999 0.6124260359375 0.9600840343750001 0.613905325 0.974789915625 0.6050295859375 0.984243696875 0.5828402359375 0.984243696875 0.559171596875 0.9779411765624999 0.54142011875 0.9600840343750001 0.5281065093749999 0.8413865546875 0.5266272187500001
53 0.4663865546875 0.74260355 0.4663865546875 0.7588757390625 0.45693277343750005 0.7884615390625 0.45903361406250004 0.7943786984375001 0.5714285718750001 0.7943786984375001 0.5871848734375 0.7869822484375 0.60189075625 0.7662721890624999 0.6008403359375001 0.73816568125 0.58823529375 0.71597633125 0.5798319328125 0.710059171875 0.45798319374999996 0.710059171875 0.4663865546875 0.74260355
53 0.013655462500000002 0.5562130171875 0.013655462500000002 0.5857988171875 0.0178571421875 0.5976331359375 0.032563025 0.6124260359375 0.1565126046875 0.613905325 0.15966386562499998 0.60946745625 0.14810924375 0.5828402359375 0.1491596640625 0.5562130171875 0.16071428593749998 0.532544378125 0.15441176406249998 0.5266272187500001 0.0378151265625 0.5281065093749999 0.021008403125 0.539940828125 0.013655462500000002 0.5562130171875
53 0.1974789921875 0.221893490625 0.07457983124999999 0.2204142015625 0.0567226890625 0.22928994062500002 0.0451680671875 0.2529585796875 0.0493697484375 0.2884615390625 0.06932773125 0.3076923078125 0.0966386546875 0.3076923078125 0.10189075624999999 0.30325443750000003 0.186974790625 0.3062130171875 0.2205882359375 0.3136094671875 0.24054621874999998 0.3002958578125 0.25 0.2751479296875 0.247899159375 0.24408284062500002 0.2373949578125 0.2248520703125 0.2258403359375 0.21597633125 0.1974789921875 0.221893490625
53 0.9285714281249999 0.221893490625 0.8046218484375001 0.221893490625 0.80042016875 0.23224852031249998 0.7962184875 0.23076923124999998 0.7972689078124999 0.24704142031249998 0.8140756296875 0.2603550296875 0.8182773109375001 0.2736686390625 0.8088235296875 0.2795857984375 0.807773109375 0.3062130171875 0.9317226890624999 0.3062130171875 0.9474789921875001 0.2884615390625 0.9527310921875 0.26923076875 0.9464285718750001 0.236686390625 0.9285714281249999 0.221893490625
53 0.423319328125 0.12573964531249998 0.41071428593750003 0.13165680468750002 0.39810924375 0.153846153125 0.3970588234375 0.1789940828125 0.402310925 0.195266271875 0.4222689078125 0.2115384609375 0.5451680671875 0.2115384609375 0.5756302515625 0.21745562187499998 0.58823529375 0.210059171875 0.6029411765625 0.1789940828125 0.599789915625 0.14644970468750002 0.586134453125 0.12573964531249998 0.5735294125 0.1198224859375 0.5451680671875 0.12573964531249998 0.423319328125 0.12573964531249998
54 0.8193277312499999 0.4955621296875 0.8182773109375001 0.5177514796875 0.8287815125 0.5251479296875 0.8802521015625 0.5251479296875 0.8781512609375 0.48816568125000004 0.8235294124999999 0.48816568125000004 0.8193277312499999 0.4955621296875
54 0.8855042015624999 0.5251479296875 0.9464285718750001 0.5236686390624999 0.9432773109375001 0.48816568125000004 0.8876050421875 0.48816568125000004 0.8844537812500001 0.49260355 0.8855042015624999 0.5251479296875
54 0.43907562968749997 0.0857988171875 0.43592437031250003 0.0902366859375 0.436974790625 0.12278106562499999 0.497899159375 0.12278106562499999 0.497899159375 0.0917159765625 0.4936974796875 0.0857988171875 0.43907562968749997 0.0857988171875
54 0.5493697484375 0.1242603546875 0.5609243703125 0.1168639046875 0.5588235296875 0.0857988171875 0.5010504203124999 0.08727810625 0.5031512609375 0.1242603546875 0.5493697484375 0.1242603546875
39 0.3918067234375 0.4704142015625 0.390756303125 0.35946745625 0.386554621875 0.3550295859375 0.340336134375 0.3550295859375 0.33298319374999996 0.35946745625 0.3319327734375 0.471893490625 0.3371848734375 0.47633136093750006 0.3876050421875 0.47633136093750006 0.3918067234375 0.4704142015625
36 0.45798319374999996 0.357988165625 0.419117646875 0.3550295859375 0.40126050468749996 0.35946745625 0.40126050468749996 0.47337278125 0.438025209375 0.47781065156249997 0.45693277343750005 0.47337278125 0.4621848734375 0.4319526625 0.45798319374999996 0.357988165625
14 0.469537815625 0.35946745625 0.46743697500000003 0.377218934375 0.46743697500000003 0.4704142015625 0.47373949531250004 0.47633136093750006 0.47373949531250004 0.4837278109375 0.4779411765625 0.48520709999999995 0.48004201718750006 0.46597633125 0.48844537812500005 0.46597633125 0.5 0.47633136093750006 0.525210084375 0.47337278125 0.5294117640625 0.40828402343750003 0.527310925 0.35946745625 0.47373949531250004 0.3550295859375 0.469537815625 0.35946745625
44 0.5966386546875 0.42492603593749995 0.6008403359375001 0.411242603125 0.5955882359375 0.357988165625 0.5546218484375001 0.356508875 0.53676470625 0.363905325 0.5357142859375 0.4644970421875 0.55042016875 0.479289940625 0.5945378156250001 0.4748520703125 0.5966386546875 0.42492603593749995