53 0.88359375 0.42734375 0.20234375 0.09453125
53 0.10078125 0.42890625 0.1515625 0.0859375
51 0.75703125 0.32734375 0.0296875 0.034375
53 0.4796875 0.1671875 0.1484375 0.0828125
54 0.24609375 0.171875 0.06015625 0.03828125
54 0.24609375 0.58984375 0.0578125 0.03671875
53 0.81875 0.2328125 0.15234375 0.0875
53 0.534375 0.740625 0.1453125 0.084375
54 0.18203125 0.17109375 0.06015625 0.03671875
53 0.215625 0.653125 0.20390625 0.09609375
53 0.1890625 0.23671875 0.14921875 0.0890625
53 0.82109375 0.65390625 0.1484375 0.0859375
54 0.18203125 0.58984375 0.06015625 0.03671875
5 0.5046875 0.41015625 0.06015625 0.12265625
41 0.3703125 0.409375 0.06015625 0.1171875
25 0.43671875 0.41171875 0.06015625 0.1171875
13 0.5734375 0.41015625 0.06015625 0.1171875
1 0.6421875 0.40859375 0.06015625 0.1171875