16 0.49453125 0.41171875 0.06015625 0.11953125
22 0.428125 0.4140625 0.06171875 0.11796875
53 0.52578125 0.746875 0.14609375 0.0859375
53 0.496875 0.165625 0.20390625 0.09453125
53 0.9046875 0.43203125 0.1484375 0.0859375
53 0.78671875 0.65703125 0.20390625 0.09453125
53 0.2046875 0.23671875 0.2046875 0.09765625
51 0.27265625 0.3234375 0.028125 0.03671875
53 0.178125 0.6578125 0.15234375 0.0875
54 0.75703125 0.17109375 0.06015625 0.03671875
48 0.4640625 0.67265625 0.0609375 0.0609375
54 0.82109375 0.17109375 0.06015625 0.03671875
53 0.81484375 0.2359375 0.1484375 0.0875
29 0.528125 0.67265625 0.06015625 0.0609375
33 0.359375 0.41171875 0.05703125 0.11953125