53 0.5265625 0.75234375 0.1515625 0.0875
53 0.85 0.2625 0.2046875 0.09609375
54 0.85 0.50703125 0.06171875 0.03828125
54 0.0828125 0.50703125 0.06015625 0.03671875
54 0.146875 0.50703125 0.06015625 0.03828125
54 0.11484375 0.19921875 0.0609375 0.03671875
54 0.915625 0.50703125 0.05859375 0.03671875
53 0.4796875 0.16640625 0.1625 0.090625
54 0.17890625 0.2 0.06015625 0.03828125
53 0.909375 0.571875 0.14921875 0.0875
33 0.46640625 0.6765625 0.0609375 0.0609375
53 0.0890625 0.571875 0.1515625 0.0875
53 0.11953125 0.26171875 0.1515625 0.0859375
52 0.49921875 0.80625 0.13984375 0.01171875
51 0.40234375 0.640625 0.02734375 0.03515625
14 0.53125 0.67578125 0.06015625 0.059375