5 0.85859375 0.546875 0.08125 0.1671875
30 0.63046875 0.8984375 0.08203125 0.08125
53 0.28046875 0.87890625 0.2734375 0.13046875
53 0.67578125 0.2171875 0.275 0.13046875
51 0.5453125 0.85 0.0390625 0.04609375
36 0.58203125 0.5484375 0.0796875 0.1640625
53 0.16015625 0.57421875 0.278125 0.13046875
31 0.48984375 0.54765625 0.08125 0.1625
53 0.96484375 0.87734375 0.0703125 0.1296875
53 0.7109375 0.96953125 0.19765625 0.0578125
53 0.27890625 0.30625 0.27421875 0.12734375
41 0.76796875 0.5484375 0.084375 0.1640625
29 0.67421875 0.54765625 0.08125 0.165625
43 0.7605042015625 0.8890532546875001 0.7573529406249999 0.857988165625 0.6911764703125 0.8550295859375 0.68067226875 0.857988165625 0.6764705875 0.8668639046875001 0.6796218484375001 0.89053254375 0.6775210078125 0.9378698218749999 0.7584033609375 0.9363905328125 0.7605042015625 0.8890532546875001