29 0.43046875 0.41796875 0.06171875 0.12265625
53 0.2046875 0.2375 0.20390625 0.09609375
53 0.528125 0.753125 0.146875 0.0859375
53 0.20546875 0.6609375 0.2046875 0.09765625
22 0.4671875 0.6765625 0.0609375 0.0609375
51 0.75390625 0.33359375 0.0296875 0.034375
54 0.1453125 0.37109375 0.06015625 0.03828125
54 0.0828125 0.3703125 0.06015625 0.03671875
53 0.88125 0.434375 0.20625 0.09296875
53 0.115625 0.4359375 0.20625 0.09609375
53 0.4234375 0.16953125 0.05078125 0.0875
5 0.53125 0.6765625 0.06015625 0.0609375
53 0.82109375 0.24765625 0.1453125 0.0578125
52 0.11484375 0.4921875 0.140625 0.01328125
35 0.3609375 0.415625 0.05859375 0.11796875
6 0.49765625 0.41796875 0.06015625 0.12578125