53 0.7875 0.23203125 0.2015625 0.09453125
54 0.17890625 0.17109375 0.05859375 0.03671875
54 0.46796875 0.10390625 0.06015625 0.034375
53 0.184375 0.234375 0.14375 0.084375
54 0.82109375 0.5875 0.06015625 0.03515625
54 0.15625 0.365625 0.06015625 0.03828125
54 0.17890625 0.58828125 0.06015625 0.03671875
54 0.24296875 0.17265625 0.05859375 0.03984375
12 0.46875 0.6625 0.05859375 0.0625
53 0.47421875 0.16796875 0.1484375 0.084375
53 0.52890625 0.73828125 0.14609375 0.0859375
54 0.75625 0.58828125 0.0609375 0.03671875
54 0.24296875 0.58828125 0.05859375 0.03671875
53 0.81484375 0.65078125 0.14609375 0.0859375
54 0.0921875 0.36484375 0.0609375 0.03671875
54 0.53203125 0.10390625 0.06015625 0.03671875
53 0.18828125 0.65 0.1515625 0.084375
53 0.8984375 0.42734375 0.15234375 0.0859375
53 0.12421875 0.428125 0.20078125 0.09296875
51 0.40546875 0.63203125 0.02734375 0.03515625
52 0.7875 0.7046875 0.13828125 0.01015625
9 0.5609243703125 0.6937869828125 0.5609243703125 0.6375739640625 0.5063025203125 0.634615384375 0.502100840625 0.642011834375 0.5010504203124999 0.6937869828125 0.5609243703125 0.6937869828125