11 0.53125 0.675 0.06015625 0.0609375
41 0.4671875 0.67578125 0.06328125 0.06484375
51 0.7921875 0.35390625 0.0296875 0.034375
53 0.5296875 0.753125 0.14609375 0.0859375
54 0.81796875 0.2 0.06015625 0.03828125
54 0.85 0.50703125 0.06171875 0.03828125
54 0.88203125 0.2 0.0609375 0.03828125
54 0.0828125 0.50703125 0.06015625 0.03671875
54 0.11328125 0.2 0.0609375 0.03828125
53 0.9109375 0.57265625 0.146875 0.0859375
53 0.121875 0.26328125 0.15546875 0.0859375
52 0.11484375 0.62734375 0.13828125 0.01171875
53 0.0890625 0.57265625 0.153125 0.0890625
53 0.471875 0.16875 0.15 0.0859375
54 0.915625 0.50703125 0.05859375 0.03515625
54 0.17890625 0.20078125 0.06171875 0.03984375
54 0.146875 0.50703125 0.0578125 0.03828125
54 0.53125 0.10546875 0.06015625 0.03984375
54 0.4671875 0.10390625 0.0609375 0.03671875
53 0.87578125 0.26328125 0.1546875 0.0859375