53 0.5328125 0.75703125 0.1484375 0.0890625
53 0.478125 0.16953125 0.15546875 0.0875
54 0.85703125 0.3734375 0.0609375 0.03671875
53 0.08984375 0.4375 0.1546875 0.0875
54 0.8328125 0.6 0.06015625 0.03671875
53 0.18125 0.665625 0.1546875 0.0890625
54 0.921875 0.3734375 0.06015625 0.03671875
54 0.17421875 0.6 0.06015625 0.03671875
34 0.5015625 0.42109375 0.06015625 0.12578125
53 0.20625 0.24140625 0.2046875 0.09453125
54 0.23984375 0.60078125 0.0609375 0.03828125
54 0.76796875 0.60078125 0.0609375 0.03828125
53 0.91875 0.4390625 0.14609375 0.0859375
51 0.80546875 0.5125 0.0296875 0.034375
52 0.8 0.72109375 0.1421875 0.01328125
53 0.82265625 0.2375 0.15625 0.0875
49 0.4328125 0.41953125 0.05859375 0.11953125
26 0.365625 0.41953125 0.0609375 0.11953125
53 0.828125 0.66640625 0.15 0.090625
18 0.46953125 0.67890625 0.06015625 0.0625
17 0.53671875 0.6765625 0.06015625 0.0625