51 0.7921875 0.3546875 0.0296875 0.03515625
24 0.46796875 0.675 0.0609375 0.0609375
52 0.5 0.8078125 0.13984375 0.01328125
49 0.49921875 0.41640625 0.06171875 0.11953125
53 0.025210084375000004 0.5369822484375 0.014705882812500001 0.5576923078125 0.0168067234375 0.5917159765625 0.0241596640625 0.6050295859375 0.038865546875000004 0.613905325 0.19432773125 0.6183431953125 0.21323529375 0.600591715625 0.219537815625 0.5754437875 0.2142857140625 0.5443786984375001 0.20378151249999998 0.5295857984375 0.18487395 0.520710059375 0.1165966390625 0.5281065093749999 0.038865546875000004 0.5281065093749999 0.025210084375000004 0.5369822484375
53 0.45693277343750005 0.7130177515625 0.46743697500000003 0.744082840625 0.4663865546875 0.76923076875 0.455882353125 0.7928994078125 0.45903361406250004 0.7943786984375001 0.5714285718750001 0.7958579875 0.58823529375 0.7884615390625 0.603991596875 0.7647929 0.6029411765625 0.736686390625 0.5892857140625 0.71597633125 0.5787815125 0.70857988125 0.45903361406250004 0.70857988125 0.45693277343750005 0.7130177515625
53 0.8413865546875 0.5266272187500001 0.8392857140625001 0.532544378125 0.8476890750000001 0.547337278125 0.8518907562500001 0.5769230765625 0.8434873953125 0.6050295859375 0.8466386546875 0.615384615625 0.9621848734375 0.613905325 0.9758403359375001 0.6050295859375 0.984243696875 0.58727810625 0.984243696875 0.554733728125 0.9737394953124999 0.5355029578125 0.9611344531249999 0.5281065093749999 0.8413865546875 0.5266272187500001
53 0.8046218484375001 0.221893490625 0.7741596640624999 0.21597633125 0.7584033609375 0.22781065156250002 0.7510504203124999 0.24260354999999997 0.747899159375 0.2721893484375 0.75420168125 0.2943786984375 0.777310925 0.312130178125 0.8046218484375001 0.3062130171875 0.9275210078124999 0.3076923078125 0.9432773109375001 0.297337278125 0.9537815125 0.2721893484375 0.9537815125 0.2544378703125 0.9485294124999999 0.2396449703125 0.938025209375 0.2263313609375 0.9243697484375 0.2204142015625 0.8046218484375001 0.221893490625
53 0.400210084375 0.187869821875 0.40336134531249995 0.1967455625 0.419117646875 0.210059171875 0.5462184875 0.20857988125000002 0.53676470625 0.1923076921875 0.532563025 0.168639053125 0.5336134453125 0.15532544375 0.5472689078124999 0.12573964531249998 0.4222689078125 0.12573964531249998 0.4086134453125 0.134615384375 0.39915966406250003 0.1523668640625 0.400210084375 0.187869821875
53 0.0493697484375 0.28698224843750003 0.06722689062500001 0.3062130171875 0.18067226875 0.3076923078125 0.1911764703125 0.30325443750000003 0.18067226875 0.2677514796875 0.1911764703125 0.23076923124999998 0.19957983125 0.23076923124999998 0.201680671875 0.22337278125 0.07457983124999999 0.2204142015625 0.057773109375 0.22928994062500002 0.0462184875 0.25147929062499996 0.0493697484375 0.28698224843750003
54 0.8214285718750001 0.4911242609375 0.8203781515624999 0.51923076875 0.82457983125 0.5221893484375 0.8361344531249999 0.5266272187500001 0.8813025203124999 0.5251479296875 0.87920168125 0.48816568125000004 0.8214285718750001 0.4911242609375
54 0.886554621875 0.4911242609375 0.8876050421875 0.5251479296875 0.9401260499999999 0.5266272187500001 0.9474789921875001 0.5221893484375 0.9464285718750001 0.4911242609375 0.9432773109375001 0.48816568125000004 0.886554621875 0.4911242609375
21 0.390756303125 0.4748520703125 0.390756303125 0.357988165625 0.3371848734375 0.3550295859375 0.33298319374999996 0.35946745625 0.33298319374999996 0.47337278125 0.390756303125 0.4748520703125
13 0.561974790625 0.702662721875 0.55987395 0.6464497046875 0.515756303125 0.6449704140625 0.5010504203124999 0.6508875734374999 0.5010504203124999 0.7056213015624999 0.561974790625 0.702662721875
17 0.597689075 0.36094674531250004 0.5945378156250001 0.356508875 0.5472689078124999 0.357988165625 0.539915965625 0.36094674531250004 0.5378151265625 0.37426035468749996 0.538865546875 0.47337278125 0.5945378156250001 0.47633136093750006 0.597689075 0.471893490625 0.597689075 0.36094674531250004
16 0.402310925 0.357988165625 0.402310925 0.4748520703125 0.45903361406250004 0.4748520703125 0.4621848734375 0.411242603125 0.45903361406250004 0.36094674531250004 0.44222689062500004 0.3550295859375 0.402310925 0.357988165625