51 0.278125 0.328125 0.0296875 0.03671875
53 0.10504201718749999 0.2248520703125 0.10714285781249999 0.2603550296875 0.11449579843749999 0.2721893484375 0.132352940625 0.282544378125 0.23879516875 0.2795857984375 0.284663865625 0.28698224843750003 0.2962184875 0.2795857984375 0.31092437031250003 0.25 0.3067226890625 0.21597633125 0.247899159375 0.1937869828125 0.12920168125 0.195266271875 0.11554621875 0.20414201250000003 0.10504201718749999 0.2248520703125
53 0.164915965625 0.3964497046875 0.0378151265625 0.3964497046875 0.0241596640625 0.40384615312500005 0.014705882812500001 0.42455621250000003 0.013655462500000002 0.4467455625 0.0178571421875 0.4630177515625 0.0294117640625 0.47781065156249997 0.039915965625 0.4822485203125 0.1911764703125 0.48668639062499996 0.21008403437499998 0.47633136093750006 0.2205882359375 0.4497041421875 0.2205882359375 0.4304733734375 0.21218487343749998 0.40532544374999996 0.1974789921875 0.392011834375 0.1859243703125 0.38905325468749996 0.164915965625 0.3964497046875
53 0.12920168125 0.622781065625 0.11554621875 0.6316568046875 0.10504201718749999 0.6523668640625 0.103991596875 0.6745562125 0.10924369687499999 0.6923076921875 0.117647059375 0.7041420125 0.1313025203125 0.710059171875 0.28571428593750003 0.7144970421875 0.3046218484375 0.695266271875 0.31092437031250003 0.6775147921875 0.31092437031250003 0.6582840234375 0.30357142812500004 0.636094675 0.29726890781250004 0.6257396453124999 0.2794117640625 0.6168639046875 0.12920168125 0.622781065625
53 0.4621848734375 0.7218934906250001 0.4705882359375 0.7529585796875 0.469537815625 0.770710059375 0.45693277343750005 0.797337278125 0.46428571406249997 0.8017751484375 0.580882353125 0.8002958578125 0.5955882359375 0.789940828125 0.6060924375 0.7662721890624999 0.60189075625 0.7352071 0.5955882359375 0.7233727812499999 0.58298319375 0.7144970421875 0.4684873953125 0.7144970421875 0.4621848734375 0.7218934906250001
53 0.765756303125 0.649408284375 0.7668067234375 0.6730769234375 0.761554621875 0.6923076921875 0.75 0.7115384609375 0.8739495796875 0.710059171875 0.8897058828125 0.702662721875 0.9012605046875001 0.6804733734374999 0.9012605046875001 0.6523668640625 0.8939075624999999 0.634615384375 0.8823529406249999 0.6242603546875001 0.7552521015625 0.6257396453124999 0.765756303125 0.649408284375
53 0.9705882359375 0.3964497046875 0.8476890750000001 0.3949704140625 0.8466386546875 0.40532544374999996 0.8550420171875001 0.418639053125 0.8581932765625 0.4349112421875 0.8550420171875001 0.4571005921875 0.8455882359375 0.479289940625 0.8476890750000001 0.4822485203125 0.965336134375 0.4822485203125 0.9831932765625 0.471893490625 0.9926470593750001 0.44822485156249997 0.9873949578125 0.41420118281249996 0.9810924375000001 0.4023668640625 0.9705882359375 0.3964497046875
53 0.7510504203124999 0.20118343125 0.7626050421875 0.21449704218750001 0.7668067234375 0.2337278109375 0.7626050421875 0.2603550296875 0.752100840625 0.2795857984375 0.8739495796875 0.2810650890625 0.890756303125 0.2721893484375 0.9012605046875001 0.25 0.8991596640624999 0.21597633125 0.8813025203124999 0.195266271875 0.7510504203124999 0.1937869828125 0.7510504203124999 0.20118343125
53 0.40966386562499996 0.20266272187499998 0.423319328125 0.21301775156249997 0.5567226890625 0.21301775156249997 0.54201680625 0.1982248515625 0.534663865625 0.1715976328125 0.5493697484375 0.12573964531249998 0.4222689078125 0.127218934375 0.41071428593750003 0.136094675 0.402310925 0.153846153125 0.40336134531249995 0.190828403125 0.40966386562499996 0.20266272187499998
54 0.44117647031249996 0.1242603546875 0.502100840625 0.12130177499999999 0.497899159375 0.0857988171875 0.44222689062500004 0.0857988171875 0.43907562968749997 0.0902366859375 0.44117647031249996 0.1242603546875
54 0.5525210078125 0.12573964531249998 0.567226890625 0.1183431953125 0.5640756296875 0.0857988171875 0.5052521015625 0.088757396875 0.5073529406249999 0.1242603546875 0.5525210078125 0.12573964531249998
54 0.75 0.1923076921875 0.7972689078124999 0.1893491125 0.7972689078124999 0.153846153125 0.7373949578125 0.156804734375 0.7373949578125 0.1863905328125 0.75 0.1923076921875
54 0.8056722687500001 0.1923076921875 0.863445378125 0.187869821875 0.8602941171875 0.153846153125 0.8035714281249999 0.153846153125 0.8025210078124999 0.1893491125 0.8056722687500001 0.1923076921875
19 0.46323529375000005 0.4630177515625 0.46323529375000005 0.363905325 0.44222689062500004 0.356508875 0.40756302499999997 0.357988165625 0.40336134531249995 0.363905325 0.4044117640625 0.47781065156249997 0.43907562968749997 0.4837278109375 0.4474789921875 0.46893491093749995 0.46323529375000005 0.4630177515625
15 0.47163865468750005 0.467455621875 0.47689075625 0.4822485203125 0.5010504203124999 0.48076923125000004 0.5063025203125 0.467455621875 0.5178571421875 0.4644970421875 0.5304621843749999 0.47337278125 0.5336134453125 0.46597633125 0.532563025 0.36094674531250004 0.5262605046875 0.3550295859375 0.48844537812500005 0.356508875 0.472689075 0.363905325 0.47163865468750005 0.467455621875
25 0.44012605000000005 0.653846153125 0.44012605000000005 0.7056213015624999 0.45903361406250004 0.7130177515625 0.5 0.7071005921875 0.49894957968750003 0.6508875734374999 0.4453781515625 0.649408284375 0.44012605000000005 0.653846153125
18 0.5052521015625 0.653846153125 0.50420168125 0.710059171875 0.5661764703125 0.710059171875 0.5682773109375 0.6730769234375 0.5640756296875 0.6508875734374999 0.5105042015625 0.649408284375 0.5052521015625 0.653846153125
23 0.36554621875 0.4822485203125 0.3928571421875 0.479289940625 0.396008403125 0.46893491093749995 0.39390756250000003 0.36094674531250004 0.3434873953125 0.356508875 0.3371848734375 0.35946745625 0.335084034375 0.371301775 0.335084034375 0.47633136093750006 0.33823529375 0.48076923125000004 0.36554621875 0.4822485203125