8 0.36015625 0.409375 0.0609375 0.11953125
15 0.42890625 0.409375 0.06015625 0.12265625
19 0.49609375 0.40625 0.06171875 0.1140625
53 0.2046875 0.653125 0.2015625 0.09609375
51 0.540625 0.2703125 0.0296875 0.034375
53 0.8109375 0.23359375 0.14921875 0.0859375
54 0.4640625 0.103125 0.05859375 0.03671875
3 0.56328125 0.409375 0.0609375 0.12109375
54 0.23671875 0.171875 0.05859375 0.03828125
54 0.17265625 0.17109375 0.06015625 0.03671875
53 0.7859375 0.653125 0.20234375 0.09609375
53 0.17890625 0.23515625 0.14921875 0.0859375
53 0.5234375 0.74140625 0.14609375 0.0859375
53 0.09296875 0.42890625 0.1546875 0.0859375
54 0.17265625 0.58984375 0.06015625 0.03671875
53 0.471875 0.16640625 0.15234375 0.0875
54 0.23671875 0.590625 0.05859375 0.03828125
54 0.8421875 0.36640625 0.06015625 0.03671875
54 0.528125 0.10390625 0.0578125 0.03828125
53 0.896875 0.428125 0.15625 0.0875
54 0.90703125 0.36640625 0.06015625 0.03671875
52 0.87421875 0.4859375 0.13984375 0.01328125