53 0.2109375 0.234375 0.2015625 0.09609375
40 0.5703125 0.41015625 0.05859375 0.11953125
53 0.53203125 0.74140625 0.14609375 0.0859375
53 0.2109375 0.65234375 0.2015625 0.09765625
53 0.4765625 0.16640625 0.1515625 0.0875
53 0.58515625 0.1828125 0.0359375 0.0609375
53 0.8203125 0.65390625 0.146875 0.0859375
53 0.1234375 0.42890625 0.20234375 0.09453125
49 0.4703125 0.6671875 0.06015625 0.0625
48 0.53359375 0.665625 0.05859375 0.059375
51 0.31328125 0.596875 0.02734375 0.034375
53 0.81171875 0.23203125 0.159375 0.0890625
10 0.43359375 0.41171875 0.05703125 0.12578125
53 0.8828125 0.42890625 0.1984375 0.09140625
50 0.36875 0.409375 0.05859375 0.11796875
27 0.6375 0.41015625 0.05859375 0.1171875
30 0.9125 0.35546875 0.05703125 0.0609375
29 0.85 0.35390625 0.06015625 0.0578125
6 0.49921875 0.40859375 0.06015625 0.1171875