53 0.5296875 0.75234375 0.1484375 0.0875
54 0.81953125 0.2 0.0609375 0.03828125
54 0.88359375 0.2 0.0609375 0.03828125
53 0.4734375 0.16875 0.14921875 0.0859375
54 0.0828125 0.50703125 0.05859375 0.03671875
53 0.8515625 0.26171875 0.2046875 0.09453125
53 0.9109375 0.57109375 0.15 0.0859375
54 0.14765625 0.50703125 0.0578125 0.03828125
53 0.11640625 0.57109375 0.2046875 0.09453125
51 0.74140625 0.58984375 0.028125 0.03671875
52 0.50078125 0.80625 0.13984375 0.01171875
49 0.4671875 0.67578125 0.0609375 0.0625
53 0.1265625 0.2625 0.1609375 0.0875
21 0.53046875 0.67578125 0.0609375 0.059375