51 0.2765625 0.3265625 0.0296875 0.03515625
43 0.4703125 0.67890625 0.0640625 0.0625
54 0.23984375 0.175 0.0609375 0.03984375
54 0.921875 0.3734375 0.06015625 0.03671875
53 0.11640625 0.4375 0.2078125 0.09453125
54 0.85703125 0.3734375 0.0609375 0.03671875
53 0.20703125 0.66484375 0.2078125 0.09921875
54 0.4703125 0.10390625 0.06015625 0.03671875
53 0.82578125 0.23671875 0.1515625 0.0859375
54 0.83203125 0.6 0.05859375 0.03671875
53 0.4796875 0.17109375 0.15625 0.0875
54 0.0828125 0.3734375 0.0609375 0.03671875
54 0.8328125 0.1734375 0.06015625 0.03828125
53 0.53046875 0.7578125 0.1515625 0.0875
53 0.17890625 0.23828125 0.1515625 0.0859375
54 0.17421875 0.6 0.06015625 0.03671875
53 0.91875 0.43828125 0.146875 0.090625
54 0.1484375 0.3734375 0.06015625 0.03671875
54 0.534375 0.1046875 0.0609375 0.04140625
54 0.7671875 0.1734375 0.05859375 0.03828125
54 0.17421875 0.17421875 0.06015625 0.03828125
53 0.82421875 0.6671875 0.15234375 0.09140625
54 0.7671875 0.6015625 0.0609375 0.03984375
54 0.23984375 0.60078125 0.05859375 0.03828125
52 0.8875 0.4953125 0.128125 0.01171875
42 0.534375 0.678125 0.0609375 0.0609375