15 0.50234375 0.41875 0.06171875 0.12421875
53 0.0890625 0.4375 0.1515625 0.0875
51 0.76015625 0.33515625 0.0296875 0.034375
53 0.53125 0.75703125 0.14921875 0.0890625
53 0.2078125 0.66484375 0.2078125 0.09609375
22 0.4328125 0.42109375 0.0609375 0.12265625
53 0.47734375 0.16953125 0.15234375 0.0875
54 0.23984375 0.175 0.0609375 0.03984375
52 0.80078125 0.72109375 0.1421875 0.01328125
53 0.82734375 0.665625 0.15234375 0.0890625
54 0.76796875 0.60078125 0.0609375 0.03828125
54 0.17421875 0.1734375 0.06015625 0.03671875
54 0.8328125 0.1734375 0.06015625 0.03828125
53 0.9171875 0.4375 0.15 0.0890625
54 0.83203125 0.6 0.05859375 0.03671875
53 0.82578125 0.2375 0.15234375 0.0875
54 0.4703125 0.10390625 0.06015625 0.03671875
54 0.7671875 0.1734375 0.05859375 0.03828125
54 0.5359375 0.1046875 0.0609375 0.04140625
53 0.17890625 0.2390625 0.1515625 0.0875
1 0.365625 0.41875 0.0609375 0.12109375