53 0.53125 0.7421875 0.1484375 0.084375
54 0.4703125 0.103125 0.05859375 0.03671875
53 0.21328125 0.65234375 0.20390625 0.09765625
54 0.53359375 0.10390625 0.05859375 0.03828125
53 0.184375 0.23515625 0.14609375 0.0859375
54 0.24375 0.590625 0.05859375 0.03828125
54 0.17890625 0.17109375 0.05859375 0.03671875
54 0.24375 0.17265625 0.05859375 0.03984375
51 0.4078125 0.6328125 0.028125 0.0328125
53 0.81953125 0.2328125 0.146875 0.0875
53 0.47421875 0.16640625 0.14609375 0.0875
32 0.4703125 0.66796875 0.05859375 0.0609375
53 0.1234375 0.42890625 0.20234375 0.09453125
53 0.80703125 0.653125 0.1703125 0.09296875
54 0.85 0.3671875 0.06015625 0.03828125
54 0.9125 0.36640625 0.05859375 0.03671875
54 0.825 0.58984375 0.0578125 0.03671875
54 0.825 0.1703125 0.06015625 0.03828125
54 0.76015625 0.1703125 0.05859375 0.03828125
36 0.53359375 0.665625 0.05859375 0.059375
54 0.76015625 0.590625 0.05859375 0.03828125
52 0.2078125 0.290625 0.13203125 0.01328125
54 0.18046875 0.58984375 0.06015625 0.03671875
54 0.09140625 0.36640625 0.0609375 0.03671875
54 0.1546875 0.36640625 0.06015625 0.03671875
53 0.90859375 0.4296875 0.1453125 0.084375