51 0.2140625 0.371875 0.0296875 0.034375
54 0.23984375 0.17421875 0.05859375 0.03828125
54 0.0828125 0.3734375 0.0609375 0.03671875
53 0.825 0.665625 0.15 0.0890625
54 0.17421875 0.6 0.06015625 0.03671875
54 0.1484375 0.3734375 0.06015625 0.03671875
53 0.11640625 0.4375 0.2078125 0.09453125
54 0.83125 0.17265625 0.0609375 0.03671875
53 0.20703125 0.66484375 0.2078125 0.09921875
54 0.4703125 0.10390625 0.06015625 0.03671875
54 0.17421875 0.1734375 0.06015625 0.03671875
54 0.7671875 0.1734375 0.0609375 0.03828125
54 0.23984375 0.60078125 0.05859375 0.03828125
53 0.8265625 0.2375 0.14921875 0.0875
53 0.53203125 0.7578125 0.15 0.0875
53 0.475 0.16953125 0.1484375 0.0875
54 0.5359375 0.1046875 0.0609375 0.04140625
53 0.178125 0.2390625 0.15 0.0875
26 0.534375 0.67890625 0.0609375 0.0625
40 0.4703125 0.6796875 0.06171875 0.06328125