43 0.4703125 0.6796875 0.06171875 0.06328125
29 0.50234375 0.41953125 0.06015625 0.12265625
53 0.20625 0.66484375 0.2078125 0.09609375
23 0.365625 0.41953125 0.0609375 0.12265625
51 0.278125 0.3265625 0.028125 0.03515625
53 0.11640625 0.4375 0.20703125 0.09453125
24 0.43359375 0.4203125 0.0609375 0.12109375
53 0.53046875 0.75703125 0.1515625 0.0859375
53 0.91796875 0.4375 0.14921875 0.0890625
53 0.478125 0.1703125 0.15546875 0.0890625
53 0.825 0.66640625 0.15234375 0.090625
53 0.20625 0.2390625 0.20625 0.09296875
42 0.534375 0.67890625 0.0609375 0.0625
3 0.57109375 0.42109375 0.06015625 0.12578125
53 0.79921875 0.2359375 0.20703125 0.09609375
50 0.5359375 0.0921875 0.0609375 0.0609375
4 0.4703125 0.0921875 0.06015625 0.0609375