53 0.5046875 0.16953125 0.209375 0.09921875
54 0.921875 0.3734375 0.06015625 0.03671875
53 0.18125 0.665625 0.1546875 0.0890625
54 0.85703125 0.37421875 0.0609375 0.03828125
54 0.0828125 0.3734375 0.0609375 0.03671875
54 0.83203125 0.6 0.05859375 0.03671875
54 0.1484375 0.37578125 0.06015625 0.04140625
53 0.0890625 0.4375 0.1515625 0.0890625
53 0.17890625 0.2390625 0.15 0.0875
54 0.17421875 0.6 0.06015625 0.03671875
54 0.4703125 0.10390625 0.06015625 0.03671875
53 0.82578125 0.66640625 0.1515625 0.090625
54 0.83125 0.1734375 0.0609375 0.03828125
54 0.534375 0.10390625 0.0609375 0.03671875
54 0.17421875 0.1734375 0.06015625 0.03671875
53 0.79765625 0.23671875 0.20703125 0.10078125
53 0.53125 0.75703125 0.146875 0.0859375
54 0.23984375 0.60078125 0.0609375 0.03828125
54 0.23984375 0.17578125 0.05859375 0.04140625
54 0.7671875 0.1734375 0.0609375 0.03828125
54 0.7671875 0.60078125 0.05859375 0.03828125
3 0.534375 0.678125 0.05859375 0.0609375
51 0.31015625 0.61015625 0.028125 0.034375
52 0.49296875 0.2265625 0.12265625 0.01171875
53 0.915625 0.4375 0.15546875 0.0890625
21 0.4703125 0.67890625 0.06015625 0.0625