53 0.2109375 0.234375 0.2015625 0.09609375
54 0.825 0.58984375 0.0578125 0.03671875
53 0.87890625 0.428125 0.20390625 0.09609375
53 0.1234375 0.428125 0.20234375 0.09609375
53 0.47734375 0.16640625 0.15 0.0875
54 0.76015625 0.590625 0.05859375 0.03828125
53 0.5296875 0.740625 0.146875 0.0875
53 0.58515625 0.1828125 0.0359375 0.0609375
41 0.43359375 0.409375 0.05859375 0.1171875
51 0.68515625 0.590625 0.0296875 0.034375
53 0.20546875 0.65234375 0.1859375 0.09140625
53 0.81796875 0.65390625 0.1484375 0.0859375
44 0.50234375 0.40859375 0.06015625 0.11796875
26 0.36796875 0.409375 0.0609375 0.1171875
53 0.81328125 0.23203125 0.159375 0.0890625
9 0.534375 0.66953125 0.05859375 0.0625
13 0.47265625 0.66953125 0.05859375 0.0625