54 0.23515625 0.59453125 0.0609375 0.03828125
54 0.821875 0.59375 0.06015625 0.03671875
53 0.47109375 0.16796875 0.15 0.084375
53 0.525 0.74921875 0.15 0.0875
53 0.90625 0.434375 0.14921875 0.090625
53 0.18046875 0.6578125 0.15625 0.0875
54 0.75703125 0.59453125 0.0609375 0.03828125
54 0.821875 0.171875 0.06015625 0.03828125
54 0.846875 0.3703125 0.06015625 0.03984375
52 0.8796875 0.490625 0.13984375 0.01328125
53 0.08515625 0.43359375 0.146875 0.0859375
54 0.1453125 0.36953125 0.06015625 0.03828125
54 0.1703125 0.59375 0.0578125 0.03671875
54 0.08125 0.36875 0.06171875 0.03671875
54 0.75703125 0.171875 0.0609375 0.03828125
54 0.91171875 0.36875 0.05859375 0.03671875
54 0.5296875 0.10390625 0.05859375 0.03671875
54 0.4640625 0.10390625 0.05859375 0.03671875
53 0.81796875 0.234375 0.146875 0.0875
53 0.81640625 0.65859375 0.1515625 0.0890625
51 0.30546875 0.603125 0.03046875 0.03125
1 0.52890625 0.6734375 0.06171875 0.0625
38 0.4936974796875 0.70118343125 0.49579831875 0.653846153125 0.49264705937500003 0.6449704140625 0.446428571875 0.64053254375 0.43382352968750004 0.64792899375 0.43382352968750004 0.6923076921875 0.438025209375 0.6997041421875 0.47373949531250004 0.7056213015624999 0.4936974796875 0.70118343125