4 0.42890625 0.41640625 0.0578125 0.12890625
53 0.2046875 0.23671875 0.2046875 0.09765625
53 0.5265625 0.74921875 0.1484375 0.0875
53 0.4984375 0.16640625 0.2046875 0.09609375
54 0.846875 0.37109375 0.06171875 0.04140625
53 0.115625 0.43125 0.20625 0.09921875
26 0.5296875 0.6734375 0.06015625 0.0609375
53 0.9078125 0.4328125 0.1484375 0.0875
54 0.9125 0.36953125 0.05859375 0.03828125
53 0.790625 0.659375 0.20390625 0.09609375
53 0.1859375 0.6578125 0.1703125 0.090625
51 0.68203125 0.59453125 0.02734375 0.0328125
53 0.81640625 0.23515625 0.1515625 0.0859375
52 0.4984375 0.80546875 0.13984375 0.01328125
5 0.4953125 0.41640625 0.06015625 0.12890625
27 0.4640625 0.6734375 0.0609375 0.0625
21 0.3876050421875 0.4748520703125 0.3918067234375 0.46597633125 0.3897058828125 0.357988165625 0.3319327734375 0.357988165625 0.3319327734375 0.47337278125 0.3876050421875 0.4748520703125
10 0.5945378156250001 0.357988165625 0.5588235296875 0.3550295859375 0.5357142859375 0.36094674531250004 0.53676470625 0.4644970421875 0.55987395 0.479289940625 0.592436975 0.4748520703125 0.5955882359375 0.467455621875 0.5945378156250001 0.357988165625