51 0.7921875 0.35546875 0.0296875 0.03515625
52 0.11640625 0.62734375 0.13515625 0.01484375
28 0.46875 0.675 0.06171875 0.0609375
53 0.45693277343750005 0.7958579875 0.5777310921875001 0.7943786984375001 0.603991596875 0.7677514796875 0.6029411765625 0.73816568125 0.5892857140625 0.71597633125 0.5787815125 0.70857988125 0.460084034375 0.70857988125 0.455882353125 0.7144970421875 0.46323529375000005 0.7278106515625 0.46743697500000003 0.75 0.4548319328125 0.79142011875 0.45693277343750005 0.7958579875
53 0.96323529375 0.613905325 0.974789915625 0.6065088750000001 0.9852941171875 0.5828402359375 0.9863445375 0.5650887578125 0.9810924375000001 0.5458579875 0.965336134375 0.5295857984375 0.83823529375 0.5281065093749999 0.8508403359375001 0.566568046875 0.844537815625 0.607988165625 0.8466386546875 0.615384615625 0.96323529375 0.613905325
53 0.807773109375 0.30177514843750003 0.811974790625 0.3076923078125 0.9317226890624999 0.3076923078125 0.9464285718750001 0.2943786984375 0.9537815125 0.2751479296875 0.9537815125 0.2529585796875 0.9485294124999999 0.23816568125 0.9317226890624999 0.221893490625 0.807773109375 0.221893490625 0.8046218484375001 0.22337278125 0.8193277312499999 0.26331360937500004 0.8182773109375001 0.282544378125 0.807773109375 0.30177514843750003
53 0.5336134453125 0.1819526625 0.534663865625 0.153846153125 0.5430672265625 0.13313609531249998 0.5409663859375 0.12573964531249998 0.42436974843749997 0.12573964531249998 0.41176470624999995 0.13165680468750002 0.39915966406250003 0.1523668640625 0.400210084375 0.187869821875 0.41806722656249995 0.210059171875 0.544117646875 0.210059171875 0.5336134453125 0.1819526625
53 0.196428571875 0.3062130171875 0.18487395 0.2884615390625 0.18067226875 0.2662721890625 0.186974790625 0.236686390625 0.19432773125 0.2248520703125 0.192226890625 0.221893490625 0.0703781515625 0.221893490625 0.05567226875 0.23076923124999998 0.0462184875 0.25147929062499996 0.048319328125 0.2855029578125 0.057773109375 0.3002958578125 0.06932773125 0.3076923078125 0.196428571875 0.3062130171875
53 0.157563025 0.60207100625 0.1491596640625 0.5695266265625001 0.150210084375 0.5532544374999999 0.16176470625 0.53402366875 0.157563025 0.5281065093749999 0.03676470625 0.5281065093749999 0.025210084375000004 0.5355029578125 0.014705882812500001 0.554733728125 0.012605042187500002 0.5769230765625 0.0189075625 0.5991124265625001 0.038865546875000004 0.615384615625 0.157563025 0.613905325 0.1756485203125 0.6162207359375 0.157563025 0.60207100625
19 0.5609243703125 0.6464497046875 0.50420168125 0.6464497046875 0.502100840625 0.6508875734374999 0.5031512609375 0.7056213015624999 0.561974790625 0.7041420125 0.5640756296875 0.6715976328125 0.5609243703125 0.6464497046875
54 0.11449579843749999 0.498520709375 0.1102941171875 0.48816568125000004 0.053571428125 0.4896449703125 0.053571428125 0.5251479296875 0.10924369687499999 0.5266272187500001 0.11449579843749999 0.5221893484375 0.11449579843749999 0.498520709375
54 0.17542016875 0.48816568125000004 0.1186974796875 0.4896449703125 0.1186974796875 0.5251479296875 0.163865546875 0.5266272187500001 0.178571428125 0.51923076875 0.17542016875 0.48816568125000004
54 0.08508403437499999 0.183431953125 0.08508403437499999 0.2189349109375 0.1449579828125 0.21745562187499998 0.1439075625 0.1819526625 0.08508403437499999 0.183431953125
54 0.20798319375 0.1819526625 0.150210084375 0.183431953125 0.15126050468750002 0.2189349109375 0.196428571875 0.2204142015625 0.21113445312499998 0.21301775156249997 0.20798319375 0.1819526625
54 0.49474789843750006 0.0857988171875 0.438025209375 0.08727810625 0.43907562968749997 0.1242603546875 0.497899159375 0.12278106562499999 0.49894957968750003 0.0917159765625 0.49474789843750006 0.0857988171875
54 0.55987395 0.0857988171875 0.5031512609375 0.08727810625 0.50420168125 0.1242603546875 0.544117646875 0.128698225 0.563025209375 0.11538461562499999 0.55987395 0.0857988171875
54 0.8508403359375001 0.21597633125 0.8508403359375001 0.1937869828125 0.844537815625 0.1804733734375 0.789915965625 0.183431953125 0.7909663859375 0.21449704218750001 0.8035714281249999 0.2204142015625 0.8455882359375 0.2204142015625 0.8508403359375001 0.21597633125
54 0.8550420171875001 0.1819526625 0.8550420171875001 0.2189349109375 0.9149159656249999 0.21745562187499998 0.91176470625 0.1819526625 0.8550420171875001 0.1819526625
54 0.8823529406249999 0.5251479296875 0.87920168125 0.48816568125000004 0.8214285718750001 0.4896449703125 0.8203781515624999 0.51923076875 0.82457983125 0.5221893484375 0.8371848734375 0.5281065093749999 0.8823529406249999 0.5251479296875
54 0.9432773109375001 0.48816568125000004 0.886554621875 0.4911242609375 0.8876050421875 0.5251479296875 0.9464285718750001 0.5251479296875 0.9464285718750001 0.4911242609375 0.9432773109375001 0.48816568125000004