51 0.20234375 0.4890625 0.0296875 0.03671875
55 0.5328125 0.67578125 0.05859375 0.0609375
52 0.5 0.80859375 0.13828125 0.01328125
28 0.36328125 0.41640625 0.06328125 0.11953125
9 0.56796875 0.41796875 0.06328125 0.12421875
35 0.4671875 0.675 0.06484375 0.0625
53 0.0493697484375 0.615384615625 0.163865546875 0.613905325 0.1890756296875 0.6198224859375 0.21008403437499998 0.6050295859375 0.2184873953125 0.5739644968750001 0.2142857140625 0.54881656875 0.2069327734375 0.5355029578125 0.188025209375 0.5236686390624999 0.163865546875 0.5295857984375 0.04201680625 0.5281065093749999 0.026260504687500002 0.5355029578125 0.014705882812500001 0.554733728125 0.012605042187500002 0.5769230765625 0.0189075625 0.5991124265625001 0.032563025 0.6124260359375 0.0493697484375 0.615384615625
53 0.19432773125 0.3076923078125 0.188025209375 0.2943786984375 0.20588235312499997 0.282544378125 0.19957983125 0.26183431874999996 0.20378151249999998 0.25147929062499996 0.19957983125 0.2204142015625 0.0682773109375 0.221893490625 0.0525210078125 0.2337278109375 0.0451680671875 0.25147929062499996 0.0472689078125 0.2855029578125 0.0567226890625 0.3002958578125 0.0682773109375 0.3076923078125 0.19432773125 0.3076923078125
53 0.5315126046875001 0.1775147921875 0.534663865625 0.149408284375 0.5451680671875 0.128698225 0.5409663859375 0.12573964531249998 0.42542016875 0.12573964531249998 0.40966386562499996 0.13313609531249998 0.39915966406250003 0.1508875734375 0.39915966406250003 0.1863905328125 0.41596638593749996 0.210059171875 0.5409663859375 0.20857988125000002 0.5315126046875001 0.1775147921875
53 0.7720588234375 0.3106508875 0.794117646875 0.3106508875 0.7972689078124999 0.304733728125 0.9275210078124999 0.3076923078125 0.9474789921875001 0.289940828125 0.9537815125 0.2662721890625 0.9464285718750001 0.236686390625 0.9275210078124999 0.221893490625 0.8067226890624999 0.2204142015625 0.7647058828125 0.25739645 0.747899159375 0.25 0.7468487390625 0.2647929 0.752100840625 0.2884615390625 0.7584033609375 0.30177514843750003 0.7720588234375 0.3106508875
53 0.8413865546875 0.615384615625 0.9621848734375 0.613905325 0.9737394953124999 0.6065088750000001 0.984243696875 0.5857988171875 0.9831932765625 0.5532544374999999 0.974789915625 0.5369822484375 0.9600840343750001 0.5281065093749999 0.83823529375 0.5295857984375 0.849789915625 0.562130178125 0.840336134375 0.60946745625 0.8361344531249999 0.6124260359375 0.8413865546875 0.615384615625
53 0.4548319328125 0.7928994078125 0.45798319374999996 0.7943786984375001 0.5735294125 0.7958579875 0.5892857140625 0.7869822484375 0.6029411765625 0.7647929 0.60189075625 0.73816568125 0.5798319328125 0.710059171875 0.45693277343750005 0.710059171875 0.4548319328125 0.71597633125 0.4663865546875 0.744082840625 0.4663865546875 0.7588757390625 0.4548319328125 0.7928994078125
54 0.1418067234375 0.1819526625 0.08508403437499999 0.1819526625 0.0840336140625 0.2189349109375 0.1449579828125 0.21745562187499998 0.1449579828125 0.1849112421875 0.1418067234375 0.1819526625
54 0.21113445312499998 0.210059171875 0.2069327734375 0.1819526625 0.150210084375 0.1819526625 0.14810924375 0.21597633125 0.1533613453125 0.2204142015625 0.192226890625 0.221893490625 0.21113445312499998 0.210059171875
54 0.497899159375 0.0902366859375 0.49474789843750006 0.0857988171875 0.436974790625 0.088757396875 0.43592437031250003 0.12130177499999999 0.43907562968749997 0.1242603546875 0.497899159375 0.12278106562499999 0.497899159375 0.0902366859375
54 0.55987395 0.0857988171875 0.5010504203124999 0.088757396875 0.5010504203124999 0.12278106562499999 0.5472689078124999 0.12573964531249998 0.5609243703125 0.1168639046875 0.55987395 0.0857988171875
54 0.0525210078125 0.4911242609375 0.0525210078125 0.5251479296875 0.1123949578125 0.5251479296875 0.10924369687499999 0.48816568125000004 0.0525210078125 0.4911242609375
54 0.1743697484375 0.48816568125000004 0.1186974796875 0.4896449703125 0.117647059375 0.5251479296875 0.164915965625 0.5266272187500001 0.1764705875 0.51923076875 0.1743697484375 0.48816568125000004
54 0.8813025203124999 0.5251479296875 0.8813025203124999 0.4911242609375 0.8781512609375 0.48816568125000004 0.8203781515624999 0.4911242609375 0.8193277312499999 0.5177514796875 0.826680671875 0.5236686390624999 0.83823529375 0.5281065093749999 0.8813025203124999 0.5251479296875
54 0.8876050421875 0.4896449703125 0.886554621875 0.5251479296875 0.9464285718750001 0.5251479296875 0.9453781515624999 0.4896449703125 0.8876050421875 0.4896449703125
41 0.45903361406250004 0.35946745625 0.4275210078125 0.3550295859375 0.40336134531249995 0.356508875 0.400210084375 0.3624260359375 0.40126050468749996 0.47337278125 0.4527310921875 0.4748520703125 0.461134453125 0.4615384609375 0.45903361406250004 0.35946745625
15 0.49737394999999995 0.47633136093750006 0.511554621875 0.4837278109375 0.5262605046875 0.4704142015625 0.5294117640625 0.4644970421875 0.527310925 0.35946745625 0.472689075 0.3550295859375 0.469537815625 0.35946745625 0.4663865546875 0.418639053125 0.4663865546875 0.45857988125000004 0.48109243749999997 0.4644970421875 0.4852941171875 0.47781065156249997 0.49737394999999995 0.47633136093750006
29 0.657563025 0.3550295859375 0.6123949578125 0.3550295859375 0.6071428578125 0.36094674531250004 0.6071428578125 0.47337278125 0.664915965625 0.4748520703125 0.664915965625 0.35946745625 0.657563025 0.3550295859375