28 0.46875 0.6625 0.0609375 0.059375
53 0.528125 0.73828125 0.1453125 0.0859375
54 0.15625 0.365625 0.06015625 0.03828125
53 0.90390625 0.428125 0.14609375 0.084375
54 0.24296875 0.17265625 0.05859375 0.03984375
54 0.53125 0.10390625 0.05859375 0.03671875
53 0.2125 0.65 0.19921875 0.09921875
54 0.82109375 0.58828125 0.0578125 0.03671875
54 0.17890625 0.17109375 0.05859375 0.03671875
54 0.17890625 0.58828125 0.06015625 0.03671875
53 0.18203125 0.234375 0.140625 0.084375
54 0.0921875 0.36484375 0.05859375 0.03671875
54 0.24296875 0.58828125 0.05859375 0.03671875
54 0.9078125 0.365625 0.05859375 0.03515625
54 0.84375 0.365625 0.06015625 0.03828125
54 0.46796875 0.10390625 0.06015625 0.03515625
54 0.75703125 0.17109375 0.06015625 0.03671875
54 0.82109375 0.1703125 0.0578125 0.03515625
54 0.75625 0.58828125 0.0609375 0.03671875
51 0.2171875 0.3640625 0.028125 0.0328125
53 0.09765625 0.428125 0.14921875 0.084375
53 0.471875 0.16875 0.14375 0.0859375
53 0.7875 0.65078125 0.20078125 0.09453125
53 0.81484375 0.234375 0.14921875 0.084375
52 0.784375 0.28984375 0.13203125 0.01484375
1 0.53125 0.6625 0.05859375 0.059375