51 0.54375 0.27265625 0.0296875 0.034375
21 0.36171875 0.415625 0.05859375 0.11796875
53 0.1140625 0.57109375 0.2046875 0.09765625
53 0.47265625 0.16796875 0.146875 0.084375
53 0.528125 0.75 0.146875 0.0890625
53 0.87734375 0.26328125 0.1515625 0.0859375
53 0.146875 0.26171875 0.20390625 0.09453125
53 0.9109375 0.57265625 0.146875 0.0859375
50 0.5671875 0.415625 0.0609375 0.11796875
46 0.85 0.49375 0.06015625 0.059375
32 0.91484375 0.49375 0.0609375 0.059375
5 0.4984375 0.41796875 0.06015625 0.12578125
24 0.63515625 0.415625 0.0609375 0.115625
18 0.44222689062500004 0.47337278125 0.460084034375 0.4630177515625 0.45903361406250004 0.36094674531250004 0.455882353125 0.3550295859375 0.44117647031249996 0.3550295859375 0.40336134531249995 0.356508875 0.400210084375 0.3624260359375 0.40126050468749996 0.47337278125 0.42689075625 0.47633136093750006 0.43907562968749997 0.4837278109375 0.44222689062500004 0.47337278125
10 0.849789915625 0.21745562187499998 0.8466386546875 0.1819526625 0.849789915625 0.1671597640625 0.8455882359375 0.156804734375 0.7930672265625 0.156804734375 0.788865546875 0.161242603125 0.7878151265625 0.2056213015625 0.7909663859375 0.21449704218750001 0.8035714281249999 0.2204142015625 0.849789915625 0.21745562187499998
34 0.863445378125 0.15532544375 0.8529411765624999 0.161242603125 0.8550420171875001 0.2204142015625 0.9149159656249999 0.21745562187499998 0.9107142859374999 0.1582840234375 0.863445378125 0.15532544375