51 0.20390625 0.48828125 0.028125 0.03515625
52 0.8546875 0.32109375 0.14375 0.01640625
0 0.53125 0.67578125 0.06015625 0.0609375
53 0.455882353125 0.79142011875 0.45903361406250004 0.7958579875 0.5766806718749999 0.7943786984375001 0.590336134375 0.7855029578125 0.603991596875 0.7647929 0.6029411765625 0.73816568125 0.5819327734375 0.710059171875 0.45798319374999996 0.710059171875 0.455882353125 0.71597633125 0.46743697500000003 0.744082840625 0.46743697500000003 0.7588757390625 0.455882353125 0.79142011875
53 0.16176470625 0.6124260359375 0.19012605 0.6198224859375 0.21218487343749998 0.60207100625 0.219537815625 0.5739644968750001 0.2142857140625 0.5443786984375001 0.20378151249999998 0.5295857984375 0.186974790625 0.5221893484375 0.038865546875000004 0.5281065093749999 0.0220588234375 0.539940828125 0.013655462500000002 0.5606508875 0.013655462500000002 0.57988165625 0.0189075625 0.596153846875 0.0378151265625 0.613905325 0.16176470625 0.6124260359375
53 0.1932773109375 0.30177514843750003 0.19432773125 0.3062130171875 0.196428571875 0.30177514843750003 0.186974790625 0.2928994078125 0.1838235296875 0.282544378125 0.18067226875 0.248520709375 0.20063025156249997 0.2204142015625 0.0756302515625 0.2204142015625 0.0567226890625 0.22928994062500002 0.0462184875 0.25 0.048319328125 0.28402366875 0.0661764703125 0.3062130171875 0.18487395 0.3076923078125 0.1932773109375 0.30177514843750003
53 0.5451680671875 0.2115384609375 0.5357142859375 0.1893491125 0.5336134453125 0.16272189374999999 0.5462184875 0.12573964531249998 0.42542016875 0.12573964531249998 0.41176470624999995 0.13165680468750002 0.39915966406250003 0.1523668640625 0.400210084375 0.1863905328125 0.4086134453125 0.20266272187499998 0.419117646875 0.210059171875 0.5451680671875 0.2115384609375
53 0.817226890625 0.282544378125 0.8067226890624999 0.29881656875 0.811974790625 0.3076923078125 0.9275210078124999 0.309171596875 0.9432773109375001 0.29881656875 0.9537815125 0.27662721874999996 0.9527310921875 0.248520709375 0.942226890625 0.22928994062500002 0.9317226890624999 0.221893490625 0.8067226890624999 0.221893490625 0.8046218484375001 0.2263313609375 0.8161764703125 0.24408284062500002 0.8182773109375001 0.2603550296875 0.817226890625 0.282544378125
53 0.9621848734375 0.613905325 0.9758403359375001 0.6050295859375 0.9852941171875 0.5828402359375 0.9863445375 0.566568046875 0.9810924375000001 0.5458579875 0.9621848734375 0.5281065093749999 0.840336134375 0.5266272187500001 0.8392857140625001 0.53402366875 0.8508403359375001 0.566568046875 0.8466386546875 0.615384615625 0.9621848734375 0.613905325
54 0.113445378125 0.4911242609375 0.1081932765625 0.48668639062499996 0.053571428125 0.4896449703125 0.0525210078125 0.5251479296875 0.10924369687499999 0.5266272187500001 0.11449579843749999 0.5221893484375 0.113445378125 0.4911242609375
54 0.1775210078125 0.49260355 0.173319328125 0.48668639062499996 0.1186974796875 0.4896449703125 0.1186974796875 0.5251479296875 0.163865546875 0.5266272187500001 0.178571428125 0.5147929 0.1775210078125 0.49260355
54 0.08508403437499999 0.183431953125 0.0840336140625 0.2189349109375 0.1449579828125 0.21745562187499998 0.1439075625 0.1819526625 0.08508403437499999 0.183431953125
54 0.20798319375 0.1819526625 0.150210084375 0.183431953125 0.152310925 0.2189349109375 0.196428571875 0.2204142015625 0.21218487343749998 0.21301775156249997 0.20798319375 0.1819526625
54 0.49474789843750006 0.0857988171875 0.438025209375 0.08727810625 0.43907562968749997 0.1242603546875 0.497899159375 0.12278106562499999 0.49894957968750003 0.0917159765625 0.49474789843750006 0.0857988171875
54 0.5640756296875 0.11538461562499999 0.55987395 0.0857988171875 0.5052521015625 0.0857988171875 0.5010504203124999 0.088757396875 0.502100840625 0.12278106562499999 0.5430672265625 0.128698225 0.5640756296875 0.11538461562499999
54 0.8508403359375001 0.1937869828125 0.844537815625 0.1804733734375 0.789915965625 0.183431953125 0.7909663859375 0.21449704218750001 0.813025209375 0.2204142015625 0.849789915625 0.21745562187499998 0.8508403359375001 0.1937869828125
54 0.8550420171875001 0.1819526625 0.8550420171875001 0.2189349109375 0.9149159656249999 0.21745562187499998 0.91176470625 0.1819526625 0.8550420171875001 0.1819526625
54 0.9464285718750001 0.4911242609375 0.9432773109375001 0.48816568125000004 0.886554621875 0.4911242609375 0.886554621875 0.5236686390624999 0.8897058828125 0.5266272187500001 0.9474789921875001 0.5221893484375 0.9464285718750001 0.4911242609375
54 0.87920168125 0.48816568125000004 0.8214285718750001 0.4911242609375 0.8224789921875001 0.520710059375 0.8361344531249999 0.5266272187500001 0.8813025203124999 0.5251479296875 0.87920168125 0.48816568125000004
26 0.497899159375 0.7056213015624999 0.49894957968750003 0.6523668640625 0.49579831875 0.6464497046875 0.4453781515625 0.6449704140625 0.436974790625 0.65532544375 0.43592437031250003 0.695266271875 0.43907562968749997 0.70118343125 0.451680671875 0.70857988125 0.497899159375 0.7056213015624999