54 0.85703125 0.3734375 0.0609375 0.03671875
54 0.0828125 0.3734375 0.0609375 0.03671875
53 0.4765625 0.16953125 0.15 0.0875
54 0.8328125 0.6 0.06015625 0.03671875
54 0.76796875 0.60078125 0.0609375 0.03828125
54 0.1484375 0.37578125 0.06015625 0.04140625
53 0.17890625 0.2390625 0.1515625 0.0875
54 0.921875 0.3734375 0.06015625 0.03671875
54 0.17421875 0.6 0.06015625 0.03671875
53 0.090625 0.4390625 0.153125 0.0859375
54 0.8328125 0.1734375 0.06015625 0.03828125
54 0.4703125 0.10390625 0.06015625 0.03671875
54 0.23984375 0.175 0.0609375 0.03984375
54 0.17421875 0.1734375 0.06015625 0.03671875
54 0.7671875 0.1734375 0.0609375 0.03828125
53 0.5328125 0.7578125 0.1484375 0.0875
54 0.23828125 0.60078125 0.05859375 0.03828125
53 0.825 0.23671875 0.1546875 0.0859375
52 0.20625 0.72109375 0.1421875 0.01640625
53 0.91875 0.4390625 0.146875 0.0859375
54 0.5359375 0.1046875 0.0609375 0.04140625
51 0.80546875 0.5125 0.0296875 0.034375
53 0.1796875 0.66640625 0.15546875 0.090625
53 0.82578125 0.66640625 0.1515625 0.090625
24 0.534375 0.6796875 0.0609375 0.0609375
53 0.29765625 0.66171875 0.02421875 0.06328125
40 0.4703125 0.67890625 0.06015625 0.0625