53 0.20546875 0.23828125 0.2046875 0.09765625
53 0.528125 0.75234375 0.15 0.0875
54 0.1703125 0.5953125 0.06015625 0.03671875
53 0.88125 0.43515625 0.20625 0.09453125
54 0.23515625 0.59609375 0.0609375 0.03828125
19 0.53125 0.67578125 0.06015625 0.059375
54 0.76015625 0.1734375 0.06328125 0.04140625
51 0.68359375 0.59609375 0.0296875 0.0328125
53 0.82265625 0.2359375 0.1453125 0.0875
53 0.17890625 0.66015625 0.153125 0.0875
53 0.80625 0.6609375 0.17734375 0.0890625
54 0.82578125 0.171875 0.06015625 0.03828125
52 0.49921875 0.80703125 0.13984375 0.01328125
53 0.10703125 0.43359375 0.1890625 0.09140625
32 0.46640625 0.67578125 0.0609375 0.0625
53 0.490625 0.165625 0.18515625 0.09140625