53 0.115625 0.57109375 0.20625 0.09765625
53 0.528125 0.753125 0.146875 0.0859375
51 0.7921875 0.3546875 0.0296875 0.03515625
53 0.4703125 0.16875 0.14609375 0.0859375
53 0.9109375 0.571875 0.14921875 0.0875
54 0.85 0.50703125 0.06171875 0.03515625
54 0.53046875 0.10625 0.0609375 0.04140625
54 0.4671875 0.10390625 0.0609375 0.03671875
53 0.1265625 0.2625 0.16484375 0.0875
54 0.915625 0.50703125 0.0609375 0.03515625
52 0.884375 0.62734375 0.134375 0.01171875
53 0.87109375 0.26328125 0.16484375 0.0890625
3 0.46640625 0.6765625 0.0609375 0.0609375
1 0.5296875 0.67578125 0.06015625 0.059375