54 0.88203125 0.2 0.0609375 0.03828125
53 0.528125 0.75234375 0.146875 0.0875
53 0.47109375 0.16796875 0.1484375 0.084375
54 0.81953125 0.20078125 0.0609375 0.03984375
53 0.88046875 0.26328125 0.1453125 0.0859375
51 0.40390625 0.640625 0.028125 0.03515625
53 0.11484375 0.57109375 0.2046875 0.09765625
53 0.91015625 0.571875 0.15 0.0875
50 0.49765625 0.421875 0.06171875 0.13046875
53 0.12578125 0.2625 0.1609375 0.0875
52 0.853125 0.321875 0.1421875 0.01328125
33 0.36171875 0.41484375 0.05859375 0.1171875
17 0.53046875 0.67578125 0.0609375 0.059375
3 0.43046875 0.41640625 0.06015625 0.11953125
21 0.497899159375 0.7056213015624999 0.497899159375 0.6508875734374999 0.49474789843750006 0.6464497046875 0.44117647031249996 0.6464497046875 0.436974790625 0.6523668640625 0.43592437031250003 0.690828403125 0.44012605000000005 0.70118343125 0.45063025156250003 0.70857988125 0.497899159375 0.7056213015624999