53 0.18359375 0.23515625 0.14375 0.0859375
53 0.1234375 0.428125 0.20234375 0.09296875
53 0.81640625 0.65078125 0.1453125 0.0859375
53 0.528125 0.73828125 0.1453125 0.0859375
54 0.17890625 0.171875 0.05859375 0.03828125
54 0.82109375 0.5875 0.06015625 0.03515625
54 0.24296875 0.58828125 0.05859375 0.03671875
54 0.17890625 0.58828125 0.06015625 0.03671875
54 0.24296875 0.1734375 0.05859375 0.03828125
54 0.9078125 0.36484375 0.0609375 0.03671875
54 0.75625 0.58828125 0.0609375 0.03671875
52 0.20859375 0.29140625 0.13125 0.01171875
54 0.46796875 0.10390625 0.06015625 0.03515625
54 0.84375 0.36640625 0.06015625 0.03984375
54 0.15625 0.36484375 0.06015625 0.03671875
54 0.09140625 0.36484375 0.05859375 0.03671875
54 0.53125 0.10390625 0.05859375 0.03671875
53 0.1921875 0.65078125 0.159375 0.0859375
54 0.75625 0.17109375 0.05859375 0.03671875
54 0.82109375 0.17109375 0.0578125 0.03671875
51 0.40703125 0.63203125 0.028125 0.03515625
53 0.9015625 0.428125 0.14921875 0.084375
53 0.478125 0.16796875 0.15546875 0.084375
53 0.7875 0.23203125 0.2015625 0.09453125
27 0.46796875 0.66171875 0.06015625 0.0609375
14 0.525210084375 0.6331360953125 0.5031512609375 0.6375739640625 0.502100840625 0.6937869828125 0.561974790625 0.6923076921875 0.5609243703125 0.6375739640625 0.525210084375 0.6331360953125