53 0.20390625 0.65859375 0.20390625 0.10078125
53 0.525 0.74921875 0.1484375 0.0875
54 0.23515625 0.1734375 0.05859375 0.03984375
54 0.5296875 0.10390625 0.06015625 0.03671875
54 0.821875 0.59375 0.06015625 0.03671875
54 0.23515625 0.59453125 0.05859375 0.03828125
53 0.81796875 0.23515625 0.14609375 0.0859375
54 0.1703125 0.17265625 0.06015625 0.03671875
54 0.75703125 0.59453125 0.05859375 0.03828125
53 0.9046875 0.434375 0.153125 0.090625
51 0.27265625 0.32421875 0.03046875 0.03515625
54 0.1703125 0.59375 0.0578125 0.03671875
54 0.821875 0.171875 0.06015625 0.03828125
54 0.846875 0.36953125 0.06015625 0.03828125
54 0.75703125 0.171875 0.0609375 0.03828125
53 0.46953125 0.16875 0.146875 0.0859375
54 0.91171875 0.36875 0.05859375 0.03671875
54 0.4640625 0.10390625 0.05859375 0.03515625
53 0.17734375 0.23671875 0.15 0.0859375
54 0.1453125 0.36953125 0.06015625 0.03828125
54 0.08125 0.36875 0.06015625 0.03671875
52 0.87578125 0.490625 0.12890625 0.01328125
53 0.8109375 0.65859375 0.159375 0.0890625
39 0.4640625 0.6734375 0.0609375 0.06328125
53 0.09609375 0.43359375 0.16875 0.09140625
16 0.5265625 0.67265625 0.0609375 0.06328125