53 0.528125 0.753125 0.146875 0.0859375
6 0.53125 0.6765625 0.06015625 0.0609375
54 0.23515625 0.1734375 0.05859375 0.03984375
22 0.4671875 0.6765625 0.0609375 0.0609375
54 0.23671875 0.59609375 0.05859375 0.03828125
54 0.1703125 0.1734375 0.06015625 0.03828125
53 0.88125 0.434375 0.20625 0.09609375
53 0.115625 0.43515625 0.20625 0.09453125
54 0.82734375 0.59609375 0.06015625 0.03828125
54 0.76015625 0.596875 0.0609375 0.03984375
54 0.53046875 0.10625 0.0609375 0.04140625
54 0.1703125 0.5953125 0.0578125 0.03671875
53 0.17578125 0.23671875 0.14921875 0.0859375
54 0.146875 0.37109375 0.06015625 0.03828125
53 0.81796875 0.6609375 0.153125 0.0890625
54 0.0828125 0.3703125 0.06015625 0.03671875
53 0.471875 0.16953125 0.1484375 0.0875
54 0.4671875 0.10390625 0.0609375 0.03671875
51 0.21015625 0.36953125 0.0296875 0.03515625
53 0.81796875 0.2359375 0.153125 0.0875
52 0.7921875 0.71796875 0.13828125 0.01328125
53 0.19140625 0.659375 0.17890625 0.0890625