25 0.50234375 0.41953125 0.06015625 0.12265625
53 0.11484375 0.43671875 0.2046875 0.09453125
48 0.7671875 0.590625 0.06015625 0.0625
53 0.82734375 0.6671875 0.146875 0.0890625
53 0.20703125 0.665625 0.21015625 0.10078125
50 0.36640625 0.41953125 0.0609375 0.11953125
55 0.43359375 0.41953125 0.06484375 0.11953125
53 0.20625 0.23671875 0.20625 0.09140625
53 0.5328125 0.75703125 0.15 0.0875
53 0.503125 0.16875 0.2078125 0.09453125
49 0.8328125 0.58984375 0.06015625 0.0609375
53 0.825 0.2375 0.1546875 0.0875
43 0.1484375 0.36328125 0.0578125 0.06328125
40 0.0828125 0.3625 0.0609375 0.0625