53 0.115625 0.43515625 0.20625 0.09453125
53 0.20390625 0.2375 0.20390625 0.09609375
53 0.20546875 0.66015625 0.2046875 0.09921875
53 0.88125 0.434375 0.20625 0.09609375
53 0.52890625 0.753125 0.14609375 0.0859375
54 0.76015625 0.17265625 0.06328125 0.03984375
51 0.2734375 0.32578125 0.03046875 0.03515625
54 0.82578125 0.171875 0.06015625 0.03828125
53 0.82265625 0.2359375 0.146875 0.0875
54 0.82734375 0.59609375 0.06015625 0.03828125
53 0.7921875 0.66015625 0.2046875 0.09609375
54 0.76015625 0.596875 0.0609375 0.03984375
53 0.49921875 0.16796875 0.20234375 0.09296875
47 0.43046875 0.41640625 0.06015625 0.11953125
52 0.790625 0.29375 0.13046875 0.01328125
33 0.36171875 0.415625 0.05859375 0.11796875
11 0.48109243749999997 0.4822485203125 0.525210084375 0.47781065156249997 0.5294117640625 0.4644970421875 0.5315126046875001 0.40828402343750003 0.527310925 0.357988165625 0.472689075 0.3550295859375 0.46743697500000003 0.365384615625 0.46743697500000003 0.4630177515625 0.47373949531250004 0.4896449703125 0.48109243749999997 0.4822485203125