53 0.2125 0.23515625 0.2015625 0.09453125
53 0.18515625 0.653125 0.146875 0.084375
40 0.36875 0.409375 0.0609375 0.11796875
53 0.90546875 0.42890625 0.1515625 0.0859375
53 0.58515625 0.1828125 0.0359375 0.0609375
53 0.478125 0.16640625 0.15234375 0.0875
51 0.28046875 0.32265625 0.0296875 0.03515625
53 0.53203125 0.740625 0.14609375 0.084375
53 0.81953125 0.653125 0.14609375 0.0875
3 0.56796875 0.41015625 0.06015625 0.12265625
53 0.81328125 0.2328125 0.1578125 0.0875
53 0.1 0.4296875 0.1546875 0.0875
42 0.1546875 0.35390625 0.05859375 0.0578125
10 0.43359375 0.41171875 0.05859375 0.12578125
16 0.50390625 0.41015625 0.06171875 0.12265625
15 0.2421875 0.57734375 0.06015625 0.0609375
34 0.09140625 0.35390625 0.05859375 0.0578125
14 0.18046875 0.5765625 0.06015625 0.059375