48 0.46875 0.66328125 0.05859375 0.0609375
53 0.52890625 0.73828125 0.14375 0.0859375
54 0.82109375 0.5875 0.06015625 0.03515625
53 0.903125 0.428125 0.14609375 0.084375
53 0.12421875 0.428125 0.2015625 0.09296875
51 0.7515625 0.32734375 0.028125 0.034375
54 0.75625 0.58828125 0.0609375 0.03671875
54 0.15625 0.36484375 0.06015625 0.03671875
53 0.18515625 0.234375 0.146875 0.084375
29 0.53125 0.6625 0.05859375 0.059375
54 0.17890625 0.58828125 0.06015625 0.03671875
54 0.24296875 0.58828125 0.05859375 0.03671875
53 0.5 0.16640625 0.2015625 0.09296875
54 0.0921875 0.365625 0.05859375 0.03515625
53 0.81640625 0.65078125 0.1453125 0.0859375
53 0.8140625 0.23359375 0.14921875 0.0859375
52 0.77578125 0.7046875 0.1125 0.01015625
53 0.18984375 0.65 0.1578125 0.0875