53 0.5265625 0.75078125 0.14921875 0.084375
36 0.465625 0.6734375 0.0609375 0.0609375
2 0.5296875 0.6734375 0.06015625 0.0609375
53 0.88203125 0.43359375 0.2046875 0.09453125
53 0.11484375 0.434375 0.2046875 0.09296875
53 0.20546875 0.65859375 0.2046875 0.09765625
53 0.20546875 0.23671875 0.2046875 0.09765625
54 0.171875 0.17265625 0.06015625 0.03671875
54 0.23671875 0.59453125 0.0609375 0.03828125
54 0.23671875 0.1734375 0.05859375 0.03828125
53 0.475 0.16875 0.1546875 0.0859375
54 0.171875 0.59453125 0.06015625 0.03515625
53 0.81640625 0.2359375 0.15234375 0.0875
54 0.84921875 0.36953125 0.06015625 0.03828125
54 0.759375 0.59453125 0.0609375 0.03828125
54 0.82421875 0.59375 0.0578125 0.03671875
53 0.81875 0.659375 0.14609375 0.0875
51 0.30703125 0.60390625 0.028125 0.0328125
54 0.146875 0.36953125 0.06015625 0.03828125
54 0.0828125 0.36953125 0.06015625 0.03828125
54 0.9140625 0.36953125 0.0609375 0.03828125
52 0.88203125 0.49140625 0.13671875 0.01171875