2 0.36171875 0.415625 0.05859375 0.11796875
53 0.5296875 0.753125 0.1484375 0.0859375
53 0.47109375 0.16796875 0.1484375 0.084375
53 0.1203125 0.2625 0.15234375 0.0875
51 0.74140625 0.58984375 0.0296875 0.03671875
54 0.146875 0.2 0.12578125 0.03828125
53 0.115625 0.57109375 0.20625 0.09765625
53 0.909375 0.571875 0.14921875 0.0875
49 0.46640625 0.67578125 0.0609375 0.0625
29 0.53125 0.675 0.06171875 0.0609375
53 0.87421875 0.26328125 0.1546875 0.0859375
34 0.49765625 0.41953125 0.06171875 0.12890625
52 0.49140625 0.80703125 0.12421875 0.01328125
13 0.460084034375 0.3624260359375 0.4527310921875 0.3550295859375 0.40336134531249995 0.3550295859375 0.39915966406250003 0.3668639046875 0.400210084375 0.47337278125 0.4044117640625 0.47781065156249997 0.45903361406250004 0.4748520703125 0.460084034375 0.3624260359375