53 0.52578125 0.74921875 0.1484375 0.0875
5 0.52890625 0.6734375 0.06015625 0.0609375
54 0.23515625 0.1734375 0.05859375 0.03828125
54 0.23515625 0.59453125 0.05859375 0.03828125
54 0.1703125 0.17265625 0.06015625 0.03671875
54 0.82265625 0.171875 0.06015625 0.03828125
54 0.75859375 0.171875 0.0609375 0.03828125
54 0.5296875 0.10390625 0.06015625 0.03671875
51 0.30625 0.603125 0.028125 0.034375
54 0.82265625 0.59375 0.06015625 0.03671875
53 0.1765625 0.65859375 0.1515625 0.0859375
53 0.81953125 0.23515625 0.146875 0.0859375
54 0.1703125 0.59375 0.06015625 0.03671875
53 0.81875 0.659375 0.14609375 0.0875
54 0.08125 0.36875 0.0609375 0.03671875
53 0.175 0.23671875 0.1484375 0.0859375
54 0.4640625 0.10390625 0.0609375 0.03515625
54 0.1453125 0.36953125 0.06015625 0.03828125
53 0.49765625 0.165625 0.2046875 0.09453125
53 0.88046875 0.4328125 0.20390625 0.09296875
54 0.8484375 0.36953125 0.06015625 0.03828125
54 0.75859375 0.59453125 0.0609375 0.03828125
53 0.1140625 0.4328125 0.20234375 0.09296875
15 0.4640625 0.67421875 0.0609375 0.0625
54 0.9125 0.36875 0.0609375 0.03671875