53 0.5296875 0.753125 0.1484375 0.0859375
54 0.88359375 0.2 0.0609375 0.03828125
54 0.81875 0.2 0.06015625 0.03828125
54 0.85 0.50703125 0.06015625 0.03828125
54 0.0828125 0.50703125 0.05859375 0.03671875
53 0.91171875 0.571875 0.14921875 0.0875
53 0.12421875 0.2640625 0.15625 0.090625
53 0.11640625 0.57109375 0.2046875 0.09453125
54 0.14765625 0.50703125 0.0578125 0.03828125
54 0.915625 0.50703125 0.05859375 0.03671875
53 0.471875 0.16875 0.146875 0.0859375
54 0.53203125 0.10546875 0.06015625 0.03984375
54 0.46875 0.10390625 0.0609375 0.03671875
51 0.74140625 0.590625 0.028125 0.03515625
3 0.4671875 0.675 0.0609375 0.0609375
53 0.87734375 0.2625 0.153125 0.084375
1 0.53046875 0.675 0.0609375 0.0578125