53 0.20703125 0.66484375 0.2078125 0.09609375
51 0.278125 0.3265625 0.03046875 0.03515625
53 0.0890625 0.4375 0.1515625 0.0875
53 0.478125 0.16953125 0.15546875 0.0875
53 0.5328125 0.75859375 0.15 0.0859375
53 0.20625 0.24140625 0.2046875 0.09140625
53 0.915625 0.4375 0.15234375 0.0890625
53 0.825 0.66640625 0.1546875 0.090625
34 0.365625 0.4203125 0.0609375 0.12109375
35 0.4703125 0.6796875 0.0640625 0.06328125
27 0.63984375 0.41796875 0.05859375 0.1171875
53 0.79921875 0.23671875 0.20703125 0.09453125
17 0.571875 0.41953125 0.06015625 0.12578125
32 0.76640625 0.590625 0.0609375 0.0625
39 0.43359375 0.41875 0.0609375 0.12421875
26 0.8328125 0.58984375 0.06015625 0.0609375
33 0.534375 0.6796875 0.05859375 0.0609375
20 0.5046875 0.42109375 0.0609375 0.12421875