53 0.528125 0.73828125 0.14296875 0.0859375
53 0.12421875 0.42734375 0.20078125 0.09453125
54 0.15625 0.36640625 0.06015625 0.03671875
54 0.17890625 0.17265625 0.05859375 0.03671875
53 0.184375 0.234375 0.14375 0.084375
54 0.17890625 0.58828125 0.06015625 0.03671875
54 0.24296875 0.58828125 0.05859375 0.03671875
54 0.09140625 0.365625 0.05859375 0.03515625
54 0.24296875 0.1734375 0.05859375 0.03828125
53 0.475 0.16796875 0.14921875 0.084375
22 0.4671875 0.66328125 0.06015625 0.0609375
54 0.46796875 0.10390625 0.06015625 0.03515625
54 0.75703125 0.17109375 0.06015625 0.03671875
54 0.53125 0.10390625 0.05859375 0.03671875
51 0.28125 0.321875 0.028125 0.034375
54 0.82109375 0.17109375 0.0578125 0.03671875
53 0.89765625 0.42734375 0.1546875 0.0859375
53 0.81484375 0.6515625 0.146875 0.0875
53 0.7875 0.23125 0.2015625 0.09296875
20 0.53203125 0.66328125 0.06015625 0.0609375
53 0.2109375 0.65078125 0.2015625 0.09765625