51 0.8 0.50390625 0.0296875 0.03671875
26 0.503125 0.4109375 0.0609375 0.11796875
53 0.1113445375 0.64053254375 0.1102941171875 0.6582840234375 0.11554621875 0.6775147921875 0.13445378125000002 0.695266271875 0.2584033609375 0.6923076921875 0.2468487390625 0.6686390531249999 0.24579831875 0.65532544375 0.2468487390625 0.64053254375 0.257352940625 0.615384615625 0.2552521015625 0.6109467453125 0.13970588281250002 0.60946745625 0.125 0.615384615625 0.1113445375 0.64053254375
53 0.2930672265625 0.6242603546875001 0.2878151265625 0.6464497046875 0.289915965625 0.66272189375 0.28571428593750003 0.67011834375 0.289915965625 0.6686390531249999 0.30042016875 0.6849112421875 0.3067226890625 0.6849112421875 0.31407562968749997 0.6642011828125 0.30987395 0.6331360953125 0.2993697484375 0.613905325 0.2878151265625 0.60946745625 0.2930672265625 0.6242603546875001
53 0.17542016875 0.40384615312500005 0.17226890781249998 0.386094675 0.0472689078125 0.3875739640625 0.0315126046875 0.399408284375 0.0241596640625 0.41568047343750003 0.0220588234375 0.4349112421875 0.026260504687500002 0.45118343125000004 0.0451680671875 0.471893490625 0.19432773125 0.47633136093750006 0.1953781515625 0.4704142015625 0.18487395 0.4615384609375 0.178571428125 0.4630177515625 0.173319328125 0.4467455625 0.173319328125 0.4304733734375 0.178571428125 0.42455621250000003 0.17226890781249998 0.41272189375 0.17542016875 0.40384615312500005
53 0.20798319375 0.42455621250000003 0.2069327734375 0.46597633125 0.21008403437499998 0.46893491093749995 0.222689075 0.44822485156249997 0.2258403359375 0.42455621250000003 0.224789915625 0.41715976406250005 0.20798319375 0.42455621250000003
53 0.294117646875 0.21597633125 0.284663865625 0.20266272187499998 0.28676470625 0.1893491125 0.2836134453125 0.1863905328125 0.2300420171875 0.1923076921875 0.136554621875 0.1923076921875 0.12079831875 0.20266272187499998 0.113445378125 0.21745562187499998 0.1113445375 0.24260354999999997 0.11554621875 0.25739645 0.136554621875 0.27662721874999996 0.2605042015625 0.2751479296875 0.2720588234375 0.282544378125 0.28676470625 0.282544378125 0.30567226875000003 0.2677514796875 0.31512605 0.2411242609375 0.313025209375 0.20266272187499998 0.30987395 0.20118343125 0.307773109375 0.21449704218750001 0.294117646875 0.21597633125
53 0.4128151265625 0.13313609531249998 0.40336134531249995 0.1508875734375 0.4044117640625 0.1849112421875 0.41806722656249995 0.2056213015625 0.4264705875 0.20857988125000002 0.5787815125 0.21449704218750001 0.5966386546875 0.1997041421875 0.6050420171875001 0.1715976328125 0.6029411765625 0.149408284375 0.5955882359375 0.13313609531249998 0.5735294125 0.1183431953125 0.5472689078124999 0.1242603546875 0.423319328125 0.12573964531249998 0.4128151265625 0.13313609531249998
53 0.7163865546875 0.1849112421875 0.7027310921875001 0.1937869828125 0.6911764703125 0.21745562187499998 0.69012605 0.2396449703125 0.6974789921875 0.2647929 0.705882353125 0.2751479296875 0.7216386546875 0.282544378125 0.74579831875 0.2736686390625 0.8697478984375 0.2751479296875 0.8876050421875 0.2588757390625 0.8939075624999999 0.2352071 0.886554621875 0.2056213015625 0.8686974796875001 0.190828403125 0.7436974796875 0.190828403125 0.7163865546875 0.1849112421875
53 0.8067226890624999 0.3816568046875 0.789915965625 0.393491125 0.7794117640625 0.418639053125 0.7783613453125 0.437869821875 0.7857142859375 0.4615384609375 0.80042016875 0.47633136093750006 0.8140756296875 0.479289940625 0.8623949578125 0.471893490625 0.95798319375 0.471893490625 0.9737394953124999 0.46005917187499995 0.9821428578125 0.4363905328125 0.9768907562500001 0.40532544374999996 0.955882353125 0.3875739640625 0.830882353125 0.3875739640625 0.8067226890624999 0.3816568046875
53 0.7563025203125 0.6760355031249999 0.74579831875 0.695266271875 0.8686974796875001 0.695266271875 0.8823529406249999 0.6863905328125 0.8928571421875 0.66272189375 0.890756303125 0.634615384375 0.8844537812500001 0.621301775 0.87079831875 0.6109467453125 0.75 0.6124260359375 0.75945378125 0.64053254375 0.7563025203125 0.6760355031249999
53 0.4705882359375 0.73076923125 0.4705882359375 0.7455621296875 0.45798319374999996 0.7855029578125 0.57457983125 0.7855029578125 0.5892857140625 0.7781065093749999 0.603991596875 0.7588757390625 0.60189075625 0.7248520703125 0.58298319375 0.70118343125 0.48214285781250005 0.6997041421875 0.46428571406249997 0.70118343125 0.4621848734375 0.70857988125 0.4705882359375 0.73076923125
54 0.150210084375 0.5724852078125 0.150210084375 0.607988165625 0.20903361406249998 0.607988165625 0.20588235312499997 0.5710059171874999 0.150210084375 0.5724852078125
54 0.25945378125 0.60946745625 0.275210084375 0.60207100625 0.2720588234375 0.5710059171874999 0.2142857140625 0.5739644968750001 0.21638655468749998 0.60946745625 0.25945378125 0.60946745625
22 0.44117647031249996 0.64053254375 0.44222689062500004 0.6923076921875 0.4537815125 0.6982248515625 0.49894957968750003 0.6937869828125 0.49894957968750003 0.6390532546875 0.4453781515625 0.636094675 0.44117647031249996 0.64053254375
18 0.55567226875 0.687869821875 0.5640756296875 0.6937869828125 0.56512605 0.6508875734374999 0.561974790625 0.6390532546875 0.5147058828125 0.636094675 0.50420168125 0.64053254375 0.5031512609375 0.6464497046875 0.5031512609375 0.6937869828125 0.5462184875 0.6967455625000001 0.55567226875 0.687869821875
5 0.3970588234375 0.4644970421875 0.3970588234375 0.356508875 0.39390756250000003 0.35207100625 0.3581932765625 0.3535502953125 0.35189075625 0.34911242656249997 0.33823529375 0.3550295859375 0.3371848734375 0.365384615625 0.33823529375 0.467455621875 0.39390756250000003 0.4704142015625 0.3970588234375 0.4644970421875
5 0.41484375 0.44609375 0.00078125 0.0015625
43 0.46323529375000005 0.3550295859375 0.455882353125 0.350591715625 0.40966386562499996 0.35207100625 0.405462184375 0.3550295859375 0.4044117640625 0.365384615625 0.4065126046875 0.46893491093749995 0.4474789921875 0.471893490625 0.46323529375000005 0.4644970421875 0.46323529375000005 0.3550295859375
30 0.5409663859375 0.3550295859375 0.539915965625 0.4630177515625 0.5945378156250001 0.4704142015625 0.5987394953125 0.4630177515625 0.597689075 0.3550295859375 0.5913865546875 0.350591715625 0.5409663859375 0.3550295859375
32 0.609243696875 0.3550295859375 0.609243696875 0.467455621875 0.663865546875 0.4704142015625 0.66701680625 0.46597633125 0.66701680625 0.356508875 0.6607142859375 0.350591715625 0.609243696875 0.3550295859375