52 0.8015625 0.29609375 0.14296875 0.01640625
28 0.4703125 0.68046875 0.06328125 0.0609375
51 0.309375 0.609375 0.0296875 0.03671875
54 0.21008403437499998 0.5828402359375 0.20903361406249998 0.6198224859375 0.2552521015625 0.621301775 0.2699579828125 0.613905325 0.2699579828125 0.58727810625 0.2668067234375 0.5828402359375 0.21008403437499998 0.5828402359375
54 0.1449579828125 0.5828402359375 0.1428571421875 0.6198224859375 0.20483193281249998 0.6183431953125 0.2027310921875 0.5828402359375 0.1449579828125 0.5828402359375
54 0.1197478984375 0.3550295859375 0.12079831875 0.393491125 0.16701680624999998 0.393491125 0.1796218484375 0.3875739640625 0.18067226875 0.35946745625 0.1775210078125 0.3550295859375 0.1197478984375 0.3550295859375
54 0.053571428125 0.356508875 0.054621848437499995 0.393491125 0.11449579843749999 0.39053254375 0.1123949578125 0.3550295859375 0.053571428125 0.356508875
54 0.1439075625 0.156804734375 0.1439075625 0.1923076921875 0.20483193281249998 0.1923076921875 0.2027310921875 0.15532544375 0.1439075625 0.156804734375
54 0.20903361406249998 0.156804734375 0.20798319375 0.1819526625 0.21218487343749998 0.1937869828125 0.2563025203125 0.195266271875 0.271008403125 0.1849112421875 0.2678571421875 0.15532544375 0.20903361406249998 0.156804734375
54 0.7373949578125 0.15532544375 0.7363445375000001 0.1849112421875 0.7394957984375 0.187869821875 0.75 0.1923076921875 0.7972689078124999 0.1893491125 0.7972689078124999 0.153846153125 0.7373949578125 0.15532544375
54 0.8025210078124999 0.156804734375 0.8035714281249999 0.190828403125 0.863445378125 0.1893491125 0.8602941171875 0.153846153125 0.8025210078124999 0.156804734375
54 0.8298319328125 0.3550295859375 0.826680671875 0.35946745625 0.8287815125 0.3875739640625 0.840336134375 0.393491125 0.8886554625 0.392011834375 0.8876050421875 0.3550295859375 0.8298319328125 0.3550295859375
54 0.8939075624999999 0.3550295859375 0.8949579828124999 0.393491125 0.9527310921875 0.392011834375 0.951680671875 0.3550295859375 0.8939075624999999 0.3550295859375
54 0.849789915625 0.621301775 0.863445378125 0.6168639046875 0.8602941171875 0.5828402359375 0.8025210078124999 0.5843195265625 0.8025210078124999 0.6198224859375 0.849789915625 0.621301775
54 0.75420168125 0.622781065625 0.7972689078124999 0.6183431953125 0.7962184875 0.5828402359375 0.7373949578125 0.5843195265625 0.7373949578125 0.615384615625 0.75420168125 0.622781065625
53 0.41071428593750003 0.136094675 0.40126050468749996 0.1582840234375 0.40336134531249995 0.190828403125 0.4128151265625 0.2056213015625 0.42436974843749997 0.21301775156249997 0.557773109375 0.21301775156249997 0.55042016875 0.2115384609375 0.54201680625 0.1982248515625 0.534663865625 0.168639053125 0.54201680625 0.142011834375 0.5493697484375 0.13313609531249998 0.5462184875 0.12573964531249998 0.428571428125 0.12573964531249998 0.41071428593750003 0.136094675
53 0.1302521015625 0.195266271875 0.1113445375 0.20857988125000002 0.10504201718749999 0.2248520703125 0.103991596875 0.248520709375 0.1081932765625 0.26331360937500004 0.1260504203125 0.2810650890625 0.247899159375 0.2795857984375 0.252100840625 0.27662721874999996 0.252100840625 0.2647929 0.2436974796875 0.2544378703125 0.2415966390625 0.22337278125 0.2489495796875 0.21745562187499998 0.25 0.20414201250000003 0.2563025203125 0.195266271875 0.1302521015625 0.195266271875
53 0.02310924375 0.40532544374999996 0.014705882812500001 0.4230769234375 0.0168067234375 0.4615384609375 0.038865546875000004 0.4822485203125 0.1680672265625 0.48076923125000004 0.19012605 0.48668639062499996 0.21218487343749998 0.4748520703125 0.2205882359375 0.44230769218750005 0.2184873953125 0.42159763281249996 0.21113445312499998 0.40384615312500005 0.192226890625 0.39053254375 0.1586134453125 0.3964497046875 0.03676470625 0.3964497046875 0.02310924375 0.40532544374999996
53 0.242647059375 0.622781065625 0.12920168125 0.622781065625 0.113445378125 0.6331360953125 0.10504201718749999 0.6508875734374999 0.103991596875 0.6760355031249999 0.1081932765625 0.690828403125 0.1165966390625 0.702662721875 0.1313025203125 0.710059171875 0.2552521015625 0.70857988125 0.2815126046875 0.71597633125 0.3025210078125 0.6997041421875 0.31092437031250003 0.6789940828125001 0.30987395 0.64792899375 0.2930672265625 0.622781065625 0.2584033609375 0.613905325 0.242647059375 0.622781065625
53 0.45903361406250004 0.7144970421875 0.455882353125 0.717455621875 0.46428571406249997 0.7233727812499999 0.4705882359375 0.7677514796875 0.45798319374999996 0.79881656875 0.461134453125 0.8017751484375 0.5798319328125 0.8002958578125 0.592436975 0.7928994078125 0.603991596875 0.7751479296875 0.6071428578125 0.7470414203125 0.597689075 0.7263313609375001 0.586134453125 0.7144970421875 0.45903361406250004 0.7144970421875
53 0.7552521015625 0.622781065625 0.765756303125 0.6464497046875 0.7678571421875 0.6715976328125 0.75945378125 0.6967455625000001 0.7489495796875001 0.710059171875 0.7510504203124999 0.7130177515625 0.875 0.710059171875 0.8897058828125 0.702662721875 0.9012605046875001 0.6819526625 0.9012605046875001 0.6508875734374999 0.8949579828124999 0.636094675 0.8823529406249999 0.6242603546875001 0.7552521015625 0.622781065625
53 0.844537815625 0.40384615312500005 0.8529411765624999 0.41272189375 0.8581932765625 0.43934911249999997 0.8466386546875 0.48076923125000004 0.9684873953125 0.4822485203125 0.9831932765625 0.471893490625 0.9926470593750001 0.4497041421875 0.9905462187499999 0.418639053125 0.9810924375000001 0.4023668640625 0.9716386546875 0.3964497046875 0.8455882359375 0.3964497046875 0.844537815625 0.40384615312500005
53 0.747899159375 0.20266272187499998 0.761554621875 0.21745562187499998 0.7647058828125 0.25 0.75 0.2795857984375 0.8771008406249999 0.2810650890625 0.8897058828125 0.2736686390625 0.9023109249999999 0.24704142031249998 0.9033613453125 0.23224852031249998 0.8970588234375001 0.210059171875 0.87920168125 0.1937869828125 0.7510504203124999 0.1937869828125 0.747899159375 0.20266272187499998
8 0.5661764703125 0.70857988125 0.5640756296875 0.6508875734374999 0.511554621875 0.649408284375 0.5052521015625 0.653846153125 0.5063025203125 0.710059171875 0.5661764703125 0.70857988125