53 0.528125 0.75 0.1484375 0.0890625
53 0.11484375 0.434375 0.2046875 0.09296875
54 0.85 0.36953125 0.06171875 0.03828125
54 0.759375 0.17265625 0.0609375 0.03984375
54 0.23671875 0.5953125 0.05859375 0.03671875
54 0.171875 0.17265625 0.06015625 0.03671875
54 0.23671875 0.1734375 0.05859375 0.03828125
53 0.8828125 0.43359375 0.2046875 0.09453125
54 0.5296875 0.10390625 0.06015625 0.03671875
54 0.82421875 0.171875 0.06015625 0.03828125
54 0.171875 0.5953125 0.06015625 0.03671875
53 0.20546875 0.23671875 0.2046875 0.09765625
53 0.82109375 0.23515625 0.14375 0.0859375
54 0.825 0.59375 0.06015625 0.03671875
51 0.753125 0.33203125 0.0296875 0.034375
54 0.465625 0.10390625 0.0609375 0.03515625
54 0.759375 0.5953125 0.0609375 0.03671875
54 0.146875 0.36953125 0.06015625 0.03828125
53 0.17890625 0.659375 0.15234375 0.0875
54 0.0828125 0.36875 0.06015625 0.03671875
54 0.9140625 0.36875 0.0609375 0.03671875
53 0.81640625 0.659375 0.15 0.0875
52 0.20390625 0.715625 0.140625 0.01484375
53 0.47421875 0.16875 0.15234375 0.0859375
55 0.46640625 0.6734375 0.0609375 0.0609375
24 0.5296875 0.6734375 0.06015625 0.0609375
53 0.2953125 0.65546875 0.025 0.07421875