53 0.11328125 0.428125 0.20390625 0.09296875
53 0.521875 0.74375 0.1484375 0.0859375
53 0.9015625 0.43046875 0.146875 0.0859375
53 0.17265625 0.23515625 0.14375 0.0828125
53 0.81328125 0.23359375 0.146875 0.0859375
54 0.2328125 0.1734375 0.05859375 0.03828125
51 0.74765625 0.33203125 0.028125 0.034375
54 0.7546875 0.17109375 0.06015625 0.03671875
54 0.81640625 0.590625 0.0578125 0.03671875
53 0.8140625 0.65546875 0.1453125 0.0859375
54 0.1453125 0.36796875 0.05859375 0.03984375
53 0.46640625 0.16640625 0.146875 0.0875
54 0.0796875 0.36640625 0.05859375 0.03671875
18 0.525 0.66953125 0.06015625 0.0609375
54 0.52578125 0.10390625 0.0578125 0.03515625
54 0.90703125 0.36640625 0.06015625 0.03671875
54 0.1703125 0.59140625 0.05859375 0.03515625
53 0.17421875 0.65546875 0.14609375 0.0859375
54 0.4609375 0.103125 0.05859375 0.034375
54 0.234375 0.5921875 0.05859375 0.03984375
54 0.8421875 0.36796875 0.05859375 0.03984375
54 0.1703125 0.17265625 0.05859375 0.03671875
54 0.81640625 0.17109375 0.0578125 0.03671875
54 0.75390625 0.59296875 0.0578125 0.03828125
52 0.20078125 0.71015625 0.13984375 0.01171875
42 0.4609375 0.66953125 0.05859375 0.0609375