53 0.528125 0.753125 0.14921875 0.0859375
54 0.1484375 0.19921875 0.12578125 0.03984375
54 0.88359375 0.2 0.0609375 0.03828125
53 0.471875 0.16875 0.146875 0.0859375
54 0.81875 0.2 0.06015625 0.03828125
53 0.11640625 0.5703125 0.20625 0.09609375
54 0.08203125 0.50703125 0.0609375 0.03671875
54 0.85 0.50703125 0.06015625 0.03828125
53 0.91171875 0.571875 0.14921875 0.0875
54 0.915625 0.50703125 0.05859375 0.03671875
54 0.14765625 0.50703125 0.06015625 0.03828125
40 0.4671875 0.6765625 0.06015625 0.0609375
51 0.403125 0.64140625 0.02734375 0.03671875
53 0.85 0.26171875 0.20234375 0.09453125
53 0.11953125 0.26328125 0.1484375 0.0859375
54 0.53125 0.10546875 0.05859375 0.03984375
44 0.53046875 0.6765625 0.05859375 0.0625
54 0.438025209375 0.08727810625 0.43907562968749997 0.1242603546875 0.497899159375 0.12278106562499999 0.497899159375 0.08727810625 0.438025209375 0.08727810625
52 0.5661764703125 0.2204142015625 0.43067226875 0.221893490625 0.43277310937499996 0.2337278109375 0.55987395 0.2337278109375 0.56932773125 0.22928994062500002 0.5661764703125 0.2204142015625