53 0.882632 0.571408 0.203093 0.099589
54 0.818608 0.200885 0.060225 0.040052
54 0.531825 0.104541 0.058865 0.039105
54 0.146986 0.506882 0.060510 0.040162
54 0.467531 0.103868 0.058905 0.037719
54 0.114010 0.199815 0.060434 0.037466
51 0.403237 0.641652 0.029099 0.035025
54 0.179281 0.201068 0.060086 0.039276
54 0.082117 0.506295 0.060375 0.038373
54 0.883420 0.199682 0.061020 0.037586
53 0.528777 0.752182 0.144941 0.086494
53 0.088411 0.570301 0.150751 0.088998
53 0.469773 0.168739 0.143381 0.090803
53 0.120111 0.263918 0.151444 0.089894
53 0.885337 0.264868 0.132465 0.087228
53 0.501217 0.167117 0.204903 0.096169
52 0.851031 0.320855 0.142201 0.014902
53 0.568222 0.167793 0.068465 0.089088
53 0.216304 0.261785 0.067094 0.086964
