54 0.827072 0.596060 0.059183 0.038062
54 0.916007 0.371539 0.060579 0.038829
54 0.826953 0.170877 0.059263 0.039549
54 0.761572 0.171623 0.062849 0.040339
54 0.236308 0.172648 0.060545 0.040004
54 0.146888 0.371286 0.059638 0.037200
54 0.851190 0.371924 0.060015 0.039655
54 0.171531 0.172564 0.059877 0.038553
54 0.761444 0.596596 0.061844 0.039075
54 0.467504 0.103889 0.059126 0.037758
54 0.531159 0.105243 0.059479 0.040307
54 0.171687 0.596101 0.060688 0.038051
53 0.820478 0.660608 0.148172 0.088777
54 0.082351 0.371736 0.060093 0.037804
53 0.821023 0.235349 0.146501 0.088404
53 0.471367 0.168519 0.145959 0.088101
51 0.684479 0.595905 0.029036 0.032178
54 0.235936 0.597123 0.059689 0.039491
53 0.178679 0.661400 0.151657 0.088851
52 0.107277 0.492046 0.133207 0.016113
53 0.205050 0.236273 0.204732 0.099072
53 0.528253 0.752145 0.145685 0.087373
53 0.175546 0.237123 0.144636 0.090281
53 0.116561 0.434554 0.206122 0.100486
53 0.882493 0.434154 0.207259 0.101171
53 0.085909 0.435525 0.146551 0.089048
51 0.287715 0.559252 0.025581 0.034040
53 0.914412 0.435705 0.141271 0.089577
