54 0.247165 0.589790 0.059234 0.039204
51 0.802765 0.503193 0.029598 0.034981
54 0.916797 0.366912 0.058750 0.036888
53 0.534721 0.741392 0.144214 0.086197
54 0.853794 0.367376 0.057913 0.037513
54 0.764225 0.589780 0.060484 0.039569
54 0.828633 0.169254 0.058118 0.037920
54 0.474217 0.102704 0.060631 0.038371
54 0.828288 0.588393 0.058566 0.036225
54 0.764527 0.169838 0.060816 0.039111
54 0.182702 0.588867 0.059605 0.037065
54 0.246978 0.170705 0.059490 0.039735
54 0.182662 0.170588 0.059759 0.037189
53 0.477145 0.166936 0.142752 0.087867
54 0.537998 0.103704 0.059303 0.039945
53 0.822244 0.652715 0.147536 0.087925
53 0.823482 0.233407 0.144507 0.086850
53 0.795346 0.231252 0.203742 0.097339
53 0.186662 0.234293 0.144053 0.089076
53 0.215944 0.232288 0.203814 0.101365
53 0.883395 0.428814 0.204539 0.094596
53 0.185471 0.652652 0.142697 0.089732
53 0.913319 0.428885 0.144413 0.090764
52 0.215119 0.707185 0.142714 0.014310
