54 0.247183 0.589843 0.059478 0.039682
54 0.916814 0.366895 0.058744 0.036888
54 0.853788 0.367375 0.057907 0.037483
54 0.764225 0.589838 0.060401 0.039657
53 0.534728 0.741240 0.144087 0.086506
54 0.828429 0.588431 0.058771 0.037208
54 0.828614 0.169260 0.058178 0.037922
54 0.764522 0.169828 0.060870 0.039125
54 0.474215 0.102701 0.060633 0.038357
54 0.182631 0.588912 0.059753 0.037445
54 0.246942 0.170810 0.059430 0.039774
53 0.098606 0.430384 0.143301 0.089558
54 0.182629 0.170594 0.059631 0.037134
51 0.410986 0.632351 0.028164 0.034951
54 0.094602 0.367053 0.059904 0.036473
53 0.477111 0.166680 0.142546 0.087312
54 0.537989 0.103699 0.059299 0.039936
53 0.822691 0.652739 0.147504 0.088014
54 0.159561 0.367897 0.059418 0.039553
53 0.823511 0.233448 0.144512 0.087014
53 0.216814 0.651124 0.202111 0.102067
52 0.197644 0.290656 0.102494 0.015542
53 0.795405 0.231146 0.203599 0.097386
53 0.184553 0.234404 0.140626 0.087932
53 0.883940 0.428656 0.203430 0.098701
54 0.537998 0.664684 0.060518 0.060987
28 0.538203 0.664762 0.060340 0.060839
53 0.913356 0.428532 0.144239 0.090625
53 0.188689 0.652751 0.148094 0.090490
