54 0.823626 0.595147 0.060055 0.037663
53 0.115768 0.431796 0.204619 0.098586
53 0.526062 0.750747 0.145122 0.088027
54 0.236366 0.595963 0.060202 0.039054
54 0.758975 0.596050 0.060961 0.038578
51 0.683099 0.594949 0.028851 0.032031
53 0.907244 0.434158 0.152635 0.089202
54 0.171522 0.595229 0.059402 0.037270
53 0.205133 0.234945 0.204119 0.103084
53 0.818576 0.660217 0.147138 0.090152
53 0.176962 0.658891 0.148087 0.091737
53 0.819325 0.234433 0.146600 0.089493
53 0.471938 0.166148 0.152046 0.096055
53 0.499637 0.165755 0.204437 0.101701
