54 0.465260 0.102867 0.057876 0.038054
53 0.525375 0.741121 0.144291 0.085441
54 0.529193 0.103136 0.058050 0.040460
53 0.786382 0.652074 0.201825 0.099090
54 0.237419 0.589643 0.059834 0.039073
54 0.238019 0.170799 0.059725 0.039780
54 0.173460 0.589082 0.059633 0.036882
54 0.173923 0.170274 0.060195 0.038561
51 0.792735 0.502714 0.027756 0.035360
53 0.468873 0.166704 0.145345 0.089970
53 0.897240 0.429721 0.155573 0.087863
53 0.811392 0.232100 0.150317 0.089548
53 0.206701 0.652342 0.201233 0.101311
53 0.176764 0.234001 0.143082 0.088811
53 0.094266 0.429728 0.154777 0.089232
53 0.178535 0.652338 0.146200 0.089727
53 0.118721 0.428790 0.202886 0.098697
52 0.500183 0.795136 0.140998 0.013214
52 0.464446 0.795213 0.069664 0.012165
