54 0.827084 0.596025 0.059161 0.038062
54 0.916033 0.371598 0.060568 0.038754
51 0.274425 0.325374 0.031004 0.036383
54 0.761584 0.171637 0.062814 0.040280
54 0.826973 0.170881 0.059236 0.039500
54 0.851209 0.371778 0.059974 0.039084
54 0.236291 0.172670 0.060563 0.040056
54 0.761571 0.597032 0.061776 0.039169
54 0.467566 0.103901 0.058886 0.037800
54 0.171512 0.172550 0.059888 0.038577
54 0.146949 0.372096 0.060411 0.039945
54 0.531561 0.104971 0.060172 0.039704
54 0.082409 0.371557 0.060323 0.037894
54 0.236029 0.597667 0.059836 0.041010
52 0.876083 0.492720 0.128032 0.015212
54 0.171678 0.596159 0.060778 0.038073
53 0.820374 0.660610 0.148320 0.088623
53 0.471313 0.168436 0.146041 0.088837
53 0.178503 0.661388 0.151198 0.088562
53 0.821044 0.235648 0.146399 0.089043
53 0.528427 0.752318 0.145227 0.086761
53 0.086341 0.436153 0.145889 0.088810
53 0.205271 0.236474 0.205042 0.099156
53 0.174878 0.237132 0.143312 0.090322
53 0.914295 0.435817 0.138765 0.088962
