51 0.688079 0.594188 0.027984 0.034025
53 0.794715 0.654971 0.203431 0.100657
53 0.475038 0.165527 0.147232 0.087438
53 0.823338 0.233993 0.144759 0.086950
53 0.183547 0.655821 0.144666 0.088491
53 0.912786 0.430151 0.147358 0.086627
53 0.123861 0.430248 0.201155 0.093586
53 0.533493 0.744837 0.143163 0.088581
54 0.243942 0.581493 0.059629 0.061799
53 0.092499 0.429682 0.142916 0.087632
54 0.827102 0.159589 0.059807 0.059305
54 0.090634 0.355109 0.059922 0.059464
54 0.179919 0.579092 0.059227 0.058849
