54 0.833279 0.600962 0.058995 0.038232
54 0.240319 0.601656 0.061006 0.040869
54 0.536398 0.104791 0.061335 0.040299
54 0.240105 0.174624 0.060273 0.041620
54 0.470943 0.104025 0.059885 0.038279
54 0.832614 0.172117 0.059685 0.038547
54 0.083388 0.373539 0.061459 0.039066
54 0.767679 0.172551 0.061473 0.039665
54 0.175060 0.173507 0.061663 0.038130
54 0.767616 0.601673 0.060212 0.040489
54 0.174365 0.600952 0.061437 0.038089
54 0.149157 0.374667 0.060619 0.041858
53 0.827507 0.665346 0.150966 0.089540
53 0.178352 0.238266 0.149475 0.088683
54 0.858481 0.374074 0.060418 0.040280
51 0.309795 0.609995 0.029663 0.036996
54 0.922848 0.373466 0.059751 0.039083
53 0.178579 0.665736 0.148897 0.090416
53 0.827290 0.237214 0.150120 0.089479
53 0.088273 0.438929 0.148948 0.089120
53 0.532722 0.755840 0.145774 0.088654
53 0.504010 0.167784 0.206339 0.102643
53 0.474740 0.168685 0.147778 0.089122
52 0.493494 0.227820 0.123628 0.017105
53 0.920232 0.438716 0.144894 0.090287
53 0.888535 0.437761 0.209572 0.099693
54 0.535466 0.678475 0.060232 0.060763
