51 0.217182 0.361866 0.028466 0.035601
54 0.147125 0.506958 0.060010 0.039223
54 0.114004 0.199854 0.060468 0.037246
54 0.179415 0.201643 0.060068 0.040222
53 0.909534 0.570772 0.150198 0.087581
54 0.082171 0.506915 0.060417 0.038253
53 0.528172 0.750728 0.147612 0.090137
53 0.120580 0.264116 0.152207 0.090040
53 0.878723 0.264232 0.147875 0.089437
53 0.474808 0.168596 0.152596 0.087819
53 0.088350 0.571272 0.151763 0.090288
53 0.114878 0.572542 0.205862 0.096727
52 0.115723 0.627368 0.141282 0.016811
