51 0.754741 0.335005 0.028601 0.033991
54 0.826521 0.596680 0.058453 0.036706
54 0.914659 0.371216 0.059307 0.037470
53 0.114687 0.433011 0.204034 0.098228
54 0.849913 0.372458 0.060633 0.038916
53 0.203901 0.658130 0.204129 0.096922
53 0.177355 0.235912 0.153611 0.089553
54 0.760444 0.597226 0.060069 0.039481
53 0.821558 0.235345 0.144521 0.088341
53 0.527662 0.753103 0.144694 0.085610
53 0.821706 0.660518 0.144592 0.089618
53 0.498667 0.166893 0.204203 0.095779
52 0.861733 0.492451 0.101932 0.015178
53 0.912012 0.435810 0.145951 0.090490
53 0.174084 0.659728 0.144612 0.090783
53 0.467670 0.168436 0.144820 0.086651
