54 0.761292 0.590132 0.059624 0.037780
54 0.850353 0.367785 0.059551 0.037967
54 0.913934 0.366985 0.058910 0.036912
53 0.531799 0.741424 0.143978 0.084059
54 0.243829 0.589902 0.059442 0.039550
54 0.825268 0.588378 0.059966 0.036883
54 0.761683 0.169968 0.060069 0.039845
54 0.825418 0.169085 0.059229 0.037679
51 0.281704 0.321207 0.028686 0.036245
54 0.244018 0.171032 0.060449 0.038210
54 0.155871 0.366980 0.058898 0.038253
53 0.909927 0.430472 0.145836 0.088025
54 0.091444 0.367060 0.059006 0.036646
54 0.179684 0.170721 0.059340 0.037383
54 0.470882 0.102823 0.059405 0.038169
54 0.534615 0.103694 0.059303 0.039373
54 0.179578 0.589045 0.059576 0.037462
53 0.820673 0.231907 0.146266 0.088998
53 0.477347 0.166130 0.148365 0.091096
53 0.820563 0.652033 0.144482 0.086748
53 0.187013 0.652714 0.151497 0.091219
52 0.879676 0.485480 0.130167 0.014235
53 0.104648 0.429660 0.163922 0.091550
53 0.184522 0.233594 0.145918 0.087219
53 0.212063 0.231602 0.202506 0.097535
