51 0.202126 0.488761 0.029897 0.036348
54 0.916174 0.506816 0.060775 0.038259
54 0.819244 0.201073 0.059663 0.040732
54 0.851477 0.507273 0.059811 0.039154
53 0.116077 0.570420 0.205760 0.101738
54 0.883841 0.199651 0.060811 0.037430
53 0.472499 0.168610 0.146705 0.087619
54 0.467779 0.103852 0.058799 0.037666
54 0.531843 0.105120 0.059094 0.039986
53 0.913209 0.570559 0.145855 0.088008
53 0.877442 0.264665 0.149780 0.089528
53 0.528557 0.752897 0.146310 0.088144
52 0.499430 0.807232 0.136315 0.017046
53 0.147285 0.261870 0.204921 0.098217
53 0.122946 0.263873 0.155716 0.089863
