53 0.115458 0.436659 0.204457 0.101898
54 0.171452 0.598435 0.059525 0.037892
54 0.236473 0.598721 0.059827 0.038570
51 0.401828 0.643445 0.029680 0.036214
53 0.879254 0.436146 0.204714 0.096867
53 0.815669 0.237325 0.153943 0.090042
53 0.526401 0.753254 0.144253 0.089126
53 0.204794 0.663190 0.205786 0.102063
53 0.791160 0.662086 0.202077 0.096790
53 0.472188 0.171269 0.150384 0.086634
53 0.907573 0.437099 0.148840 0.091671
53 0.180644 0.239540 0.155179 0.090537
53 0.818964 0.661951 0.145942 0.092396
