54 0.826304 0.596689 0.058727 0.036664
54 0.235123 0.596861 0.059163 0.039427
54 0.145776 0.371382 0.059353 0.037470
54 0.171032 0.596427 0.058658 0.036843
54 0.914706 0.371215 0.059194 0.037390
54 0.530797 0.105077 0.058769 0.039199
54 0.234947 0.173854 0.059579 0.040589
54 0.171126 0.172832 0.058927 0.037655
54 0.081205 0.371141 0.058701 0.036904
51 0.306286 0.605432 0.028997 0.032387
54 0.825953 0.170612 0.059593 0.038934
54 0.849766 0.372780 0.060278 0.040090
54 0.760496 0.597406 0.059815 0.039643
54 0.760522 0.171522 0.061438 0.040747
54 0.465290 0.104285 0.059479 0.037463
53 0.467639 0.168732 0.144228 0.088032
53 0.175397 0.236385 0.148077 0.087970
53 0.822056 0.660771 0.144472 0.089044
53 0.821312 0.235149 0.145446 0.091245
53 0.174992 0.659982 0.146006 0.089852
53 0.527472 0.753241 0.145156 0.087881
52 0.786551 0.292951 0.129926 0.014887
53 0.113282 0.434684 0.202886 0.099458
53 0.911097 0.435521 0.148197 0.088890
53 0.203482 0.658729 0.203686 0.096404
