54 0.823648 0.595375 0.060247 0.037732
54 0.913565 0.370668 0.060143 0.037840
54 0.848768 0.371865 0.060440 0.040406
54 0.146870 0.370867 0.058853 0.037279
54 0.759313 0.171803 0.060997 0.039488
54 0.236406 0.172960 0.060109 0.039038
54 0.823821 0.170703 0.060105 0.038574
54 0.530629 0.104813 0.058864 0.038647
54 0.466286 0.104091 0.058110 0.037000
51 0.683073 0.595035 0.028897 0.032077
54 0.235882 0.596151 0.059406 0.038229
54 0.171535 0.172803 0.059560 0.037537
53 0.526324 0.750519 0.144164 0.087786
54 0.171622 0.595168 0.060697 0.037187
54 0.081672 0.370772 0.060102 0.037619
53 0.471593 0.168440 0.149423 0.089642
54 0.759064 0.596039 0.061198 0.038460
53 0.176428 0.659612 0.147842 0.088564
53 0.819093 0.235263 0.146232 0.087810
53 0.204599 0.235432 0.203755 0.098996
52 0.085702 0.491683 0.082906 0.015781
53 0.819728 0.659710 0.144419 0.090601
53 0.115957 0.434895 0.203727 0.102017
53 0.908452 0.434692 0.149002 0.088211
53 0.175355 0.236567 0.144856 0.089904
53 0.790284 0.657580 0.205510 0.100980
53 0.088799 0.434715 0.152536 0.089298
