51 0.761583 0.334681 0.029237 0.036128
54 0.833207 0.601038 0.059171 0.038805
54 0.767731 0.601455 0.060696 0.040311
54 0.832610 0.172109 0.059578 0.038638
54 0.767785 0.172459 0.061589 0.039533
53 0.208530 0.664336 0.204977 0.103470
54 0.858437 0.374350 0.060732 0.041105
54 0.922687 0.373431 0.059780 0.039057
53 0.479289 0.169966 0.155874 0.089093
53 0.827468 0.237116 0.149473 0.089905
53 0.534105 0.756471 0.143062 0.089153
53 0.919769 0.438393 0.144829 0.088879
53 0.092399 0.438068 0.156021 0.090598
52 0.504369 0.812382 0.141024 0.014651
53 0.184821 0.237694 0.157525 0.092982
53 0.798637 0.665652 0.209230 0.103247
53 0.828943 0.665317 0.148283 0.091811
28 0.502271 0.416802 0.062512 0.121486
