51 0.749712 0.329387 0.029898 0.036388
53 0.525809 0.741489 0.144680 0.084870
54 0.756319 0.170215 0.059902 0.040159
54 0.238661 0.589844 0.059657 0.038975
54 0.465580 0.102615 0.059014 0.038436
54 0.530318 0.103355 0.058220 0.040442
54 0.908084 0.367015 0.059205 0.036207
54 0.845132 0.367509 0.059435 0.037405
54 0.238910 0.171353 0.060259 0.039634
53 0.786834 0.652210 0.201239 0.099310
54 0.819923 0.169157 0.058179 0.038032
53 0.090854 0.430282 0.146429 0.089010
54 0.174600 0.588714 0.060115 0.035537
54 0.086754 0.367180 0.060107 0.037011
54 0.175154 0.170633 0.060682 0.037881
53 0.469158 0.166621 0.142481 0.087696
54 0.150748 0.367676 0.058545 0.039563
53 0.178584 0.233696 0.144771 0.089192
53 0.902696 0.429671 0.147158 0.087003
53 0.815356 0.232845 0.144396 0.087759
53 0.178639 0.652826 0.145536 0.090953
54 0.529198 0.665634 0.058697 0.060498
