53 0.526005 0.741016 0.144315 0.084743
51 0.541733 0.269585 0.029225 0.036424
54 0.238618 0.589767 0.059711 0.038831
54 0.466347 0.102836 0.058204 0.038048
54 0.908047 0.366964 0.059148 0.036055
54 0.530364 0.103296 0.058093 0.040438
54 0.239263 0.170856 0.059363 0.040045
54 0.174700 0.588572 0.060247 0.035078
54 0.756524 0.169788 0.059355 0.039075
54 0.845168 0.367446 0.059367 0.037324
54 0.819959 0.169202 0.058207 0.038123
53 0.090706 0.430419 0.146175 0.089296
54 0.086746 0.367170 0.060082 0.036973
54 0.175149 0.170169 0.060452 0.038131
54 0.150751 0.367679 0.058533 0.039569
53 0.469286 0.167087 0.142853 0.088789
53 0.901753 0.429090 0.148992 0.086486
53 0.816512 0.233141 0.141969 0.088033
53 0.811446 0.651754 0.152590 0.087639
53 0.178586 0.233946 0.144830 0.089053
53 0.786547 0.231428 0.203060 0.096975
53 0.179726 0.651849 0.147526 0.089329
