54 0.823653 0.595195 0.060042 0.037678
54 0.913498 0.370592 0.060134 0.037450
51 0.753052 0.332555 0.029801 0.034927
54 0.531005 0.104815 0.059194 0.038067
54 0.465891 0.104218 0.058691 0.036531
53 0.525671 0.751541 0.146217 0.087384
54 0.758893 0.596092 0.060995 0.038519
54 0.759733 0.171640 0.060325 0.039671
54 0.823953 0.170700 0.059915 0.038617
54 0.146902 0.371014 0.059209 0.037910
54 0.848622 0.370958 0.060232 0.038401
54 0.081504 0.370584 0.060325 0.036921
54 0.236329 0.173267 0.060015 0.039383
54 0.171547 0.172797 0.060881 0.037556
53 0.176538 0.236329 0.148880 0.089312
53 0.818435 0.658987 0.147348 0.088916
53 0.820890 0.235231 0.141951 0.087534
53 0.469014 0.168021 0.146614 0.090985
52 0.489939 0.804520 0.122020 0.014502
53 0.086690 0.434579 0.148122 0.090816
53 0.498903 0.166648 0.205979 0.095584
53 0.904569 0.433931 0.156401 0.091267
