53 0.881265 0.430206 0.201143 0.099554
54 0.761497 0.589808 0.059983 0.039128
53 0.531784 0.741002 0.144271 0.084913
53 0.124285 0.429499 0.201316 0.098697
54 0.825338 0.588280 0.059086 0.035912
53 0.504186 0.167330 0.200768 0.099622
51 0.408039 0.633077 0.029130 0.035199
53 0.212792 0.652012 0.202190 0.101555
53 0.187002 0.233234 0.148981 0.087208
53 0.792348 0.232408 0.202763 0.099945
53 0.820552 0.652384 0.146147 0.089308
54 0.535424 0.664865 0.059586 0.060982
53 0.820945 0.232634 0.145145 0.091072
