51 0.802790 0.506357 0.028507 0.033614
54 0.155503 0.368259 0.057837 0.039028
54 0.917268 0.367464 0.057524 0.037983
54 0.763394 0.591997 0.060634 0.039474
53 0.532815 0.745400 0.144468 0.089721
54 0.853359 0.369557 0.056868 0.041290
54 0.091064 0.367610 0.057761 0.037256
54 0.828192 0.591010 0.057020 0.037043
54 0.763890 0.170653 0.059331 0.039019
53 0.823644 0.233539 0.144283 0.090809
54 0.828331 0.169690 0.057388 0.037011
53 0.474719 0.165500 0.146958 0.088106
53 0.211649 0.233852 0.203298 0.097092
53 0.914387 0.430847 0.143996 0.088707
53 0.184705 0.653905 0.147780 0.090570
53 0.822694 0.655123 0.146616 0.090188
53 0.118925 0.431153 0.194592 0.091259
53 0.795945 0.653540 0.202643 0.098268
53 0.093140 0.431223 0.142087 0.086783
54 0.535596 0.667519 0.060184 0.061374
