54 0.913034 0.370192 0.060318 0.037495
54 0.758746 0.171587 0.060926 0.039733
53 0.526011 0.749997 0.144770 0.088782
54 0.848327 0.371520 0.060187 0.040099
54 0.236224 0.172892 0.060067 0.039214
54 0.466033 0.104028 0.058242 0.036937
54 0.823136 0.170556 0.060024 0.038510
54 0.530580 0.104703 0.058834 0.038576
54 0.146869 0.370956 0.059394 0.038815
51 0.273579 0.324355 0.030065 0.036096
54 0.171546 0.172692 0.059447 0.037609
54 0.081365 0.370243 0.060186 0.036779
53 0.179217 0.659188 0.153021 0.090863
53 0.819005 0.235148 0.145972 0.087817
53 0.469847 0.168633 0.147244 0.090694
53 0.086723 0.434198 0.148580 0.090008
53 0.204662 0.235540 0.204164 0.099758
53 0.908618 0.434361 0.147008 0.088783
53 0.174828 0.236431 0.144011 0.090058
52 0.115545 0.490582 0.142055 0.017708
