51 0.210408 0.370343 0.027389 0.034152
54 0.826185 0.596600 0.058939 0.036711
54 0.235230 0.596786 0.059465 0.039211
54 0.171210 0.596427 0.058390 0.036513
54 0.760534 0.597162 0.059998 0.039346
53 0.176712 0.235757 0.152631 0.089612
53 0.114286 0.434693 0.204306 0.100577
53 0.821590 0.235175 0.144793 0.088016
53 0.174000 0.660126 0.143872 0.088986
53 0.910286 0.434929 0.149793 0.087930
53 0.821947 0.660739 0.144724 0.088720
53 0.498589 0.166683 0.204332 0.095459
53 0.528162 0.751861 0.146407 0.087717
53 0.202548 0.658977 0.207450 0.096351
52 0.204474 0.716510 0.145187 0.015080
53 0.467931 0.168355 0.145420 0.086892
28 0.361380 0.416036 0.061126 0.119942
