54 0.234837 0.592001 0.059982 0.040619
54 0.145127 0.368250 0.058321 0.038887
54 0.843698 0.368750 0.057014 0.039897
54 0.171000 0.591365 0.058598 0.036752
53 0.523847 0.744674 0.147361 0.087703
54 0.462519 0.103783 0.060104 0.036482
54 0.906906 0.367539 0.058313 0.037870
54 0.170273 0.171715 0.059780 0.036385
54 0.526366 0.104303 0.059136 0.038079
54 0.081188 0.367568 0.058373 0.037600
54 0.234475 0.172937 0.058820 0.037363
54 0.818344 0.169408 0.058081 0.036738
51 0.538925 0.272336 0.029257 0.034670
53 0.902178 0.431392 0.146667 0.088030
54 0.754719 0.171103 0.059091 0.038516
53 0.173684 0.654076 0.144271 0.089540
53 0.173198 0.234738 0.145112 0.088085
53 0.465807 0.166536 0.145838 0.086015
53 0.085231 0.431354 0.144537 0.087419
53 0.815146 0.654130 0.143515 0.090461
53 0.811601 0.233921 0.149899 0.090608
53 0.786192 0.653580 0.202199 0.094461
54 0.866069 0.822517 0.075895 0.039771
52 0.494660 0.801301 0.136406 0.014435
54 0.950820 0.822966 0.074921 0.040060
54 0.697786 0.823191 0.074986 0.039420
54 0.462801 0.669385 0.059691 0.063287
