53 0.882351 0.434788 0.204363 0.098830
54 0.762043 0.171709 0.063008 0.040363
54 0.827435 0.170991 0.059583 0.039773
54 0.236488 0.172824 0.060674 0.039889
54 0.147088 0.372242 0.060215 0.039912
54 0.171653 0.172744 0.059862 0.038429
54 0.236280 0.598067 0.060088 0.040781
51 0.211202 0.370507 0.028247 0.037814
54 0.467772 0.103835 0.058894 0.037647
54 0.082394 0.371922 0.060415 0.037882
53 0.528005 0.753214 0.146843 0.086600
54 0.171728 0.596539 0.060624 0.037986
54 0.532019 0.105117 0.059453 0.040266
53 0.178695 0.661880 0.151641 0.088852
53 0.821537 0.235809 0.146431 0.089247
53 0.820024 0.660682 0.149534 0.090014
53 0.205193 0.236556 0.204804 0.099004
53 0.472456 0.168885 0.147598 0.087930
53 0.086492 0.436646 0.145989 0.088636
52 0.499598 0.806862 0.139881 0.015868
53 0.174774 0.237240 0.143233 0.089626
