54 0.242841 0.587746 0.059782 0.039025
51 0.311897 0.595751 0.028439 0.034671
53 0.530548 0.739263 0.140585 0.084832
54 0.845412 0.366840 0.059420 0.037251
54 0.756822 0.587727 0.059495 0.038922
54 0.757299 0.170781 0.059526 0.039547
54 0.908953 0.366398 0.059505 0.036305
54 0.821643 0.586357 0.059993 0.037433
54 0.821643 0.169530 0.059107 0.038396
54 0.243224 0.171194 0.059714 0.039458
54 0.155986 0.366839 0.059062 0.039234
54 0.468718 0.104350 0.058128 0.036493
54 0.179870 0.170783 0.058071 0.038106
54 0.092324 0.366387 0.059056 0.035984
54 0.532893 0.105461 0.059031 0.038612
53 0.097994 0.428207 0.147485 0.088193
53 0.474039 0.166789 0.145108 0.087590
53 0.816596 0.233236 0.142671 0.086199
54 0.179081 0.586364 0.059502 0.037288
53 0.211921 0.233602 0.201477 0.097080
53 0.187155 0.650821 0.149993 0.088719
53 0.817328 0.650468 0.142249 0.088376
53 0.876626 0.427708 0.201642 0.100384
53 0.183317 0.234425 0.142609 0.089799
