54 0.823101 0.595203 0.060068 0.037822
54 0.758753 0.171655 0.061008 0.039639
53 0.525578 0.750555 0.144908 0.086829
54 0.823146 0.170584 0.060048 0.038633
54 0.236217 0.172914 0.060099 0.039207
54 0.235820 0.595877 0.059794 0.037522
54 0.530494 0.104672 0.059091 0.038491
54 0.465987 0.104053 0.058304 0.036944
54 0.146856 0.370912 0.059597 0.038859
54 0.081367 0.370385 0.060314 0.037196
54 0.171531 0.172718 0.059482 0.037630
54 0.758528 0.595581 0.059448 0.038071
51 0.273599 0.324393 0.029991 0.036098
53 0.905236 0.434108 0.151496 0.089819
54 0.171631 0.594573 0.060981 0.037120
53 0.471489 0.168225 0.149953 0.089776
53 0.176707 0.658833 0.148849 0.089629
53 0.818544 0.234794 0.146554 0.087636
53 0.818260 0.657875 0.146915 0.087690
53 0.204615 0.235550 0.204223 0.099627
53 0.174915 0.236238 0.144045 0.089905
53 0.086591 0.434440 0.147558 0.088857
