51 0.277562 0.327628 0.030553 0.037760
54 0.833291 0.601010 0.058960 0.038263
54 0.767568 0.172606 0.061506 0.039844
54 0.767390 0.601744 0.060569 0.040096
54 0.471376 0.104055 0.060353 0.037942
54 0.239997 0.174061 0.059608 0.040199
54 0.832742 0.172098 0.059599 0.038286
54 0.175033 0.173491 0.061465 0.038016
54 0.149353 0.373484 0.060740 0.038239
54 0.083508 0.373635 0.061260 0.039077
53 0.827966 0.665634 0.149304 0.087913
54 0.536445 0.105309 0.061420 0.040478
54 0.174367 0.601007 0.061340 0.037936
53 0.473950 0.169344 0.146005 0.088325
54 0.239623 0.601466 0.060543 0.040093
53 0.179794 0.665880 0.151591 0.090473
53 0.915973 0.437962 0.149370 0.088938
53 0.828124 0.236541 0.149685 0.088879
53 0.532825 0.756263 0.146456 0.088692
52 0.109002 0.495753 0.135269 0.015606
53 0.178027 0.238493 0.148071 0.090998
53 0.119257 0.438712 0.206819 0.102393
53 0.206881 0.236901 0.207991 0.102053
