53 0.525587 0.740903 0.145217 0.084847
54 0.756325 0.170240 0.059924 0.040183
54 0.819812 0.588400 0.059263 0.037123
54 0.756269 0.589646 0.058846 0.038912
54 0.238593 0.589813 0.059656 0.039036
54 0.530297 0.103450 0.058024 0.040352
54 0.466312 0.102876 0.058200 0.037988
51 0.403213 0.633416 0.029042 0.035316
54 0.908081 0.367002 0.059145 0.036141
54 0.845134 0.367509 0.059482 0.037402
54 0.819917 0.169170 0.058212 0.038029
53 0.090435 0.430072 0.145608 0.088159
54 0.174556 0.588867 0.060087 0.035736
53 0.181424 0.233755 0.147907 0.088611
54 0.086748 0.367208 0.060117 0.037053
54 0.150713 0.367711 0.058684 0.039575
53 0.901836 0.430253 0.148929 0.088794
53 0.815220 0.232757 0.144677 0.087727
53 0.468939 0.166004 0.144324 0.089420
54 0.529301 0.664935 0.058900 0.058614
53 0.786038 0.651129 0.204365 0.098301
53 0.815739 0.652822 0.144157 0.089129
53 0.207830 0.652070 0.203830 0.101973
53 0.179586 0.652706 0.146892 0.090537
