54 0.761484 0.590027 0.060064 0.039669
53 0.532075 0.741134 0.144108 0.084941
54 0.913803 0.366990 0.059161 0.037084
54 0.243800 0.590140 0.059549 0.040379
54 0.761653 0.169915 0.060108 0.039908
54 0.825238 0.588542 0.059861 0.037130
54 0.850100 0.367357 0.060133 0.037327
54 0.825407 0.169103 0.059239 0.037761
54 0.156127 0.366924 0.058869 0.037831
54 0.179460 0.589156 0.059579 0.037565
54 0.092126 0.366692 0.058626 0.036485
51 0.685697 0.590942 0.028022 0.035500
54 0.244055 0.171007 0.060361 0.038176
54 0.179658 0.170725 0.059263 0.037385
54 0.470878 0.102830 0.059387 0.038191
53 0.819940 0.231710 0.147516 0.088732
53 0.477325 0.165947 0.148340 0.090800
54 0.534636 0.103676 0.059388 0.039478
53 0.819655 0.652951 0.147153 0.087981
53 0.123781 0.431368 0.203743 0.096954
53 0.211670 0.233179 0.203189 0.098184
53 0.186821 0.652752 0.151116 0.090878
52 0.125617 0.485889 0.141358 0.015988
53 0.881258 0.429694 0.202322 0.100374
53 0.182574 0.234308 0.141598 0.089313
53 0.096565 0.430147 0.148557 0.089138
53 0.912818 0.429238 0.139259 0.089719
