54 0.827095 0.596056 0.059134 0.038063
51 0.274339 0.325633 0.031150 0.036949
53 0.205953 0.237847 0.203567 0.100998
54 0.761585 0.596975 0.061899 0.039375
53 0.820437 0.660297 0.148410 0.088856
53 0.116387 0.432670 0.206256 0.102249
53 0.881114 0.434788 0.206730 0.100091
53 0.528813 0.752577 0.144679 0.086617
54 0.467516 0.103847 0.059055 0.037663
54 0.531203 0.105155 0.059373 0.040113
53 0.819655 0.235079 0.150095 0.089989
53 0.471658 0.168173 0.147151 0.088784
53 0.182333 0.661416 0.157630 0.091769
