54 0.823025 0.595037 0.060149 0.037852
54 0.913078 0.370118 0.060229 0.037472
51 0.305760 0.602353 0.028666 0.033497
54 0.236146 0.595353 0.060019 0.038736
54 0.758874 0.171564 0.060825 0.039132
54 0.530781 0.105413 0.059356 0.039970
54 0.147004 0.370552 0.059643 0.038118
54 0.848251 0.371261 0.060151 0.039515
54 0.465955 0.104093 0.058136 0.036971
54 0.823208 0.170622 0.060078 0.038783
54 0.758443 0.596065 0.060485 0.037902
54 0.081327 0.370377 0.060182 0.037213
54 0.171632 0.172749 0.059441 0.037643
53 0.526147 0.750316 0.144495 0.087413
54 0.171435 0.594839 0.059456 0.037295
53 0.818287 0.658874 0.145651 0.088672
53 0.176085 0.236415 0.147551 0.089237
54 0.235940 0.173402 0.059776 0.038255
53 0.204802 0.659308 0.204587 0.100058
53 0.470310 0.167039 0.148810 0.088763
53 0.115052 0.433404 0.203818 0.098467
53 0.909650 0.434336 0.144884 0.088207
53 0.818860 0.235157 0.145507 0.088007
53 0.793889 0.232959 0.196114 0.095419
53 0.177908 0.658717 0.150079 0.091547
