51 0.797738 0.510367 0.028409 0.035750
53 0.498956 0.170879 0.202933 0.098464
54 0.236396 0.176906 0.059871 0.041173
54 0.171997 0.175301 0.058626 0.037691
53 0.176531 0.240236 0.148636 0.088358
53 0.789971 0.237870 0.203999 0.100164
53 0.089653 0.436884 0.153034 0.089039
53 0.527014 0.753582 0.143958 0.087990
53 0.816442 0.661892 0.149763 0.088753
53 0.903723 0.436654 0.156165 0.089885
53 0.184069 0.661897 0.159610 0.095061
52 0.497117 0.808495 0.132930 0.015748
53 0.822985 0.237546 0.139073 0.090674
51 0.789768 0.403153 0.028119 0.040188
23 0.497784 0.416573 0.060881 0.118985
