54 0.826371 0.596686 0.058533 0.036735
54 0.171190 0.596435 0.058374 0.036592
54 0.914700 0.371167 0.059224 0.037405
54 0.826010 0.170758 0.059631 0.039269
53 0.114793 0.433122 0.204103 0.097760
53 0.176238 0.236888 0.151132 0.091627
54 0.760508 0.171595 0.061633 0.040796
54 0.760573 0.597385 0.060148 0.039633
54 0.849824 0.372715 0.060152 0.040040
51 0.684113 0.596492 0.028084 0.031259
54 0.235297 0.597107 0.059518 0.039062
53 0.821523 0.235384 0.144733 0.090207
53 0.174893 0.660281 0.145601 0.090166
53 0.822194 0.660882 0.144841 0.088729
53 0.527278 0.753341 0.144733 0.087405
53 0.911329 0.435748 0.147405 0.088929
53 0.203314 0.658428 0.203217 0.096963
53 0.467659 0.169401 0.144244 0.089433
53 0.499895 0.167978 0.209123 0.097333
