51 0.281724 0.321256 0.028933 0.036738
54 0.243850 0.589741 0.059099 0.039135
54 0.761664 0.169947 0.060086 0.039865
53 0.531581 0.740929 0.144868 0.084490
54 0.825403 0.169066 0.059264 0.037713
53 0.906859 0.430392 0.148724 0.086747
54 0.244044 0.171021 0.060392 0.038154
54 0.470862 0.102793 0.059392 0.038136
54 0.534607 0.103655 0.059301 0.039300
54 0.179246 0.588503 0.059244 0.036178
54 0.179700 0.170718 0.059347 0.037377
53 0.477402 0.165916 0.148428 0.090732
53 0.820771 0.232507 0.144747 0.088500
53 0.819243 0.652691 0.146937 0.088752
53 0.183522 0.233660 0.143990 0.087835
53 0.184014 0.652147 0.145742 0.089639
53 0.211520 0.232953 0.203042 0.099452
54 0.534657 0.664552 0.059157 0.059589
