51 0.217200 0.361845 0.028444 0.035529
54 0.819181 0.200522 0.059981 0.039376
54 0.147091 0.506929 0.060145 0.039443
54 0.113999 0.199858 0.060469 0.037255
54 0.467778 0.103889 0.058873 0.037666
54 0.883882 0.199623 0.060863 0.037458
54 0.532082 0.105691 0.059624 0.041174
54 0.082151 0.506814 0.060474 0.038289
53 0.909807 0.570635 0.150099 0.088055
54 0.179421 0.201620 0.060113 0.040164
53 0.471914 0.168604 0.146407 0.088547
53 0.528596 0.753039 0.146877 0.087039
53 0.120717 0.264183 0.152391 0.089749
53 0.115072 0.571245 0.204842 0.099773
53 0.878636 0.264488 0.147081 0.089861
52 0.499551 0.806965 0.137215 0.016405
53 0.090969 0.571045 0.155585 0.091097
53 0.850428 0.262324 0.206334 0.099419
