53 0.878991 0.433135 0.205674 0.096154
54 0.531046 0.104759 0.058858 0.038029
54 0.236527 0.595770 0.060116 0.038429
54 0.465885 0.104250 0.058715 0.036594
53 0.526259 0.751107 0.145247 0.084949
51 0.210488 0.368977 0.028025 0.035010
54 0.147030 0.371104 0.059410 0.038622
54 0.236345 0.173496 0.059930 0.038117
54 0.171506 0.595236 0.059368 0.037440
54 0.081355 0.370788 0.060174 0.037375
54 0.171576 0.172700 0.061126 0.037379
53 0.176392 0.236302 0.148717 0.090876
53 0.816757 0.659046 0.148342 0.089782
53 0.819253 0.234699 0.146697 0.090058
53 0.173642 0.659256 0.140931 0.090723
53 0.467319 0.168179 0.143256 0.090717
53 0.205614 0.659022 0.204318 0.100365
52 0.500169 0.804164 0.137329 0.013345
53 0.499061 0.166102 0.205598 0.097307
53 0.113158 0.434433 0.201751 0.096450
