54 0.531057 0.104663 0.058935 0.038680
54 0.913155 0.370070 0.060028 0.037103
54 0.236423 0.595376 0.060398 0.038564
54 0.466129 0.104068 0.058181 0.036913
53 0.526204 0.750042 0.144062 0.086063
54 0.848291 0.371205 0.060006 0.039138
54 0.146985 0.370861 0.059980 0.038727
52 0.852253 0.491451 0.083335 0.015011
54 0.081356 0.370443 0.060433 0.037365
54 0.171448 0.594898 0.059514 0.037305
53 0.178211 0.236303 0.150214 0.088013
53 0.816964 0.658631 0.147919 0.089026
53 0.910374 0.434327 0.144243 0.088576
53 0.204894 0.659074 0.204025 0.100903
53 0.470328 0.167755 0.148559 0.089487
53 0.089475 0.434852 0.152635 0.088434
53 0.816505 0.234522 0.150912 0.090879
53 0.177150 0.658698 0.148452 0.091142
53 0.789672 0.231335 0.205390 0.101852
53 0.573123 0.165267 0.055632 0.085059
