51 0.800037 0.508533 0.029431 0.035053
54 0.236348 0.172703 0.060490 0.039925
54 0.171558 0.172557 0.059788 0.038634
53 0.527596 0.752534 0.146306 0.087371
53 0.205365 0.236545 0.204745 0.099451
53 0.881541 0.435299 0.206011 0.099869
53 0.819971 0.660370 0.149232 0.089172
53 0.819913 0.234933 0.149549 0.090053
52 0.488140 0.806683 0.114305 0.016265
53 0.180798 0.661087 0.154534 0.091219
53 0.091257 0.434928 0.155119 0.092973
53 0.116791 0.434594 0.207114 0.100102
53 0.174464 0.237080 0.142494 0.089436
