53 0.788996 0.659477 0.202330 0.100673
53 0.205099 0.236436 0.202176 0.100888
54 0.823142 0.170509 0.059977 0.038348
54 0.758681 0.171711 0.060686 0.039606
54 0.530540 0.104734 0.058994 0.038611
53 0.905961 0.433836 0.150061 0.089373
53 0.525963 0.748123 0.145830 0.089161
54 0.466003 0.104058 0.058282 0.036943
53 0.471604 0.167678 0.149523 0.088319
51 0.796962 0.507710 0.029339 0.035898
53 0.818802 0.233958 0.146658 0.087521
53 0.183925 0.659090 0.161593 0.093825
52 0.790695 0.290358 0.142104 0.016188
53 0.115141 0.432509 0.202725 0.096259
