54 0.823620 0.595219 0.060097 0.037627
54 0.913496 0.370580 0.060264 0.037511
54 0.147097 0.371065 0.059367 0.038549
53 0.525984 0.750599 0.144708 0.085055
54 0.081580 0.370433 0.059720 0.037751
54 0.823917 0.170615 0.059841 0.038429
54 0.759546 0.171585 0.060514 0.039888
54 0.848676 0.371080 0.060366 0.038552
54 0.236263 0.596081 0.060045 0.038106
54 0.171649 0.595176 0.060788 0.037186
54 0.758952 0.596048 0.060978 0.038619
54 0.236314 0.173448 0.060032 0.038010
51 0.402267 0.639632 0.029190 0.036481
54 0.171721 0.172637 0.059436 0.037694
53 0.818260 0.659382 0.146891 0.089169
53 0.823386 0.235373 0.137351 0.086518
53 0.499474 0.166857 0.204919 0.098161
53 0.176640 0.235096 0.149965 0.087232
53 0.176918 0.659754 0.148984 0.089554
52 0.791572 0.290298 0.141787 0.016515
53 0.911874 0.434692 0.141476 0.088386
53 0.113804 0.432901 0.201941 0.095058
53 0.879727 0.431976 0.205954 0.097968
53 0.469961 0.167686 0.148545 0.091961
