53 0.880837 0.430241 0.200937 0.099394
53 0.531799 0.741434 0.145000 0.084065
51 0.407996 0.633387 0.028978 0.035200
54 0.156172 0.366966 0.058748 0.037900
54 0.092097 0.366721 0.058630 0.036566
53 0.477643 0.165626 0.149990 0.090952
53 0.188650 0.233485 0.153061 0.088232
53 0.818385 0.652902 0.149020 0.088068
53 0.124625 0.431495 0.201967 0.099521
53 0.212923 0.652749 0.202622 0.099067
53 0.820162 0.232000 0.146832 0.090634
53 0.792304 0.230599 0.203559 0.101792
52 0.124117 0.485631 0.138148 0.015992
53 0.095939 0.430075 0.147291 0.089049
54 0.535558 0.665495 0.059509 0.060439
