51 0.202082 0.488220 0.029886 0.036647
54 0.146864 0.506414 0.060041 0.039681
54 0.915783 0.506241 0.060743 0.038346
54 0.850957 0.506964 0.060609 0.039373
54 0.113921 0.199739 0.060425 0.037366
54 0.531734 0.104554 0.059111 0.039119
54 0.467366 0.103945 0.059295 0.037901
54 0.082121 0.506324 0.060486 0.038474
54 0.179270 0.201465 0.060375 0.040297
53 0.528254 0.752642 0.146717 0.086857
53 0.911890 0.570311 0.147822 0.089029
53 0.088482 0.570283 0.150470 0.088080
53 0.876716 0.263929 0.150779 0.090552
53 0.120598 0.263826 0.152085 0.089751
53 0.470283 0.168305 0.144561 0.090079
53 0.501168 0.167807 0.201888 0.099983
52 0.498373 0.806501 0.135031 0.016784
