54 0.824216 0.173838 0.059802 0.037939
54 0.530542 0.107880 0.059829 0.040174
54 0.465571 0.107535 0.059467 0.038504
54 0.236407 0.176968 0.059901 0.041289
54 0.759524 0.174776 0.061407 0.039052
51 0.541807 0.276074 0.029369 0.036670
54 0.172018 0.175314 0.058667 0.037696
54 0.236558 0.599181 0.060057 0.039825
53 0.178156 0.662814 0.151622 0.089248
54 0.171615 0.598068 0.059848 0.037217
54 0.081458 0.373619 0.060589 0.038328
54 0.913640 0.373702 0.059898 0.038466
53 0.176297 0.240061 0.148446 0.088060
53 0.526553 0.753350 0.144575 0.088683
54 0.848607 0.374574 0.059621 0.039624
54 0.146964 0.374578 0.060238 0.039463
53 0.816077 0.662130 0.149930 0.089124
52 0.498634 0.807664 0.135980 0.015611
53 0.087440 0.438010 0.149248 0.088247
53 0.819430 0.238175 0.145256 0.087834
51 0.790452 0.402518 0.028363 0.037307
53 0.469913 0.171010 0.146785 0.089243
53 0.909128 0.437848 0.147987 0.088403
