54 0.240187 0.600906 0.060959 0.039144
51 0.690390 0.601484 0.028851 0.036393
54 0.083372 0.373649 0.061460 0.039111
54 0.149304 0.373455 0.060992 0.039298
54 0.174404 0.601078 0.061527 0.038032
53 0.116753 0.438166 0.205604 0.100348
53 0.917047 0.437788 0.147994 0.089735
53 0.479226 0.170005 0.155545 0.088662
53 0.828594 0.665188 0.147981 0.089928
53 0.182024 0.238608 0.152361 0.090365
53 0.798385 0.236630 0.208273 0.102030
53 0.206927 0.664917 0.208394 0.102991
53 0.534794 0.757517 0.142474 0.089019
52 0.503546 0.812680 0.142555 0.015390
53 0.830344 0.236339 0.144554 0.093582
53 0.176338 0.665303 0.144418 0.090303
