51 0.307536 0.596725 0.029349 0.033433
53 0.785879 0.652349 0.200682 0.099629
54 0.237605 0.589632 0.060245 0.039003
54 0.529179 0.103132 0.058016 0.040510
54 0.238043 0.170737 0.059645 0.039679
54 0.465292 0.102875 0.057828 0.038077
54 0.173477 0.589040 0.059629 0.036819
54 0.173933 0.170183 0.060110 0.038327
53 0.470730 0.167176 0.147923 0.087889
53 0.524524 0.741190 0.146357 0.085659
53 0.892019 0.429521 0.166283 0.089213
53 0.811194 0.232191 0.150766 0.089426
52 0.205572 0.290642 0.140825 0.016858
53 0.176682 0.233796 0.143496 0.088479
53 0.206453 0.652512 0.201521 0.100721
53 0.094421 0.429389 0.155044 0.089003
53 0.118847 0.428145 0.203041 0.099912
53 0.177890 0.652489 0.144879 0.089886
