53 0.880804 0.433687 0.204348 0.099264
53 0.116448 0.432957 0.204585 0.100111
53 0.791504 0.661015 0.203419 0.103013
54 0.237424 0.173222 0.060570 0.039296
54 0.237082 0.596280 0.060552 0.039725
54 0.171939 0.172985 0.060093 0.037658
53 0.176284 0.236751 0.147084 0.089184
54 0.171638 0.595568 0.060192 0.037918
53 0.527831 0.749566 0.146808 0.089609
53 0.177483 0.659550 0.148193 0.092001
53 0.818358 0.234485 0.151303 0.089714
53 0.474640 0.167726 0.154891 0.089090
51 0.274575 0.325308 0.030616 0.035802
52 0.192638 0.715126 0.116451 0.015138
