53 0.880813 0.430391 0.201156 0.099102
54 0.243954 0.589900 0.059455 0.039703
53 0.532037 0.740593 0.143728 0.085533
53 0.124527 0.429403 0.201452 0.098438
53 0.212730 0.233269 0.201377 0.100289
54 0.179198 0.588582 0.059481 0.036596
51 0.685688 0.590794 0.028281 0.035876
53 0.819147 0.232571 0.148467 0.088869
53 0.477668 0.165779 0.150020 0.091142
53 0.818362 0.652282 0.147239 0.087622
54 0.535245 0.664474 0.060111 0.060092
53 0.184981 0.652058 0.147372 0.089259
52 0.212538 0.707314 0.145251 0.015932
28 0.501714 0.409929 0.061043 0.118909
23 0.501438 0.409485 0.060661 0.118055
