53 0.534491 0.741395 0.143826 0.085280
54 0.246934 0.170659 0.059557 0.039681
54 0.182671 0.170580 0.059779 0.037129
53 0.217218 0.650521 0.203434 0.103389
53 0.905584 0.430015 0.158269 0.088323
53 0.795008 0.232465 0.203560 0.100031
53 0.820598 0.652244 0.150273 0.088412
53 0.102274 0.429900 0.151801 0.087598
53 0.823676 0.232416 0.145501 0.090710
51 0.317112 0.593348 0.027972 0.027698
52 0.212608 0.291013 0.144577 0.017853
53 0.506725 0.166434 0.202236 0.092435
53 0.185775 0.234773 0.142975 0.088765
