54 0.761466 0.589997 0.060091 0.039656
54 0.850350 0.367841 0.059629 0.038095
54 0.913834 0.367009 0.059137 0.037045
53 0.531935 0.740840 0.144114 0.084900
54 0.243785 0.590069 0.059619 0.040149
54 0.825220 0.588540 0.059933 0.037193
54 0.761663 0.169926 0.060119 0.039872
54 0.155940 0.367067 0.058748 0.038459
54 0.825390 0.169099 0.059258 0.037744
53 0.909269 0.430046 0.145778 0.087660
51 0.408062 0.633030 0.029175 0.035309
54 0.179584 0.589107 0.059766 0.037501
54 0.092013 0.366892 0.059008 0.036958
54 0.244057 0.171126 0.060280 0.038387
54 0.470871 0.102849 0.059372 0.038201
54 0.179935 0.170129 0.058925 0.038378
53 0.477475 0.166206 0.148567 0.091278
53 0.819980 0.231743 0.147228 0.088530
54 0.534633 0.103680 0.059404 0.039468
53 0.819703 0.652906 0.146625 0.087614
53 0.187218 0.652926 0.152004 0.090512
53 0.101295 0.429730 0.157237 0.091120
53 0.212091 0.233818 0.203372 0.100104
53 0.182619 0.234926 0.142221 0.089154
54 0.534396 0.664692 0.058837 0.059670
