51 0.277553 0.328084 0.030680 0.038216
54 0.833341 0.600945 0.058931 0.038126
54 0.240221 0.600964 0.060882 0.039157
54 0.239970 0.174636 0.060073 0.041327
54 0.536348 0.104828 0.061238 0.040620
54 0.767484 0.601611 0.060314 0.040631
54 0.175073 0.173527 0.061803 0.038144
54 0.767769 0.172497 0.061487 0.039430
54 0.832565 0.172073 0.059662 0.038566
54 0.083375 0.373641 0.061479 0.039203
54 0.470975 0.104074 0.060041 0.038618
54 0.149179 0.373701 0.060737 0.039862
54 0.174391 0.601119 0.061510 0.038072
53 0.828387 0.665288 0.148603 0.089156
54 0.922689 0.373374 0.059824 0.038845
53 0.177901 0.238432 0.148241 0.088770
54 0.858361 0.374219 0.060665 0.040840
53 0.116918 0.438089 0.205648 0.100712
53 0.826508 0.236021 0.152467 0.091414
53 0.474622 0.169452 0.146120 0.088550
53 0.923932 0.439672 0.137775 0.088473
53 0.207141 0.664948 0.208363 0.102977
52 0.886712 0.495842 0.129822 0.013452
53 0.533113 0.756236 0.145977 0.089072
53 0.176298 0.665538 0.144323 0.090700
