54 0.827076 0.596057 0.059178 0.038061
54 0.916003 0.371548 0.060565 0.038814
54 0.826969 0.170905 0.059255 0.039589
54 0.761561 0.171619 0.062892 0.040288
54 0.236306 0.172653 0.060543 0.040003
54 0.851191 0.371926 0.060010 0.039628
54 0.171521 0.172565 0.059877 0.038581
54 0.761438 0.596587 0.061826 0.039085
54 0.146938 0.372007 0.060213 0.039546
54 0.467520 0.103925 0.059033 0.037896
53 0.471290 0.168268 0.145761 0.088419
54 0.171675 0.596117 0.060694 0.038049
54 0.531523 0.105022 0.060222 0.039817
54 0.082370 0.371555 0.060211 0.037671
53 0.820446 0.660551 0.148226 0.088640
53 0.820907 0.235839 0.146720 0.088666
51 0.684494 0.595893 0.029011 0.032187
54 0.235949 0.597132 0.059726 0.039572
53 0.178384 0.661299 0.151074 0.088629
53 0.528650 0.752429 0.144802 0.087244
53 0.204998 0.236220 0.204786 0.099083
52 0.096902 0.491946 0.104527 0.014938
53 0.085806 0.435882 0.146384 0.088794
53 0.175693 0.237047 0.144896 0.090279
53 0.882495 0.434141 0.207324 0.101078
53 0.914489 0.435652 0.141069 0.089240
51 0.287714 0.553052 0.027662 0.044553
