54 0.915762 0.506290 0.060821 0.038335
54 0.850857 0.506991 0.060855 0.039420
54 0.147082 0.506788 0.060456 0.039511
53 0.500519 0.168527 0.203161 0.100230
54 0.082117 0.506431 0.060403 0.038500
53 0.911460 0.570399 0.148369 0.088939
51 0.741240 0.589288 0.028693 0.035497
53 0.088017 0.570406 0.150950 0.088979
53 0.528300 0.750450 0.146983 0.090198
53 0.876718 0.264060 0.150745 0.090625
53 0.146628 0.262151 0.204039 0.097532
53 0.122697 0.263681 0.155541 0.088796
28 0.362370 0.416037 0.061118 0.118389
