54 0.833182 0.601021 0.059197 0.038321
51 0.277523 0.327816 0.030229 0.037306
54 0.240255 0.601591 0.061092 0.040933
54 0.767660 0.601489 0.060554 0.040105
54 0.240131 0.174596 0.060258 0.041684
54 0.083388 0.373558 0.061460 0.039065
54 0.175050 0.173489 0.061690 0.038135
54 0.471073 0.104032 0.060574 0.038644
54 0.536376 0.104966 0.061439 0.040703
54 0.858420 0.374309 0.060660 0.041081
54 0.922732 0.373410 0.059796 0.039103
54 0.149141 0.374646 0.060617 0.041803
54 0.174381 0.600971 0.061498 0.038176
53 0.474862 0.169401 0.146830 0.088659
53 0.178509 0.238060 0.149752 0.088491
53 0.179015 0.665995 0.149662 0.091217
53 0.088610 0.439091 0.149490 0.089284
53 0.919705 0.438386 0.145039 0.089038
53 0.533623 0.757448 0.144954 0.088859
52 0.503012 0.812656 0.144284 0.015824
53 0.798786 0.665463 0.208615 0.103375
53 0.828546 0.665513 0.148887 0.091383
