53 0.531692 0.741169 0.144641 0.084281
54 0.156016 0.367072 0.058717 0.038699
53 0.096261 0.430453 0.148691 0.088767
51 0.407934 0.633426 0.028974 0.035310
54 0.243979 0.171118 0.060181 0.038452
53 0.907069 0.429876 0.148407 0.086855
54 0.091372 0.367032 0.058971 0.036577
54 0.179739 0.170638 0.059244 0.037271
53 0.819924 0.232523 0.147276 0.088959
53 0.207768 0.233621 0.193571 0.094519
53 0.479347 0.167182 0.152632 0.088358
53 0.818042 0.651500 0.148959 0.088163
52 0.121453 0.485861 0.133367 0.015544
53 0.188298 0.652168 0.152250 0.092018
