54 0.916853 0.366886 0.058754 0.036900
54 0.853777 0.367386 0.057929 0.037460
54 0.764236 0.589911 0.060330 0.039686
53 0.534681 0.741439 0.144596 0.086155
54 0.247205 0.589724 0.059252 0.039150
54 0.828294 0.588468 0.058441 0.036373
54 0.182643 0.588925 0.059812 0.037514
54 0.474216 0.102707 0.060613 0.038369
54 0.246966 0.170756 0.059438 0.039663
53 0.128668 0.428529 0.204106 0.101307
54 0.182643 0.170588 0.059638 0.037082
54 0.537999 0.103707 0.059316 0.039938
53 0.477132 0.166735 0.142858 0.087408
51 0.688814 0.590856 0.028343 0.035329
53 0.822989 0.652761 0.146939 0.088106
53 0.216630 0.651926 0.200562 0.100678
52 0.213056 0.290537 0.145467 0.017856
53 0.185272 0.234371 0.142141 0.088684
53 0.883891 0.428650 0.203461 0.098725
53 0.915332 0.428741 0.140374 0.090538
