53 0.524631 0.748151 0.145902 0.085816
51 0.795065 0.506998 0.027888 0.034083
54 0.528335 0.103984 0.058363 0.040239
54 0.756647 0.594030 0.060034 0.039261
54 0.146276 0.369400 0.059244 0.037516
54 0.846489 0.370155 0.058363 0.039811
54 0.464450 0.103329 0.058669 0.037951
54 0.911106 0.369007 0.059548 0.037765
54 0.821611 0.592678 0.059130 0.038700
54 0.757028 0.170723 0.060113 0.039306
54 0.234926 0.172113 0.060317 0.039535
54 0.821532 0.169800 0.059364 0.038828
54 0.081183 0.369409 0.060078 0.037622
54 0.170629 0.171521 0.060359 0.039022
53 0.907154 0.433390 0.143583 0.087360
53 0.469455 0.167892 0.148773 0.091127
53 0.175914 0.235966 0.147200 0.090560
53 0.815207 0.656892 0.147590 0.089292
53 0.114093 0.433016 0.203257 0.097541
53 0.203236 0.658167 0.203365 0.099795
53 0.816283 0.233842 0.144337 0.087538
53 0.786433 0.232220 0.204825 0.096128
54 0.527923 0.669932 0.058682 0.061279
