54 0.833273 0.601099 0.059007 0.038582
54 0.240112 0.174565 0.060292 0.041676
54 0.175002 0.173479 0.061810 0.037977
54 0.536449 0.105283 0.061352 0.041384
54 0.767561 0.601725 0.060629 0.040551
54 0.083323 0.373713 0.061372 0.039226
54 0.832576 0.172122 0.059661 0.038565
54 0.767383 0.172628 0.060580 0.039707
54 0.471026 0.103930 0.060542 0.038321
51 0.406757 0.646475 0.029208 0.035762
53 0.828689 0.665517 0.147836 0.088165
54 0.149131 0.374744 0.060632 0.042042
54 0.858418 0.374354 0.060772 0.041120
53 0.178478 0.237828 0.149729 0.088115
54 0.922685 0.373405 0.059760 0.039084
53 0.087761 0.438741 0.147969 0.089694
53 0.532884 0.756135 0.146001 0.088135
53 0.476603 0.168969 0.151234 0.089560
53 0.827725 0.237127 0.148992 0.089391
53 0.919690 0.438573 0.145157 0.089046
52 0.502507 0.226906 0.140429 0.017071
54 0.535661 0.678962 0.061473 0.060790
53 0.798575 0.235592 0.208600 0.098125
