53 0.114786 0.432868 0.203556 0.097050
54 0.822975 0.595016 0.059947 0.037961
51 0.797289 0.507766 0.028746 0.035039
54 0.913099 0.370143 0.060161 0.037463
54 0.758377 0.595932 0.060512 0.038152
54 0.758865 0.171538 0.060796 0.039151
53 0.178930 0.235906 0.153332 0.089878
54 0.465983 0.104047 0.058063 0.036892
54 0.530794 0.105346 0.059267 0.039870
54 0.848278 0.371246 0.060131 0.039484
54 0.823192 0.170608 0.060060 0.038803
53 0.526412 0.749895 0.143711 0.085025
53 0.204837 0.658689 0.204941 0.102087
53 0.818208 0.658544 0.145936 0.088529
53 0.470723 0.167213 0.149342 0.089288
53 0.909706 0.433918 0.144535 0.088062
53 0.819312 0.235173 0.145113 0.088077
53 0.790238 0.232741 0.204833 0.096570
