54 0.822957 0.594966 0.060124 0.037852
53 0.525712 0.750877 0.144621 0.086353
53 0.204937 0.236544 0.202617 0.100509
54 0.146892 0.370943 0.059739 0.038863
54 0.081512 0.370197 0.060202 0.037487
51 0.402078 0.638968 0.029362 0.037202
54 0.758210 0.595404 0.059846 0.038189
53 0.905155 0.433868 0.151539 0.089834
53 0.472896 0.166926 0.152303 0.089335
53 0.086973 0.434363 0.148240 0.089732
53 0.817147 0.234485 0.149982 0.089538
53 0.180547 0.659562 0.154759 0.091592
53 0.789414 0.657946 0.204449 0.101476
53 0.820577 0.659255 0.141191 0.092565
