54 0.147160 0.506931 0.060151 0.039420
54 0.916178 0.506874 0.060870 0.038205
54 0.819160 0.200542 0.059954 0.039439
54 0.851357 0.507291 0.060091 0.039192
54 0.114022 0.199834 0.060445 0.037257
54 0.467743 0.103909 0.058898 0.037726
54 0.531983 0.105790 0.059715 0.041378
54 0.883873 0.199624 0.060827 0.037400
53 0.913093 0.570590 0.146066 0.087975
54 0.179433 0.201654 0.060086 0.040259
54 0.082146 0.506755 0.060493 0.038266
51 0.741326 0.590206 0.028684 0.035832
53 0.472841 0.168578 0.148174 0.088701
53 0.529537 0.752354 0.144575 0.089316
53 0.878602 0.264358 0.147306 0.090053
53 0.119657 0.264747 0.149837 0.091294
53 0.115521 0.571079 0.204968 0.100175
53 0.853519 0.263088 0.197202 0.096468
53 0.088489 0.571023 0.150656 0.090883
52 0.135924 0.321441 0.113958 0.014659
