53 0.524598 0.740816 0.144442 0.085280
54 0.818927 0.588469 0.059521 0.037251
54 0.755139 0.589717 0.059532 0.038792
54 0.237531 0.589658 0.060051 0.039080
54 0.843700 0.367542 0.059623 0.037377
54 0.237986 0.171216 0.060304 0.039462
54 0.149703 0.367388 0.060224 0.038800
54 0.465250 0.102906 0.057894 0.038012
54 0.529131 0.103157 0.058068 0.040412
54 0.907150 0.366854 0.058564 0.036627
53 0.901552 0.430036 0.148560 0.087697
54 0.173869 0.170289 0.060241 0.038456
54 0.173366 0.588964 0.059469 0.035954
54 0.085767 0.367028 0.060588 0.036740
53 0.469814 0.167486 0.146665 0.088758
53 0.812195 0.232824 0.148994 0.088286
53 0.091981 0.430681 0.151136 0.089631
53 0.177257 0.233772 0.143519 0.088306
53 0.206461 0.652420 0.201498 0.100969
53 0.786702 0.652226 0.203928 0.097742
52 0.876667 0.485523 0.136308 0.014193
53 0.178426 0.652545 0.146042 0.090066
54 0.528483 0.664607 0.058912 0.060622
53 0.815920 0.652569 0.141871 0.090227
28 0.528896 0.664850 0.058251 0.060722
