51 0.277522 0.328054 0.030514 0.038104
54 0.240209 0.600995 0.060828 0.039243
54 0.767769 0.172489 0.061436 0.039453
54 0.832622 0.172168 0.059690 0.038890
54 0.536350 0.104760 0.061121 0.040409
54 0.083375 0.373646 0.061492 0.039117
54 0.149218 0.373688 0.060710 0.039754
54 0.471008 0.104005 0.059840 0.038427
54 0.174395 0.601099 0.061503 0.038076
53 0.116903 0.438159 0.205528 0.100405
53 0.917067 0.437838 0.148005 0.089348
53 0.828384 0.665219 0.148408 0.090115
53 0.181831 0.238695 0.152742 0.090170
53 0.827631 0.236933 0.150554 0.089078
53 0.207003 0.665092 0.208402 0.103145
53 0.533087 0.756239 0.145963 0.089159
53 0.474548 0.169325 0.146340 0.088699
52 0.504285 0.227584 0.144834 0.018494
53 0.176479 0.665575 0.144668 0.090636
