54 0.823598 0.595153 0.060027 0.037810
54 0.913475 0.370641 0.060245 0.037473
54 0.759045 0.595937 0.060433 0.037685
54 0.146858 0.371066 0.059179 0.037963
53 0.526955 0.751319 0.144908 0.084022
54 0.081468 0.370606 0.060336 0.036976
54 0.848581 0.371012 0.060120 0.038291
53 0.177694 0.237287 0.149175 0.088856
51 0.797989 0.507597 0.029195 0.036190
53 0.818203 0.659393 0.147082 0.089454
53 0.819645 0.234588 0.145216 0.089178
53 0.499569 0.166778 0.204926 0.098405
53 0.086692 0.434298 0.147774 0.089945
52 0.496901 0.804105 0.135534 0.015006
53 0.907299 0.434082 0.150900 0.091186
53 0.470320 0.167601 0.149067 0.092154
53 0.879869 0.431809 0.205855 0.098398
