51 0.806759 0.512074 0.028420 0.035396
54 0.240279 0.600996 0.060816 0.038987
54 0.833170 0.600967 0.059240 0.038232
54 0.239968 0.174633 0.060079 0.041289
54 0.536421 0.105330 0.061417 0.041619
54 0.767536 0.601683 0.060118 0.040489
54 0.175068 0.173537 0.061802 0.038172
54 0.832586 0.172125 0.059603 0.038586
54 0.767769 0.172509 0.061586 0.039442
54 0.083377 0.373642 0.061450 0.039181
54 0.471012 0.103932 0.060522 0.038498
53 0.476160 0.169759 0.148936 0.088752
54 0.149277 0.373491 0.060987 0.039364
54 0.174376 0.601079 0.061459 0.037952
53 0.178219 0.238512 0.148658 0.088924
54 0.858386 0.374373 0.060701 0.041238
54 0.922807 0.373358 0.060193 0.039845
53 0.116861 0.438154 0.205613 0.100563
53 0.828628 0.665152 0.148226 0.088881
53 0.532943 0.756654 0.146292 0.088310
53 0.827736 0.237299 0.149242 0.089756
53 0.919830 0.438588 0.144964 0.089343
53 0.178014 0.666296 0.148685 0.091433
53 0.206883 0.666178 0.209503 0.106124
52 0.207645 0.721605 0.141083 0.015585
53 0.798797 0.235623 0.208861 0.098733
