54 0.819381 0.201213 0.059465 0.040723
51 0.217198 0.361877 0.028465 0.035572
54 0.147095 0.506943 0.060166 0.039464
54 0.113997 0.199846 0.060457 0.037289
54 0.467753 0.103868 0.058934 0.037634
54 0.883820 0.199667 0.060784 0.037503
54 0.531869 0.105085 0.059098 0.039844
54 0.179413 0.201606 0.060116 0.040166
54 0.082152 0.506806 0.060474 0.038276
53 0.471313 0.168611 0.144799 0.087746
53 0.909955 0.570546 0.150037 0.087821
53 0.879922 0.264347 0.144892 0.089110
53 0.528092 0.752904 0.147220 0.086673
53 0.120626 0.264057 0.152200 0.089963
52 0.498942 0.806682 0.135640 0.016782
53 0.115049 0.571186 0.204873 0.099748
53 0.091524 0.570940 0.156679 0.091064
