54 0.827690 0.596380 0.059517 0.037924
51 0.274600 0.325666 0.031121 0.036656
53 0.116023 0.434647 0.205038 0.101192
53 0.206265 0.237588 0.203539 0.101072
54 0.762199 0.597743 0.062046 0.039617
53 0.529138 0.753133 0.145309 0.086402
54 0.171772 0.596407 0.058998 0.037788
53 0.177847 0.661219 0.150050 0.087747
54 0.236259 0.597532 0.060212 0.039609
53 0.821188 0.660791 0.147537 0.088096
52 0.498776 0.807235 0.134895 0.017129
53 0.881839 0.434212 0.207199 0.101082
53 0.473291 0.168238 0.149878 0.089346
53 0.792346 0.233918 0.205893 0.100361
53 0.824402 0.234974 0.141375 0.091286
