54 0.761611 0.589955 0.060065 0.037734
54 0.243898 0.590101 0.059583 0.040161
51 0.546834 0.270148 0.029378 0.035252
54 0.850329 0.367806 0.059692 0.038021
54 0.913841 0.367000 0.059124 0.036986
54 0.825342 0.588448 0.059243 0.036056
54 0.761686 0.169883 0.060022 0.039872
53 0.531939 0.741137 0.143829 0.084238
54 0.825416 0.169090 0.059265 0.037763
54 0.155895 0.367006 0.058819 0.038240
54 0.244049 0.171027 0.060327 0.038195
54 0.092147 0.366747 0.058855 0.036727
53 0.909092 0.430311 0.146133 0.087989
54 0.179525 0.589111 0.059633 0.037603
54 0.470902 0.102812 0.059364 0.038155
54 0.179659 0.170728 0.059291 0.037401
54 0.534600 0.103663 0.059247 0.039353
53 0.477157 0.166722 0.148951 0.089522
53 0.819861 0.232695 0.146644 0.087881
53 0.186685 0.652713 0.150721 0.090779
53 0.820763 0.652491 0.145987 0.088672
53 0.097309 0.430022 0.149213 0.090169
53 0.211750 0.233294 0.203226 0.098854
53 0.183487 0.234529 0.143354 0.089530
53 0.123735 0.429187 0.203182 0.095569
