54 0.833292 0.601013 0.059010 0.038376
54 0.239719 0.601190 0.061067 0.039310
54 0.767466 0.601686 0.060321 0.040633
54 0.832592 0.172135 0.059590 0.038542
54 0.767351 0.172651 0.060416 0.039679
54 0.149291 0.373484 0.060993 0.039334
54 0.083362 0.373645 0.061453 0.039182
54 0.858420 0.374359 0.060870 0.041247
53 0.477498 0.169473 0.151939 0.089971
51 0.406735 0.646430 0.029075 0.035718
54 0.174373 0.601106 0.061470 0.037981
53 0.828602 0.665418 0.147704 0.088824
53 0.181858 0.238432 0.152697 0.090811
53 0.116798 0.438189 0.205551 0.100197
54 0.922788 0.373349 0.060220 0.039829
53 0.533203 0.755857 0.145595 0.089298
53 0.207156 0.664728 0.208090 0.102865
53 0.919862 0.438487 0.144477 0.088822
53 0.828296 0.236873 0.148179 0.089248
54 0.536172 0.679167 0.060504 0.061168
52 0.799805 0.294301 0.138973 0.016029
53 0.176397 0.665401 0.144591 0.090452
