54 0.833350 0.600972 0.058867 0.038075
51 0.277532 0.327818 0.030250 0.037312
54 0.240268 0.601609 0.061071 0.040930
54 0.240125 0.174601 0.060262 0.041672
54 0.832631 0.172066 0.059644 0.038580
54 0.083369 0.373600 0.061471 0.039002
54 0.175052 0.173502 0.061696 0.038136
54 0.536379 0.104976 0.061452 0.040724
54 0.767737 0.172580 0.061394 0.039637
54 0.471093 0.104049 0.060581 0.038691
54 0.767589 0.601637 0.060277 0.040497
54 0.149269 0.374696 0.060569 0.041501
54 0.174324 0.600981 0.061397 0.037914
53 0.474397 0.169701 0.145928 0.089021
54 0.922696 0.373360 0.059757 0.038775
53 0.178630 0.238147 0.149992 0.088601
54 0.858458 0.374045 0.060467 0.040009
53 0.827344 0.664599 0.151436 0.087703
53 0.179011 0.665983 0.149738 0.091176
53 0.533160 0.756060 0.145326 0.088722
52 0.887355 0.495853 0.143170 0.014579
53 0.827247 0.236324 0.150837 0.087763
53 0.089193 0.438299 0.150582 0.087931
53 0.923569 0.439336 0.139051 0.088989
