53 0.122241 0.429846 0.201900 0.098910
54 0.759231 0.589554 0.059408 0.038808
53 0.529606 0.741276 0.143530 0.084320
54 0.847778 0.367342 0.059445 0.037246
54 0.911576 0.367080 0.059169 0.037056
54 0.823077 0.588698 0.059433 0.036784
53 0.502061 0.167514 0.201256 0.100391
51 0.545089 0.270426 0.028998 0.035833
53 0.184860 0.233822 0.149675 0.088222
53 0.186993 0.651712 0.152685 0.092060
52 0.882115 0.485843 0.134059 0.014617
53 0.817280 0.232312 0.145685 0.088925
53 0.790156 0.652327 0.202604 0.098586
53 0.878207 0.429774 0.206917 0.101877
53 0.790125 0.230605 0.200736 0.094621
53 0.476755 0.166073 0.152608 0.090816
53 0.817461 0.652298 0.146508 0.092185
54 0.532153 0.665827 0.060216 0.059801
53 0.907725 0.429986 0.145804 0.088072
