51 0.806778 0.511978 0.028387 0.035417
54 0.833247 0.600817 0.059069 0.037923
54 0.832613 0.172135 0.059687 0.038537
54 0.239643 0.601626 0.061071 0.040631
54 0.471086 0.104037 0.060527 0.038573
54 0.767693 0.172619 0.061447 0.039639
53 0.181317 0.237357 0.153370 0.090998
54 0.536390 0.105072 0.061380 0.040773
54 0.767729 0.601554 0.060422 0.040068
54 0.858395 0.374372 0.060697 0.041269
54 0.922684 0.373401 0.059769 0.039053
54 0.174395 0.601063 0.061526 0.038430
53 0.179508 0.665843 0.150501 0.091232
53 0.475933 0.169160 0.149430 0.090391
53 0.827541 0.237141 0.149504 0.089459
53 0.091494 0.437639 0.156935 0.090067
53 0.532858 0.756426 0.146396 0.088860
53 0.919974 0.438462 0.144782 0.089202
51 0.697034 0.561633 0.026856 0.034338
51 0.443798 0.604921 0.026366 0.039286
51 0.289721 0.558897 0.028187 0.038604
53 0.829158 0.665278 0.147382 0.090712
53 0.799463 0.665383 0.205779 0.099662
