51 0.802860 0.506250 0.028495 0.033497
54 0.917210 0.367451 0.057591 0.037852
54 0.155603 0.368333 0.057807 0.039010
54 0.853160 0.369315 0.057168 0.040646
54 0.763283 0.592247 0.060860 0.040286
54 0.243944 0.172424 0.058880 0.039531
53 0.533301 0.744748 0.143442 0.088480
54 0.179998 0.171384 0.059892 0.037147
54 0.091160 0.367488 0.057613 0.037100
54 0.471975 0.103855 0.059780 0.036660
54 0.828162 0.591048 0.057027 0.037084
54 0.828267 0.169799 0.057642 0.037325
53 0.824847 0.654723 0.143721 0.090203
53 0.474423 0.167009 0.145373 0.085069
53 0.182201 0.234567 0.143148 0.088001
54 0.763896 0.170606 0.059532 0.038974
53 0.914607 0.430908 0.143025 0.088116
54 0.535318 0.104487 0.058404 0.037987
53 0.822797 0.233779 0.146086 0.088593
53 0.183271 0.654476 0.145989 0.090824
53 0.093488 0.430916 0.143883 0.086328
54 0.535197 0.667058 0.059076 0.059779
53 0.123092 0.429802 0.203355 0.090086
