54 0.827726 0.596367 0.059284 0.037925
51 0.755487 0.333266 0.029032 0.035151
54 0.762164 0.597697 0.062050 0.039425
54 0.827396 0.170966 0.059609 0.039969
54 0.916333 0.371687 0.060640 0.038746
54 0.236496 0.597632 0.060322 0.039965
54 0.762022 0.171392 0.062977 0.040120
54 0.851658 0.372176 0.059566 0.039786
54 0.236505 0.172816 0.060662 0.039900
54 0.147087 0.371509 0.060311 0.038645
54 0.082432 0.371992 0.060280 0.037916
54 0.171581 0.172704 0.060043 0.038552
54 0.171785 0.596454 0.060661 0.037764
53 0.471745 0.168879 0.146267 0.088024
53 0.177854 0.661588 0.149946 0.088364
53 0.528520 0.752854 0.145517 0.086746
53 0.821734 0.236109 0.146125 0.089201
53 0.821689 0.660505 0.146922 0.088256
53 0.115544 0.435542 0.204251 0.099605
53 0.205092 0.236423 0.204826 0.098938
52 0.481265 0.807973 0.099289 0.015505
54 0.531619 0.105697 0.060385 0.040482
54 0.467930 0.104127 0.058954 0.037477
53 0.175405 0.237398 0.144488 0.090270
53 0.793047 0.234111 0.205989 0.096993
53 0.910480 0.435928 0.150440 0.091638
51 0.792912 0.400811 0.028746 0.037770
53 0.883200 0.434733 0.204882 0.097164
