54 0.823023 0.595020 0.060006 0.037789
54 0.913064 0.370182 0.060233 0.037474
54 0.848301 0.371568 0.060223 0.040038
54 0.146771 0.370630 0.058911 0.037648
54 0.235853 0.595787 0.059802 0.037436
54 0.758730 0.171668 0.060845 0.039709
54 0.236250 0.172966 0.060060 0.039073
54 0.823130 0.170470 0.059972 0.038337
54 0.171551 0.172739 0.059465 0.037583
53 0.526200 0.749829 0.143842 0.089022
54 0.081369 0.370507 0.060266 0.037491
54 0.758226 0.595669 0.060749 0.038253
54 0.171630 0.594530 0.060953 0.037058
53 0.472646 0.167413 0.153036 0.090898
53 0.176435 0.659158 0.148455 0.089197
53 0.204563 0.235539 0.203970 0.099552
53 0.818547 0.234015 0.146763 0.087514
53 0.907972 0.434063 0.149105 0.087665
53 0.174373 0.236570 0.143069 0.089907
53 0.115183 0.431798 0.205111 0.100559
53 0.819472 0.658998 0.143404 0.090555
52 0.791044 0.290462 0.140643 0.016141
53 0.789510 0.658370 0.203760 0.095843
