53 0.146652 0.263271 0.205841 0.101862
54 0.850673 0.507043 0.061090 0.039452
51 0.790698 0.354809 0.029991 0.035986
54 0.915738 0.506213 0.060767 0.038115
54 0.531811 0.104481 0.058882 0.039001
53 0.910007 0.570809 0.151945 0.089428
54 0.467553 0.103916 0.058990 0.037918
53 0.501415 0.167678 0.200938 0.098507
53 0.528225 0.750609 0.147253 0.090275
53 0.876500 0.264018 0.151439 0.090476
53 0.115894 0.568949 0.205173 0.092512
52 0.883567 0.627228 0.137576 0.014316
53 0.473235 0.168441 0.149615 0.089798
