54 0.824112 0.597768 0.059493 0.037268
51 0.683063 0.598633 0.029206 0.034613
54 0.759449 0.599189 0.059917 0.039247
54 0.824221 0.173825 0.059762 0.038004
54 0.530641 0.107776 0.060092 0.039813
54 0.465573 0.107440 0.059349 0.038346
54 0.236418 0.176919 0.059899 0.041215
54 0.759514 0.174758 0.061390 0.039021
54 0.171594 0.598044 0.059779 0.037174
54 0.172008 0.175313 0.058632 0.037690
54 0.081464 0.373657 0.060433 0.038368
54 0.913608 0.373706 0.059979 0.038404
53 0.178273 0.662788 0.151807 0.089182
53 0.176464 0.240256 0.148788 0.088618
54 0.236126 0.599313 0.059837 0.039560
54 0.848519 0.374560 0.059879 0.039315
53 0.818802 0.662566 0.146365 0.087969
54 0.147021 0.374622 0.060151 0.039182
53 0.500071 0.169630 0.200280 0.097660
53 0.527229 0.751994 0.143872 0.087755
53 0.086032 0.436928 0.148089 0.088726
53 0.819979 0.237994 0.143900 0.087367
52 0.114178 0.493786 0.139772 0.016329
53 0.469053 0.171043 0.144586 0.088246
53 0.908183 0.438337 0.149496 0.087971
53 0.790408 0.235956 0.205275 0.096110
