53 0.524935 0.741345 0.143868 0.085049
54 0.149629 0.367389 0.060009 0.038535
54 0.755037 0.170333 0.059890 0.039850
54 0.755144 0.589714 0.059564 0.038799
54 0.818841 0.588450 0.059555 0.037394
54 0.529137 0.103185 0.058098 0.040537
54 0.843728 0.367543 0.059641 0.037482
54 0.237392 0.589649 0.059808 0.039119
54 0.465262 0.102882 0.057888 0.038097
54 0.238027 0.170901 0.059800 0.039939
54 0.907089 0.366834 0.058618 0.036740
51 0.402231 0.633344 0.029226 0.035743
53 0.900575 0.430336 0.149458 0.088482
54 0.173874 0.170311 0.060186 0.038379
54 0.819055 0.169147 0.058608 0.037917
54 0.173428 0.589052 0.059554 0.036829
53 0.470416 0.167234 0.147779 0.088198
54 0.085736 0.367001 0.060442 0.036771
53 0.091818 0.430519 0.150831 0.088915
53 0.813844 0.231780 0.147420 0.088142
53 0.206478 0.652455 0.201333 0.101053
53 0.176839 0.234013 0.143730 0.088484
53 0.785685 0.651598 0.203791 0.098953
52 0.174109 0.291122 0.078089 0.014679
53 0.178697 0.652556 0.146519 0.090107
53 0.815931 0.652787 0.142057 0.090637
