54 0.916157 0.506850 0.060790 0.038156
54 0.851394 0.507293 0.060005 0.039138
54 0.147084 0.507022 0.060111 0.039307
53 0.912879 0.570559 0.146332 0.087713
54 0.082167 0.506918 0.060409 0.038238
51 0.544156 0.273982 0.029012 0.036481
53 0.528705 0.752877 0.146087 0.088753
53 0.878705 0.264250 0.148123 0.089616
53 0.474761 0.168433 0.152579 0.087561
53 0.147284 0.262102 0.204903 0.097881
53 0.088682 0.571384 0.152526 0.090692
53 0.115135 0.572275 0.203926 0.099154
52 0.115525 0.627617 0.141222 0.017215
