53 0.116252 0.434666 0.205025 0.100843
51 0.684911 0.597500 0.029377 0.034928
53 0.206018 0.237408 0.203007 0.100325
53 0.528690 0.753187 0.145725 0.086795
53 0.471989 0.168667 0.146178 0.087771
54 0.467766 0.103830 0.059045 0.037654
53 0.792935 0.235798 0.204458 0.100082
54 0.531602 0.105453 0.059866 0.040622
53 0.881989 0.434493 0.206015 0.097107
52 0.498552 0.807015 0.134992 0.016625
53 0.205871 0.660743 0.203284 0.098163
53 0.793253 0.659852 0.204579 0.099618
53 0.823867 0.235350 0.143031 0.091874
53 0.820699 0.660463 0.148571 0.090162
23 0.499298 0.415379 0.062351 0.121265
