54 0.527186 0.104608 0.043296 0.038723
54 0.471417 0.104103 0.060000 0.038214
54 0.240105 0.601738 0.060596 0.041012
54 0.175052 0.173611 0.061453 0.037907
54 0.083468 0.373587 0.061341 0.039138
54 0.240183 0.174325 0.059587 0.040169
54 0.174362 0.601083 0.061420 0.038210
53 0.178318 0.666017 0.148420 0.090245
53 0.178284 0.238298 0.149156 0.088533
54 0.149181 0.373864 0.060645 0.039909
53 0.474984 0.168858 0.147846 0.089226
53 0.827192 0.664362 0.151198 0.087979
52 0.504568 0.812175 0.142917 0.015177
53 0.535485 0.757592 0.140909 0.087453
53 0.087214 0.439078 0.146687 0.090434
54 0.771606 0.614644 0.053204 0.014719
51 0.541471 0.275313 0.016510 0.036250
