53 0.530437 0.739194 0.140311 0.085445
54 0.242638 0.587491 0.059382 0.038685
54 0.242870 0.171839 0.059897 0.038888
54 0.821529 0.586256 0.060020 0.037088
54 0.756942 0.587493 0.059192 0.038516
54 0.092684 0.365995 0.058149 0.036377
54 0.156051 0.366137 0.058658 0.037954
54 0.179874 0.170725 0.058091 0.038096
53 0.788054 0.232975 0.201045 0.098721
53 0.502520 0.166894 0.201576 0.102146
53 0.183735 0.234288 0.145714 0.086972
54 0.178997 0.586370 0.059114 0.037355
53 0.901960 0.428542 0.147243 0.085992
53 0.125712 0.429478 0.198350 0.098756
53 0.213033 0.649337 0.201887 0.100309
52 0.778713 0.705074 0.117087 0.014054
53 0.818234 0.650528 0.140713 0.088683
51 0.313136 0.591467 0.027188 0.026388
53 0.876375 0.428776 0.200342 0.090388
53 0.476564 0.166705 0.150749 0.090409
53 0.097489 0.428221 0.145880 0.086920
