51 0.749575 0.329352 0.029992 0.036697
53 0.525707 0.741361 0.144974 0.084510
53 0.786776 0.652196 0.201007 0.099509
53 0.091155 0.430376 0.147479 0.088112
53 0.207970 0.651444 0.202065 0.104746
53 0.897419 0.429549 0.156319 0.087425
53 0.182155 0.233924 0.149611 0.088798
54 0.150764 0.367709 0.058472 0.039490
54 0.086725 0.367191 0.060019 0.037023
53 0.814439 0.232641 0.146091 0.088350
53 0.471324 0.165916 0.148240 0.090177
52 0.119613 0.485329 0.139687 0.015736
54 0.529132 0.665605 0.058802 0.061124
28 0.529552 0.665887 0.058337 0.061941
