53 0.116878 0.570562 0.205946 0.098810
54 0.819645 0.200386 0.059635 0.039460
54 0.884224 0.199461 0.060636 0.037570
51 0.741885 0.589477 0.028528 0.036054
53 0.529031 0.752809 0.147884 0.086849
53 0.473024 0.168961 0.147023 0.089258
54 0.532768 0.104886 0.058971 0.039824
53 0.910693 0.570362 0.148871 0.087829
54 0.468209 0.103779 0.058695 0.037675
53 0.879403 0.264467 0.146438 0.090018
52 0.500497 0.806613 0.138536 0.016714
53 0.148188 0.262160 0.204478 0.097067
53 0.123391 0.263674 0.154419 0.089288
53 0.850857 0.262307 0.206355 0.099664
