54 0.236437 0.176939 0.059815 0.041189
54 0.172017 0.175316 0.058646 0.037706
54 0.081439 0.373622 0.060556 0.038363
54 0.146621 0.374331 0.059940 0.039939
53 0.176424 0.239963 0.148521 0.088135
53 0.816114 0.661860 0.149865 0.089328
53 0.527149 0.753450 0.143872 0.088152
52 0.498033 0.807886 0.134366 0.015728
53 0.903332 0.436523 0.156855 0.090026
53 0.087331 0.437986 0.149156 0.088273
53 0.821381 0.237162 0.142276 0.090041
53 0.192938 0.661995 0.177348 0.096820
53 0.789699 0.235721 0.206630 0.100758
51 0.210542 0.368574 0.028287 0.031745
51 0.789648 0.403189 0.027824 0.040544
