51 0.277526 0.327774 0.030204 0.037193
54 0.240217 0.600952 0.060805 0.039260
53 0.798376 0.666242 0.207509 0.102708
54 0.536416 0.105219 0.061476 0.041461
54 0.240142 0.174592 0.060257 0.041706
54 0.832590 0.172092 0.059562 0.038613
54 0.767785 0.172490 0.061503 0.039495
54 0.175052 0.173486 0.061672 0.038134
54 0.083385 0.373563 0.061465 0.039071
54 0.471059 0.103921 0.060491 0.038433
54 0.149141 0.374661 0.060613 0.041859
53 0.475281 0.169572 0.147540 0.088475
54 0.174441 0.601100 0.061663 0.038450
53 0.178505 0.238078 0.149744 0.088707
53 0.916866 0.437869 0.148091 0.089337
53 0.828023 0.237052 0.148306 0.090068
53 0.088630 0.439029 0.149932 0.089680
53 0.206941 0.665252 0.208733 0.103608
52 0.504080 0.812540 0.142695 0.015742
53 0.534993 0.757497 0.141643 0.088640
54 0.535557 0.678766 0.060986 0.060716
53 0.176270 0.665439 0.144267 0.091310
