54 0.827583 0.596357 0.059661 0.037988
51 0.800424 0.508910 0.029679 0.034690
54 0.827409 0.171010 0.059512 0.039833
54 0.916313 0.371728 0.060759 0.038832
54 0.236495 0.172780 0.060668 0.039934
54 0.762054 0.171424 0.062980 0.040012
54 0.147061 0.371478 0.060293 0.038514
54 0.762211 0.597716 0.062108 0.039555
54 0.171629 0.172734 0.059874 0.038471
54 0.851593 0.372333 0.059713 0.040054
54 0.082416 0.371987 0.060280 0.037890
54 0.467761 0.103832 0.058951 0.037700
54 0.531965 0.105145 0.059584 0.040383
53 0.821578 0.660573 0.146907 0.087871
53 0.472590 0.168336 0.148207 0.089866
53 0.115493 0.435523 0.204473 0.099617
53 0.205105 0.236321 0.204845 0.099242
53 0.821672 0.235938 0.146185 0.088478
53 0.529127 0.752579 0.144907 0.087306
53 0.182915 0.661033 0.160727 0.093999
53 0.175560 0.237298 0.144700 0.090179
51 0.792835 0.401098 0.028881 0.038871
53 0.911781 0.436075 0.148108 0.089264
53 0.792763 0.233844 0.206220 0.097124
