54 0.819169 0.200539 0.059996 0.039365
54 0.916184 0.506854 0.060828 0.038205
54 0.147093 0.507065 0.059955 0.039210
54 0.851386 0.507260 0.060049 0.039182
54 0.113999 0.199857 0.060466 0.037299
54 0.467760 0.103894 0.058856 0.037692
54 0.883883 0.199620 0.060880 0.037422
51 0.544314 0.273834 0.028836 0.036162
54 0.532035 0.105731 0.059688 0.041276
54 0.179403 0.201626 0.060084 0.040190
53 0.912894 0.570565 0.146343 0.087938
53 0.473270 0.168499 0.149076 0.088515
54 0.082163 0.507012 0.060359 0.038344
53 0.120471 0.264100 0.152057 0.089942
53 0.528913 0.752353 0.145515 0.088264
53 0.878924 0.264509 0.146452 0.089974
53 0.089079 0.571362 0.153264 0.091180
53 0.115960 0.572485 0.205311 0.099631
53 0.853434 0.263221 0.197391 0.096300
52 0.115562 0.627224 0.140835 0.016794
