54 0.761503 0.589996 0.060081 0.039626
54 0.850338 0.367800 0.059639 0.037972
54 0.913917 0.367022 0.058980 0.036965
54 0.243834 0.590047 0.059567 0.040063
53 0.532429 0.740924 0.143952 0.085086
53 0.212616 0.233397 0.201371 0.100904
54 0.825152 0.588710 0.059842 0.037282
54 0.156123 0.366891 0.059073 0.038020
54 0.091386 0.366942 0.058861 0.036548
54 0.179530 0.589089 0.059512 0.037565
53 0.909552 0.430342 0.146503 0.088265
51 0.685654 0.590899 0.027943 0.035675
53 0.819694 0.653001 0.146973 0.087890
53 0.818998 0.232697 0.148629 0.088667
53 0.125176 0.430446 0.199784 0.099654
53 0.477777 0.165737 0.149971 0.090985
53 0.187137 0.652440 0.151872 0.091282
52 0.875644 0.485724 0.116211 0.013880
54 0.534534 0.664482 0.058860 0.059668
