51 0.791311 0.355181 0.029765 0.035951
54 0.147072 0.506979 0.060166 0.039479
54 0.532126 0.105240 0.059374 0.040419
54 0.467678 0.103847 0.058897 0.037613
54 0.082156 0.506863 0.060571 0.038292
53 0.472837 0.168747 0.147748 0.088555
53 0.909751 0.570575 0.149916 0.087600
53 0.528958 0.753062 0.145758 0.087644
53 0.877260 0.264022 0.150666 0.090231
52 0.498750 0.807352 0.134846 0.016625
53 0.114892 0.570568 0.205430 0.099906
53 0.147254 0.262064 0.204752 0.097200
53 0.090489 0.571012 0.154833 0.090469
