54 0.833287 0.601008 0.059026 0.038366
54 0.240229 0.600963 0.060861 0.039122
51 0.213200 0.372629 0.029565 0.038042
54 0.240000 0.174654 0.060021 0.041228
54 0.767486 0.601659 0.060320 0.040633
54 0.536357 0.104841 0.061280 0.040568
54 0.175086 0.173535 0.061783 0.038118
54 0.767307 0.172665 0.060391 0.039684
54 0.832604 0.172152 0.059577 0.038497
54 0.083385 0.373629 0.061468 0.039246
54 0.149221 0.373706 0.060811 0.040040
54 0.470959 0.104090 0.060039 0.038606
54 0.858416 0.374330 0.060840 0.041242
54 0.174397 0.601119 0.061515 0.038057
53 0.828562 0.665363 0.148272 0.089291
54 0.922674 0.373420 0.059790 0.039047
53 0.177869 0.238329 0.148220 0.088278
53 0.474988 0.169073 0.146943 0.088036
53 0.116912 0.438120 0.205143 0.100489
53 0.533360 0.756178 0.146667 0.089451
53 0.207096 0.664977 0.208518 0.102967
53 0.919709 0.438507 0.144601 0.088697
53 0.827911 0.236391 0.149552 0.088553
52 0.800350 0.293955 0.144783 0.016228
53 0.176022 0.665495 0.143859 0.090594
