54 0.824103 0.597759 0.059554 0.037170
54 0.236537 0.598581 0.059893 0.039035
54 0.759469 0.598947 0.059832 0.038549
54 0.530709 0.108179 0.059554 0.040299
54 0.236614 0.176445 0.059949 0.040248
54 0.465679 0.107370 0.059390 0.038248
51 0.305830 0.606630 0.028679 0.034287
54 0.171952 0.175315 0.058499 0.037683
54 0.146794 0.374052 0.060041 0.039058
54 0.081470 0.373539 0.060722 0.038309
53 0.470908 0.171028 0.147624 0.086430
54 0.171554 0.598154 0.059756 0.037496
53 0.176619 0.240238 0.149031 0.087695
53 0.115120 0.436919 0.203315 0.099735
53 0.204624 0.662408 0.205346 0.099619
53 0.815652 0.237377 0.154009 0.089791
53 0.881148 0.437390 0.202687 0.093901
53 0.526726 0.753005 0.143582 0.087617
53 0.819133 0.662588 0.146017 0.088005
53 0.173698 0.662255 0.141992 0.089410
53 0.790881 0.661202 0.204156 0.093162
