53 0.880945 0.430372 0.201470 0.099624
53 0.531995 0.741071 0.144274 0.085305
53 0.792396 0.232302 0.202901 0.100363
51 0.799240 0.503181 0.028879 0.035829
53 0.213104 0.652502 0.201916 0.100822
53 0.187075 0.233220 0.150735 0.088474
53 0.478166 0.166442 0.150105 0.089788
53 0.819346 0.652046 0.147878 0.090067
53 0.096351 0.432006 0.149090 0.091238
53 0.124241 0.432881 0.202861 0.101214
53 0.818695 0.232363 0.149716 0.091944
54 0.535339 0.664786 0.059580 0.060468
28 0.501947 0.379586 0.060972 0.124018
