53 0.524696 0.741266 0.144442 0.084798
51 0.792872 0.502868 0.027829 0.034322
54 0.755203 0.589769 0.059695 0.039156
54 0.755125 0.169954 0.059986 0.039452
54 0.818956 0.588303 0.059326 0.037000
54 0.818782 0.169416 0.058884 0.037680
53 0.206703 0.652386 0.201250 0.102254
53 0.181433 0.234608 0.149204 0.088527
53 0.899149 0.429371 0.151491 0.087445
53 0.091184 0.430060 0.148585 0.086824
53 0.813476 0.232230 0.148042 0.088219
53 0.470466 0.166115 0.148944 0.089723
53 0.814403 0.652266 0.146257 0.088567
52 0.786123 0.707277 0.134804 0.013299
