54 0.823008 0.595032 0.060015 0.037763
54 0.913014 0.370189 0.060350 0.037516
54 0.758779 0.171616 0.060973 0.039769
54 0.848316 0.371521 0.060185 0.040087
54 0.236274 0.172911 0.059971 0.039131
54 0.235867 0.595725 0.059390 0.038159
53 0.525549 0.750333 0.145498 0.085650
54 0.823156 0.170587 0.060041 0.038644
54 0.530530 0.104684 0.059032 0.038506
54 0.171695 0.594574 0.060849 0.037085
54 0.466010 0.103996 0.058361 0.036819
54 0.171560 0.172696 0.059395 0.037586
51 0.402096 0.638951 0.029375 0.036944
54 0.758223 0.595668 0.060755 0.038309
53 0.176039 0.658997 0.147488 0.088718
53 0.471104 0.167431 0.149850 0.089704
53 0.818584 0.235194 0.146756 0.087767
53 0.204646 0.235268 0.203495 0.099327
53 0.907841 0.434229 0.149222 0.087718
53 0.174077 0.236071 0.142827 0.088878
53 0.819343 0.659026 0.143591 0.090311
53 0.790299 0.658463 0.202058 0.095375
