54 0.833326 0.600873 0.058926 0.038143
54 0.239814 0.601610 0.061245 0.040474
54 0.083405 0.373556 0.061464 0.039027
54 0.767677 0.601548 0.060517 0.040190
54 0.471047 0.103982 0.060644 0.038538
54 0.858426 0.374319 0.060743 0.041137
54 0.536333 0.104952 0.061414 0.040659
54 0.922723 0.373398 0.059784 0.039136
54 0.149225 0.374610 0.060650 0.041232
51 0.406741 0.646363 0.029001 0.035505
54 0.174360 0.601016 0.061420 0.038098
53 0.179033 0.665965 0.149675 0.091126
53 0.475730 0.168520 0.148391 0.089358
53 0.919679 0.438568 0.144769 0.089069
53 0.089250 0.439002 0.150743 0.089224
53 0.532929 0.756706 0.146319 0.088282
53 0.183191 0.238059 0.154765 0.091960
53 0.829303 0.665466 0.147118 0.090671
53 0.799653 0.665560 0.205526 0.099189
52 0.503545 0.226647 0.142131 0.016822
