54 0.823002 0.595073 0.060051 0.037844
54 0.913053 0.370180 0.060238 0.037331
54 0.758714 0.171646 0.060877 0.039664
54 0.236234 0.172966 0.060060 0.039092
54 0.235810 0.595807 0.059804 0.037458
53 0.526271 0.750368 0.143905 0.086738
54 0.823114 0.170437 0.059968 0.038275
54 0.848110 0.370747 0.060007 0.038191
54 0.146890 0.370934 0.059581 0.038941
54 0.758430 0.595799 0.060462 0.037361
54 0.171528 0.172739 0.059463 0.037609
54 0.081357 0.370382 0.060291 0.037222
54 0.171644 0.594558 0.060966 0.037039
53 0.472734 0.167121 0.152968 0.090211
53 0.176330 0.659291 0.148196 0.089123
53 0.818162 0.659005 0.146085 0.088957
53 0.204614 0.235453 0.203635 0.099152
53 0.818402 0.233953 0.146910 0.087651
53 0.879816 0.432934 0.205230 0.100704
52 0.791048 0.290358 0.140782 0.016301
53 0.174331 0.236500 0.142957 0.089798
53 0.086328 0.434312 0.147056 0.088704
53 0.911149 0.433888 0.142488 0.089212
