54 0.823634 0.595309 0.060158 0.037744
54 0.146839 0.370910 0.058917 0.037760
53 0.525974 0.750936 0.145685 0.087012
53 0.205099 0.236908 0.202552 0.100106
54 0.236017 0.596160 0.059863 0.038746
54 0.081634 0.370770 0.060304 0.037973
54 0.171667 0.595107 0.060800 0.037169
54 0.759129 0.596003 0.061290 0.038426
51 0.683037 0.595020 0.028810 0.032001
53 0.905688 0.434631 0.152338 0.088957
53 0.176593 0.659585 0.148037 0.088611
53 0.473177 0.167608 0.152642 0.090132
53 0.817995 0.234657 0.149410 0.089489
52 0.493891 0.804463 0.128072 0.014689
53 0.819285 0.659287 0.145766 0.089574
53 0.115609 0.432408 0.205441 0.100797
53 0.791126 0.658002 0.202571 0.096379
