54 0.818621 0.201111 0.060062 0.040415
54 0.147045 0.506646 0.060514 0.039594
54 0.915794 0.506177 0.060662 0.038224
54 0.850897 0.506814 0.060692 0.039396
51 0.741102 0.589494 0.028418 0.035191
54 0.113934 0.199790 0.060361 0.037347
54 0.531844 0.105284 0.059402 0.040369
54 0.467418 0.103845 0.059316 0.037643
54 0.883362 0.199508 0.061079 0.037448
54 0.082127 0.506313 0.060445 0.038442
53 0.473168 0.168369 0.149278 0.088059
54 0.179289 0.201482 0.060360 0.040243
53 0.912035 0.570177 0.147386 0.088599
53 0.087317 0.570619 0.147921 0.088517
53 0.878369 0.264205 0.147098 0.090143
53 0.528848 0.752245 0.145250 0.087097
53 0.119945 0.264479 0.151103 0.091232
52 0.149183 0.321024 0.141193 0.014317
