51 0.806704 0.511916 0.028379 0.035278
54 0.240239 0.601582 0.061070 0.040892
54 0.833238 0.600893 0.059060 0.037821
54 0.767743 0.601586 0.060457 0.039999
54 0.858391 0.374366 0.060727 0.041293
54 0.174406 0.600986 0.061533 0.038187
54 0.922677 0.373411 0.059768 0.039042
53 0.179326 0.665869 0.150329 0.091028
53 0.532576 0.756380 0.146742 0.089698
53 0.478574 0.169209 0.154551 0.089662
53 0.920122 0.438452 0.144330 0.089113
53 0.091874 0.438160 0.155678 0.090231
52 0.802494 0.721164 0.147662 0.015886
53 0.798995 0.235485 0.206930 0.102484
53 0.827811 0.236284 0.149451 0.092672
53 0.831264 0.664934 0.143822 0.088677
53 0.183852 0.237586 0.155487 0.092520
