54 0.850696 0.507024 0.061047 0.039464
54 0.915752 0.506210 0.060730 0.038140
51 0.790753 0.354894 0.029923 0.036022
53 0.146651 0.263239 0.205786 0.101977
54 0.531785 0.104479 0.059008 0.038944
54 0.467455 0.103920 0.059219 0.037922
53 0.910290 0.570550 0.151109 0.089665
53 0.528186 0.752259 0.146274 0.088553
53 0.876504 0.263966 0.151509 0.090539
53 0.501541 0.167938 0.201125 0.099729
53 0.115665 0.568824 0.204642 0.091818
52 0.498703 0.806177 0.135673 0.016652
53 0.471679 0.168507 0.146367 0.090084
51 0.440184 0.602060 0.027077 0.033040
51 0.761310 0.544900 0.024571 0.034673
