54 0.155219 0.368387 0.057074 0.038395
54 0.916585 0.367561 0.057508 0.037039
51 0.802130 0.505854 0.028491 0.034299
54 0.852751 0.369454 0.057281 0.040265
54 0.091786 0.367605 0.057297 0.036573
53 0.212485 0.653309 0.202220 0.101752
54 0.471122 0.103507 0.059461 0.036954
53 0.822169 0.232339 0.145352 0.087319
53 0.474691 0.165862 0.145218 0.085958
53 0.913306 0.430801 0.143737 0.089185
54 0.536285 0.104411 0.059291 0.039634
53 0.822929 0.654995 0.144345 0.089861
53 0.185237 0.234004 0.149578 0.088452
53 0.533285 0.744278 0.141757 0.087255
53 0.099283 0.430822 0.156299 0.088352
52 0.129469 0.487660 0.150401 0.016580
