53 0.526063 0.741302 0.144022 0.085075
51 0.793763 0.502684 0.027153 0.035425
54 0.756365 0.589527 0.059126 0.038910
54 0.238645 0.589909 0.059685 0.039250
54 0.756349 0.170092 0.059745 0.039839
54 0.819783 0.588440 0.059292 0.037131
54 0.908069 0.366990 0.059162 0.036138
54 0.530304 0.103370 0.058261 0.040416
54 0.466305 0.102850 0.058354 0.038051
54 0.845163 0.367499 0.059402 0.037427
54 0.238909 0.171345 0.060265 0.039628
53 0.090899 0.430540 0.146604 0.089265
54 0.174607 0.588707 0.060230 0.035598
54 0.819941 0.169174 0.058112 0.037915
54 0.086748 0.367173 0.060109 0.036983
54 0.175156 0.170626 0.060678 0.037882
53 0.469067 0.166792 0.142327 0.087900
53 0.178551 0.233659 0.144832 0.089210
54 0.150707 0.367673 0.058636 0.039550
53 0.814194 0.232698 0.146687 0.088009
53 0.902241 0.430145 0.148143 0.088254
53 0.179132 0.652677 0.147060 0.091258
53 0.785735 0.651216 0.204659 0.096262
53 0.815498 0.652377 0.144264 0.088570
54 0.529243 0.665560 0.058621 0.060439
28 0.529739 0.665991 0.058132 0.061220
