51 0.806758 0.511958 0.028417 0.035397
54 0.833131 0.600960 0.059309 0.038267
54 0.240276 0.600933 0.060693 0.038982
54 0.536414 0.105341 0.061413 0.041675
54 0.240138 0.174603 0.060247 0.041687
54 0.832593 0.172110 0.059597 0.038625
54 0.767661 0.601504 0.060422 0.040064
54 0.767771 0.172495 0.061563 0.039503
54 0.083380 0.373548 0.061449 0.039047
54 0.471027 0.103935 0.060460 0.038497
54 0.175051 0.173504 0.061668 0.038155
53 0.476053 0.169858 0.149024 0.088950
54 0.174382 0.601057 0.061558 0.037949
54 0.149137 0.374626 0.060616 0.041751
53 0.178574 0.238321 0.149852 0.089038
54 0.858387 0.374364 0.060703 0.041248
54 0.922801 0.373346 0.060199 0.039858
53 0.088371 0.438956 0.149174 0.089186
53 0.532688 0.756168 0.146599 0.088551
53 0.827752 0.237188 0.148851 0.089492
53 0.919847 0.438492 0.144799 0.089190
53 0.208126 0.665213 0.207448 0.101847
53 0.177066 0.665860 0.146761 0.091405
54 0.535830 0.679061 0.061169 0.060899
52 0.207079 0.721906 0.145851 0.016906
53 0.798995 0.665509 0.206383 0.099988
53 0.825889 0.665858 0.153823 0.093231
53 0.798611 0.235471 0.208505 0.098633
