51 0.202149 0.488614 0.029926 0.036533
54 0.147003 0.506787 0.059770 0.039561
54 0.916184 0.506832 0.060753 0.038145
54 0.819230 0.201093 0.059538 0.040791
54 0.851355 0.507254 0.060107 0.039146
54 0.467628 0.103857 0.059075 0.037569
54 0.114014 0.200018 0.060608 0.037557
54 0.532148 0.105177 0.059452 0.040317
54 0.883850 0.199722 0.060685 0.037344
54 0.082134 0.506869 0.060564 0.038249
53 0.912923 0.570625 0.146222 0.087922
54 0.179386 0.201522 0.060273 0.040029
53 0.471489 0.168800 0.145477 0.089407
53 0.528997 0.753040 0.145422 0.087806
53 0.120800 0.263894 0.152893 0.089736
53 0.114902 0.570989 0.204126 0.101088
53 0.878489 0.264282 0.148836 0.089757
52 0.840481 0.321694 0.117079 0.015487
