54 0.833262 0.601076 0.059036 0.038582
54 0.240371 0.601097 0.060807 0.039353
54 0.767567 0.601723 0.060657 0.040531
54 0.832618 0.172178 0.059494 0.038603
54 0.767370 0.172665 0.060509 0.039705
54 0.083396 0.373542 0.061448 0.039011
54 0.175035 0.173529 0.061774 0.038159
54 0.858445 0.374362 0.060914 0.041272
54 0.240077 0.175038 0.060021 0.042193
53 0.828566 0.665614 0.148203 0.088355
54 0.149247 0.374717 0.060602 0.041475
54 0.174449 0.600949 0.061553 0.038059
53 0.177860 0.238432 0.148298 0.089085
54 0.922682 0.373399 0.059788 0.039019
51 0.309741 0.609779 0.029759 0.036630
53 0.477742 0.170433 0.154231 0.088539
53 0.827550 0.237086 0.149562 0.089808
53 0.088658 0.438977 0.149600 0.089016
53 0.920046 0.438610 0.144273 0.089240
53 0.532543 0.756440 0.147758 0.089319
53 0.206400 0.665329 0.206488 0.096819
54 0.535500 0.678817 0.061086 0.060534
