51 0.277534 0.327776 0.030223 0.037216
54 0.240217 0.600938 0.060821 0.039275
54 0.536435 0.105291 0.061466 0.041516
54 0.240128 0.174596 0.060283 0.041703
54 0.832601 0.172064 0.059608 0.038576
54 0.767789 0.172469 0.061564 0.039481
54 0.175047 0.173498 0.061690 0.038149
54 0.083387 0.373546 0.061434 0.039061
54 0.471061 0.103955 0.060490 0.038471
54 0.149141 0.374673 0.060619 0.041853
54 0.922693 0.373406 0.059805 0.038857
54 0.174446 0.601094 0.061672 0.038464
53 0.475517 0.169485 0.148077 0.088325
54 0.858398 0.374294 0.060746 0.040847
53 0.178521 0.238088 0.149834 0.088628
53 0.533003 0.756244 0.146091 0.088496
53 0.828510 0.237296 0.147456 0.089435
53 0.207020 0.665082 0.208748 0.103405
53 0.088357 0.439004 0.149019 0.089316
53 0.923012 0.439570 0.140439 0.088279
52 0.875983 0.495605 0.114852 0.014262
53 0.175961 0.665303 0.143605 0.090800
