54 0.824157 0.597731 0.059330 0.037177
51 0.752981 0.335923 0.029699 0.036615
54 0.759461 0.599226 0.059881 0.039163
54 0.530502 0.107922 0.059917 0.040172
54 0.236414 0.176967 0.059898 0.041285
54 0.465541 0.107546 0.059517 0.038525
54 0.824763 0.173964 0.059534 0.037313
54 0.172019 0.175331 0.058672 0.037723
54 0.236574 0.599180 0.060070 0.039831
54 0.758866 0.174666 0.060143 0.038822
54 0.081438 0.373623 0.060612 0.038274
54 0.171619 0.598066 0.059851 0.037239
54 0.913582 0.373712 0.060075 0.038521
53 0.176481 0.240377 0.148699 0.088701
53 0.178193 0.662599 0.151658 0.088681
54 0.848624 0.374516 0.059732 0.039508
53 0.818737 0.662161 0.146903 0.088767
54 0.146981 0.374570 0.060227 0.039466
53 0.087189 0.438017 0.149074 0.088028
53 0.819869 0.238192 0.144395 0.087294
53 0.526862 0.752639 0.144071 0.086687
53 0.469296 0.171026 0.145522 0.088950
53 0.908711 0.437979 0.148461 0.088428
51 0.790437 0.402909 0.028306 0.038138
53 0.497487 0.170612 0.201435 0.092827
