54 0.913003 0.370160 0.060402 0.037503
53 0.788741 0.659416 0.202370 0.100459
54 0.848252 0.370753 0.060085 0.038541
54 0.530843 0.104695 0.059159 0.038739
54 0.759033 0.171816 0.060618 0.040075
53 0.525692 0.750654 0.145853 0.084773
54 0.466037 0.104079 0.058195 0.037070
54 0.823176 0.170594 0.060076 0.038599
54 0.146867 0.371069 0.059844 0.039108
54 0.235931 0.595829 0.060053 0.037591
54 0.081316 0.370418 0.060307 0.037259
54 0.236072 0.173521 0.060122 0.038550
51 0.541960 0.273062 0.029152 0.036016
54 0.171516 0.172752 0.059588 0.037744
54 0.171623 0.594683 0.060999 0.037189
53 0.176705 0.235952 0.148782 0.088224
53 0.176954 0.658509 0.148189 0.092170
53 0.818858 0.234978 0.145896 0.087561
53 0.469759 0.167929 0.146896 0.090360
53 0.087363 0.434892 0.148288 0.087309
53 0.908038 0.434144 0.147548 0.087555
52 0.496797 0.803631 0.133677 0.014119
