54 0.822996 0.595022 0.060000 0.037847
54 0.913019 0.370358 0.060294 0.037662
54 0.147030 0.370603 0.059547 0.038162
54 0.759122 0.171254 0.060349 0.039447
54 0.465779 0.104180 0.058747 0.036465
53 0.525879 0.750213 0.144407 0.088497
54 0.823181 0.170567 0.060114 0.038760
54 0.848218 0.370807 0.059980 0.038631
54 0.081429 0.370467 0.060319 0.037329
54 0.235668 0.595813 0.059140 0.037280
54 0.758497 0.595879 0.060410 0.037455
51 0.402104 0.639007 0.029392 0.037100
54 0.171413 0.594749 0.059373 0.037162
54 0.531020 0.105400 0.058860 0.039351
53 0.177340 0.658629 0.148789 0.092246
53 0.818796 0.235167 0.145235 0.087215
53 0.469388 0.167475 0.146905 0.089181
53 0.818061 0.659229 0.146395 0.089615
53 0.114778 0.432079 0.204877 0.096901
53 0.906356 0.433793 0.152266 0.092188
53 0.879932 0.432257 0.205486 0.100691
