54 0.242841 0.587801 0.059801 0.038982
51 0.311846 0.595720 0.028445 0.034623
53 0.530453 0.739037 0.140502 0.085934
54 0.845575 0.366882 0.059247 0.037440
54 0.242776 0.171980 0.059985 0.039187
54 0.909161 0.366482 0.059004 0.037354
54 0.756835 0.587704 0.059524 0.038895
54 0.821640 0.586368 0.059941 0.037440
54 0.821696 0.169168 0.059150 0.037723
54 0.757245 0.170378 0.059778 0.038698
54 0.092829 0.366108 0.058277 0.036428
54 0.179864 0.170816 0.058393 0.038231
54 0.156062 0.366391 0.059028 0.038363
53 0.904671 0.428442 0.143120 0.086313
53 0.096788 0.428281 0.144003 0.087134
54 0.179096 0.586366 0.059477 0.037291
53 0.183704 0.234501 0.145099 0.087185
53 0.475039 0.166866 0.147942 0.089917
53 0.187065 0.650759 0.149696 0.088788
53 0.821377 0.233083 0.135478 0.084754
53 0.817496 0.650501 0.141734 0.088294
54 0.532151 0.662106 0.060609 0.060833
52 0.788284 0.289748 0.141475 0.017096
53 0.500221 0.167106 0.200622 0.096522
53 0.124784 0.427219 0.201113 0.093090
