53 0.116865 0.570483 0.205993 0.099396
54 0.916634 0.506307 0.060722 0.038331
54 0.852099 0.506940 0.059355 0.039292
51 0.217842 0.361472 0.028820 0.035958
54 0.819641 0.200501 0.059491 0.039557
54 0.884205 0.199578 0.060431 0.037546
53 0.913442 0.570642 0.146263 0.088675
53 0.472984 0.168774 0.147096 0.089222
54 0.532289 0.105013 0.059654 0.039808
54 0.468179 0.103899 0.058891 0.037993
53 0.529994 0.752254 0.145842 0.087981
53 0.123229 0.263580 0.154194 0.089427
53 0.148589 0.262190 0.205012 0.098227
52 0.857241 0.320703 0.151188 0.015259
53 0.886208 0.264788 0.134900 0.087666
53 0.851131 0.263825 0.207501 0.100637
