54 0.242861 0.587764 0.059939 0.038957
54 0.821690 0.586219 0.059884 0.037211
53 0.529847 0.739153 0.141003 0.084689
54 0.756949 0.587522 0.059241 0.039026
53 0.126009 0.427254 0.200472 0.099201
54 0.468744 0.104322 0.057974 0.036472
54 0.532901 0.105378 0.059132 0.038482
53 0.475209 0.166897 0.147183 0.088510
54 0.179123 0.586346 0.059485 0.037294
53 0.788200 0.231648 0.200853 0.101692
53 0.878072 0.428923 0.194474 0.096783
53 0.186862 0.650741 0.149375 0.088920
52 0.504007 0.792577 0.143880 0.016120
53 0.814350 0.231491 0.146882 0.093517
53 0.817416 0.650555 0.141346 0.087892
54 0.531984 0.662295 0.060688 0.060885
53 0.186770 0.233653 0.148075 0.087945
23 0.499609 0.409694 0.060210 0.119319
29 0.499704 0.409887 0.060954 0.120897
