54 0.824066 0.597810 0.059522 0.037326
54 0.824189 0.173819 0.059805 0.037813
54 0.530622 0.107830 0.060118 0.039929
54 0.759490 0.598971 0.059950 0.038565
54 0.146742 0.374199 0.060253 0.038609
54 0.236611 0.176356 0.059917 0.040085
54 0.465609 0.107465 0.059515 0.038428
54 0.236711 0.598734 0.060065 0.038622
54 0.172002 0.175232 0.058357 0.037453
54 0.759560 0.174981 0.060566 0.039510
54 0.913503 0.373729 0.060146 0.038656
54 0.171630 0.598089 0.058957 0.036949
53 0.114921 0.436741 0.202795 0.099387
54 0.081456 0.373538 0.060665 0.038225
53 0.818839 0.237720 0.146529 0.087152
52 0.195268 0.298920 0.125013 0.017590
51 0.401994 0.643456 0.029871 0.036361
53 0.204341 0.661805 0.204687 0.100425
54 0.848592 0.374682 0.059856 0.039832
53 0.175852 0.239761 0.147324 0.088774
53 0.499821 0.169551 0.200709 0.097583
53 0.527045 0.751900 0.143808 0.087775
53 0.908102 0.438107 0.149962 0.088386
53 0.819201 0.663050 0.145691 0.089449
53 0.469069 0.170773 0.144883 0.088277
53 0.174444 0.662062 0.143420 0.089180
53 0.790602 0.661503 0.203494 0.092397
