54 0.236529 0.598565 0.059827 0.039029
54 0.530645 0.107804 0.059934 0.039930
54 0.465663 0.107466 0.059301 0.038420
54 0.236618 0.176436 0.059936 0.040252
54 0.171974 0.175303 0.058486 0.037660
54 0.146799 0.374036 0.060114 0.039020
54 0.081480 0.373554 0.060690 0.038361
54 0.913572 0.373715 0.059980 0.038629
54 0.171538 0.598156 0.059723 0.037527
51 0.305772 0.606479 0.028708 0.034334
53 0.176548 0.240362 0.148944 0.087772
53 0.790916 0.661857 0.202333 0.096428
54 0.848580 0.374697 0.059811 0.039954
53 0.115227 0.436915 0.203952 0.099774
53 0.204565 0.662349 0.205182 0.099501
53 0.527172 0.752686 0.143154 0.087581
53 0.815492 0.236917 0.154164 0.089500
53 0.467705 0.170952 0.142578 0.088523
53 0.908680 0.437857 0.148568 0.088365
53 0.499511 0.169654 0.205078 0.093322
53 0.566502 0.169988 0.068835 0.088202
53 0.174119 0.662244 0.142613 0.089518
53 0.818784 0.661554 0.146019 0.093024
52 0.504368 0.808463 0.148635 0.017355
