51 0.307392 0.596551 0.028384 0.033380
54 0.844028 0.367546 0.058559 0.037810
54 0.173413 0.588958 0.059588 0.036746
54 0.907151 0.366850 0.058526 0.036756
53 0.525443 0.741334 0.144497 0.083939
53 0.181114 0.234477 0.149209 0.088445
54 0.237365 0.589491 0.059722 0.038851
53 0.902021 0.429938 0.146684 0.089006
53 0.090738 0.430138 0.147812 0.086718
53 0.206449 0.652625 0.201348 0.100486
53 0.811597 0.232645 0.150447 0.089351
53 0.470985 0.166214 0.148623 0.088465
53 0.812352 0.651918 0.149061 0.088295
52 0.497214 0.794942 0.137757 0.014050
53 0.178594 0.652548 0.146603 0.089711
