54 0.758766 0.171469 0.060976 0.039868
54 0.236220 0.172922 0.060092 0.039178
53 0.526277 0.750374 0.144316 0.087936
54 0.465997 0.104057 0.058354 0.036960
54 0.146872 0.370898 0.059557 0.038808
54 0.530578 0.104683 0.058873 0.038508
51 0.273590 0.324358 0.030043 0.036063
54 0.235793 0.595945 0.059666 0.037708
54 0.823133 0.170533 0.059958 0.038579
54 0.171534 0.172717 0.059487 0.037623
54 0.081351 0.370376 0.060295 0.037170
54 0.171595 0.594536 0.060987 0.037049
53 0.470514 0.168292 0.148241 0.089950
53 0.818950 0.234830 0.145919 0.087959
53 0.176756 0.658290 0.148449 0.091248
53 0.816658 0.658701 0.148792 0.090811
53 0.204575 0.235642 0.204307 0.099781
53 0.174725 0.236449 0.143792 0.090183
53 0.086564 0.434412 0.147459 0.088900
52 0.206790 0.713632 0.143563 0.016174
