53 0.881084 0.430327 0.201211 0.099357
54 0.761343 0.589954 0.059968 0.039622
54 0.825238 0.588420 0.059857 0.036955
53 0.532086 0.741359 0.143370 0.085695
54 0.243737 0.589499 0.059531 0.038953
54 0.244145 0.171539 0.060755 0.039482
54 0.155994 0.366979 0.058906 0.037870
54 0.091411 0.367071 0.059066 0.036678
54 0.470891 0.102906 0.059419 0.038212
54 0.179569 0.589173 0.059590 0.037598
54 0.179739 0.170638 0.059248 0.037221
54 0.534434 0.104059 0.059060 0.040371
53 0.474359 0.167401 0.143236 0.089033
51 0.218958 0.366811 0.027895 0.034428
53 0.820440 0.651982 0.145744 0.087585
53 0.183382 0.233909 0.144761 0.087662
53 0.212720 0.652041 0.201881 0.100245
53 0.125378 0.429423 0.201212 0.099280
52 0.502659 0.796341 0.140371 0.014942
53 0.096596 0.429601 0.147519 0.087999
