54 0.822972 0.595045 0.059959 0.037868
54 0.913037 0.370363 0.060296 0.037662
54 0.465865 0.104242 0.058692 0.036535
54 0.759024 0.171267 0.060542 0.039439
54 0.146787 0.370658 0.059883 0.038329
53 0.178841 0.236277 0.151687 0.089854
54 0.081521 0.370482 0.060467 0.037415
54 0.823196 0.170599 0.060091 0.038711
54 0.848230 0.370789 0.060019 0.038626
53 0.526001 0.750651 0.144437 0.087472
54 0.531013 0.105392 0.058797 0.039316
54 0.235932 0.595625 0.059456 0.038107
54 0.758479 0.595866 0.060414 0.037474
51 0.402107 0.639029 0.029392 0.037153
54 0.171384 0.594751 0.059309 0.037115
53 0.177123 0.658627 0.148428 0.092376
53 0.818339 0.234974 0.145737 0.087580
53 0.818353 0.659023 0.146512 0.089144
53 0.469259 0.167264 0.147505 0.089951
53 0.114912 0.432323 0.204883 0.097267
53 0.911242 0.434238 0.142048 0.088204
53 0.880082 0.432016 0.205322 0.100471
