54 0.468634 0.104471 0.057581 0.035923
51 0.218102 0.366300 0.027921 0.034226
53 0.530307 0.739533 0.140068 0.084891
54 0.532689 0.105218 0.057885 0.037752
53 0.126420 0.427612 0.201429 0.094530
54 0.845467 0.366906 0.059104 0.037460
54 0.909077 0.366554 0.059016 0.037317
53 0.211989 0.233082 0.202341 0.101783
53 0.213966 0.649004 0.203095 0.102309
53 0.815911 0.232647 0.144281 0.088041
53 0.903880 0.428259 0.144526 0.087089
53 0.815162 0.650402 0.145762 0.087645
53 0.471692 0.166742 0.141242 0.087250
53 0.501312 0.166168 0.204207 0.101345
52 0.499932 0.223565 0.133640 0.015175
