54 0.155620 0.368395 0.057857 0.038997
54 0.917322 0.367414 0.057491 0.037869
54 0.091077 0.367654 0.057571 0.037288
54 0.853243 0.369551 0.057066 0.041300
54 0.180025 0.171371 0.059627 0.036816
54 0.763910 0.170789 0.059104 0.039054
54 0.244099 0.172761 0.058568 0.039806
54 0.828266 0.169594 0.057517 0.037138
51 0.548751 0.272462 0.028370 0.034218
53 0.823610 0.233334 0.144453 0.089209
53 0.474893 0.165579 0.146734 0.088129
53 0.913604 0.430801 0.144989 0.088660
53 0.183069 0.234606 0.144290 0.089095
53 0.185035 0.654292 0.148426 0.090385
53 0.824207 0.655224 0.143841 0.088955
53 0.533854 0.744875 0.142881 0.088078
52 0.101418 0.487671 0.093801 0.014901
53 0.114847 0.431138 0.187812 0.089475
