54 0.827713 0.596458 0.059582 0.038094
54 0.761999 0.171637 0.063051 0.040411
53 0.205789 0.237349 0.203690 0.100449
54 0.827507 0.170943 0.059484 0.039707
54 0.916302 0.371778 0.060850 0.038913
54 0.761983 0.597524 0.061919 0.039433
54 0.851560 0.372189 0.059713 0.039855
54 0.147077 0.372272 0.060397 0.039817
54 0.467799 0.103885 0.058758 0.037708
51 0.403304 0.642597 0.029405 0.035498
54 0.082412 0.371888 0.060450 0.037898
53 0.821069 0.660841 0.147684 0.088781
53 0.821459 0.235532 0.146293 0.088431
54 0.171797 0.596546 0.060741 0.038020
54 0.532157 0.104881 0.060060 0.039629
54 0.236191 0.597521 0.060053 0.039496
53 0.179138 0.661852 0.152501 0.088844
53 0.528751 0.752804 0.145130 0.087569
53 0.471736 0.167854 0.148772 0.089778
53 0.086455 0.436428 0.146236 0.088595
53 0.882996 0.434608 0.207725 0.101263
52 0.497309 0.225945 0.138441 0.015924
53 0.914811 0.436030 0.141207 0.089420
