51 0.306033 0.602663 0.028667 0.033804
54 0.823641 0.595285 0.060212 0.037585
54 0.913683 0.370330 0.059904 0.037598
54 0.531105 0.104836 0.058926 0.038172
54 0.465928 0.104281 0.058609 0.036606
54 0.147076 0.370963 0.059533 0.038408
54 0.759573 0.171647 0.060540 0.039711
54 0.823932 0.170670 0.059967 0.038624
54 0.848826 0.371086 0.060446 0.038622
53 0.526051 0.751301 0.144904 0.086917
54 0.236278 0.595980 0.060132 0.039262
54 0.758977 0.596069 0.060944 0.038636
54 0.081461 0.370933 0.060448 0.037735
54 0.171788 0.172748 0.059434 0.037669
54 0.171526 0.595211 0.059371 0.037379
54 0.236299 0.173249 0.060073 0.039433
53 0.818515 0.659176 0.146674 0.089071
53 0.175738 0.235280 0.148428 0.088715
53 0.176793 0.659659 0.148302 0.089782
53 0.820834 0.235226 0.142564 0.087490
53 0.468847 0.167875 0.146457 0.090355
53 0.114925 0.433668 0.204957 0.098657
53 0.912281 0.434478 0.140841 0.087608
53 0.498347 0.166559 0.205945 0.096819
