54 0.823731 0.595400 0.060106 0.037708
54 0.146980 0.371697 0.059818 0.040040
54 0.236397 0.173024 0.060135 0.039032
53 0.526026 0.750703 0.144781 0.087785
54 0.235963 0.596168 0.059971 0.037595
54 0.530915 0.104763 0.058954 0.038671
54 0.466254 0.104014 0.058133 0.036860
54 0.081616 0.370731 0.060252 0.037628
54 0.171573 0.172822 0.059545 0.037524
54 0.171624 0.595148 0.060706 0.037171
53 0.907070 0.434589 0.150205 0.090367
54 0.758940 0.596082 0.060454 0.038339
53 0.176964 0.659454 0.149182 0.089534
53 0.469565 0.168482 0.145671 0.090434
53 0.204868 0.235741 0.203799 0.099401
53 0.817912 0.235063 0.149643 0.089373
53 0.087619 0.435156 0.149720 0.088285
53 0.174892 0.236646 0.143972 0.089577
53 0.820864 0.658669 0.143526 0.088508
52 0.789974 0.715322 0.137567 0.015717
