54 0.756932 0.588115 0.059144 0.039712
54 0.242661 0.587647 0.059310 0.039012
53 0.530821 0.739290 0.140735 0.085555
54 0.845615 0.366854 0.058905 0.037384
54 0.757118 0.170703 0.059441 0.039566
54 0.909022 0.366353 0.059472 0.036261
54 0.092860 0.366040 0.058031 0.036445
54 0.156095 0.366218 0.058593 0.038106
54 0.821549 0.169167 0.059220 0.037763
54 0.821582 0.586281 0.059935 0.037116
54 0.242651 0.171797 0.058818 0.038433
54 0.179966 0.170671 0.058197 0.038142
53 0.821771 0.233501 0.133330 0.084775
54 0.178947 0.586354 0.058821 0.037240
53 0.817403 0.650667 0.142050 0.087581
53 0.101400 0.428827 0.152880 0.090017
53 0.501372 0.166157 0.203084 0.102039
53 0.903369 0.427940 0.145686 0.087457
53 0.184219 0.234662 0.144210 0.089933
51 0.313118 0.591246 0.027063 0.025959
53 0.186598 0.650450 0.149316 0.092559
52 0.790585 0.289689 0.137282 0.016956
53 0.211790 0.231831 0.201554 0.099125
53 0.473225 0.166967 0.144842 0.089286
