53 0.525981 0.741141 0.144331 0.084890
54 0.238629 0.590030 0.059908 0.039507
54 0.756309 0.589646 0.059013 0.038919
54 0.819777 0.588444 0.059271 0.037239
54 0.756335 0.170115 0.059757 0.039824
54 0.844733 0.367664 0.059461 0.037741
54 0.908098 0.367028 0.059095 0.036186
51 0.308525 0.596705 0.029673 0.033675
54 0.238917 0.171318 0.060309 0.039534
53 0.090462 0.430247 0.145871 0.088628
54 0.174609 0.588865 0.060255 0.035827
54 0.819929 0.169154 0.058151 0.037846
54 0.175161 0.170668 0.060696 0.037857
54 0.086755 0.367181 0.060119 0.036996
54 0.150706 0.367713 0.058728 0.039588
53 0.901862 0.430191 0.148917 0.088630
53 0.178954 0.233664 0.145296 0.087110
53 0.470548 0.166414 0.147102 0.090518
53 0.813942 0.232437 0.147473 0.088300
53 0.179619 0.652523 0.146946 0.090592
54 0.529440 0.664760 0.058524 0.060350
53 0.815393 0.652493 0.144390 0.088427
53 0.785843 0.651161 0.204475 0.097003
28 0.529728 0.664990 0.058133 0.060628
