54 0.823009 0.595041 0.060000 0.037835
54 0.913067 0.370148 0.060280 0.037095
54 0.758772 0.171529 0.061042 0.039973
53 0.525779 0.750742 0.144468 0.086575
54 0.823183 0.170651 0.060077 0.038729
54 0.236234 0.172956 0.060064 0.039084
54 0.235836 0.595876 0.059797 0.037513
54 0.465970 0.104057 0.058365 0.036935
54 0.530556 0.104714 0.058907 0.038552
54 0.146890 0.370929 0.059458 0.039035
54 0.848150 0.370651 0.059865 0.038011
54 0.171532 0.172742 0.059450 0.037613
54 0.758431 0.595832 0.060369 0.037314
54 0.081337 0.370366 0.060266 0.037143
54 0.171626 0.594560 0.060976 0.037065
51 0.210212 0.368578 0.028274 0.035092
53 0.470433 0.168162 0.147898 0.089414
53 0.818101 0.659167 0.146331 0.089163
53 0.176683 0.658790 0.148837 0.089396
53 0.817256 0.236320 0.149141 0.091279
53 0.204642 0.235514 0.203827 0.099299
53 0.174422 0.236417 0.143158 0.089794
53 0.880127 0.433737 0.205191 0.100654
53 0.086553 0.434275 0.147470 0.088610
54 0.529382 0.670357 0.059299 0.062374
53 0.910095 0.433971 0.145512 0.089007
