54 0.818872 0.588440 0.059536 0.037313
54 0.755248 0.589705 0.059377 0.038699
54 0.149646 0.367515 0.059956 0.038684
51 0.679565 0.590806 0.028407 0.034366
53 0.091440 0.430864 0.150584 0.088791
53 0.206989 0.652498 0.200759 0.102072
53 0.206848 0.233036 0.202483 0.103970
54 0.085641 0.367022 0.059836 0.037120
53 0.874806 0.429351 0.201336 0.090164
53 0.524591 0.741266 0.146311 0.086093
53 0.470927 0.166471 0.149832 0.089682
53 0.786422 0.652390 0.204239 0.098387
52 0.110740 0.485956 0.130489 0.015432
53 0.816342 0.652963 0.141291 0.090983
53 0.185655 0.234325 0.159779 0.089471
