51 0.797756 0.510331 0.028404 0.035788
53 0.499036 0.170866 0.202703 0.098519
54 0.236397 0.176890 0.059845 0.041147
54 0.171994 0.175305 0.058632 0.037712
53 0.789933 0.237886 0.204003 0.099991
53 0.176552 0.240226 0.148741 0.088362
53 0.089660 0.436887 0.153060 0.089044
53 0.526696 0.753264 0.144658 0.088379
53 0.903639 0.436690 0.156279 0.089763
53 0.817273 0.661727 0.149599 0.089144
53 0.183880 0.661905 0.159128 0.094927
52 0.497973 0.808276 0.134796 0.015843
53 0.823338 0.237573 0.138365 0.090403
51 0.789762 0.403149 0.028177 0.040211
23 0.497725 0.417426 0.059981 0.118720
