51 0.761660 0.334360 0.029013 0.035918
54 0.833251 0.601082 0.059044 0.038270
54 0.767369 0.601734 0.060683 0.040024
54 0.240309 0.601448 0.060639 0.040026
54 0.471333 0.104086 0.060342 0.037938
54 0.083563 0.373629 0.061421 0.039213
54 0.149469 0.373505 0.060933 0.039320
54 0.832899 0.172209 0.060204 0.038635
54 0.858453 0.374605 0.060470 0.041128
53 0.475026 0.169383 0.147175 0.088197
54 0.174472 0.600799 0.061531 0.037759
54 0.768003 0.172874 0.060450 0.039545
54 0.536664 0.105302 0.062050 0.040164
53 0.180007 0.664933 0.151396 0.088470
53 0.828342 0.665276 0.148819 0.088173
54 0.922835 0.373413 0.059678 0.039136
53 0.828729 0.237198 0.147835 0.090171
53 0.535230 0.757440 0.139461 0.088852
53 0.922000 0.440017 0.142189 0.089473
53 0.117574 0.437372 0.207804 0.101988
54 0.535703 0.678958 0.061381 0.060688
52 0.472829 0.813080 0.075541 0.013318
53 0.086412 0.439434 0.145321 0.089463
