51 0.273648 0.324522 0.030088 0.035891
54 0.759390 0.171623 0.060894 0.039754
54 0.146937 0.371729 0.059679 0.039801
53 0.526332 0.750719 0.144117 0.085742
54 0.823803 0.170643 0.060025 0.038505
54 0.236399 0.172986 0.060134 0.039118
54 0.466233 0.104018 0.058123 0.036868
54 0.530915 0.104715 0.059007 0.038585
53 0.789733 0.659048 0.202863 0.103567
54 0.171517 0.595267 0.060773 0.037447
54 0.081614 0.370672 0.060122 0.037369
54 0.235957 0.596135 0.059602 0.038198
54 0.171558 0.172807 0.059588 0.037581
53 0.905936 0.434490 0.151775 0.088869
53 0.819756 0.235014 0.145131 0.087828
53 0.469913 0.168491 0.146207 0.090620
53 0.177362 0.660442 0.149263 0.094845
53 0.086379 0.434591 0.147581 0.087262
53 0.204760 0.235723 0.204275 0.099434
53 0.175141 0.236625 0.144373 0.090012
51 0.205417 0.400190 0.027371 0.036115
