51 0.690365 0.601631 0.029093 0.036199
54 0.239721 0.601645 0.060928 0.040364
53 0.797744 0.666483 0.207324 0.102376
54 0.174261 0.601065 0.061257 0.037854
53 0.916824 0.437802 0.148419 0.089560
53 0.798402 0.236672 0.208312 0.101898
53 0.177823 0.665364 0.147568 0.088869
53 0.478096 0.169300 0.153188 0.089661
53 0.532329 0.756418 0.147395 0.089325
53 0.091591 0.438231 0.155198 0.090335
53 0.182935 0.238215 0.153621 0.091710
53 0.830854 0.236138 0.143720 0.093370
52 0.205197 0.721786 0.142691 0.016970
