53 0.526102 0.741301 0.144209 0.084778
54 0.756382 0.589650 0.058867 0.038911
54 0.819827 0.588459 0.059178 0.037259
54 0.756365 0.170087 0.059753 0.039823
54 0.908083 0.366996 0.059176 0.036140
54 0.238516 0.590019 0.059457 0.039594
54 0.466300 0.102851 0.058284 0.038053
54 0.530309 0.103365 0.058220 0.040440
54 0.174614 0.588835 0.060209 0.035732
54 0.238912 0.171247 0.060283 0.039410
53 0.091231 0.430782 0.147744 0.088905
54 0.845135 0.367503 0.059456 0.037377
54 0.819960 0.169156 0.058060 0.037867
54 0.175145 0.170646 0.060692 0.037864
54 0.086697 0.367181 0.059990 0.036939
53 0.469149 0.166754 0.142271 0.087827
54 0.150740 0.367694 0.058463 0.039522
51 0.679977 0.590278 0.027737 0.033266
53 0.902078 0.429584 0.148344 0.087593
53 0.814297 0.232527 0.146539 0.088087
53 0.179377 0.233373 0.145955 0.087527
53 0.179563 0.652426 0.146664 0.090566
52 0.113392 0.485980 0.132539 0.015343
53 0.815200 0.652365 0.144907 0.088696
53 0.785654 0.651017 0.204949 0.096751
