54 0.822978 0.594996 0.059906 0.037780
51 0.305785 0.602344 0.028668 0.033456
54 0.913024 0.370330 0.060358 0.037697
54 0.236213 0.595395 0.059903 0.038679
54 0.530950 0.104732 0.059238 0.038673
54 0.758856 0.171422 0.060976 0.039419
54 0.466112 0.104205 0.058333 0.037161
53 0.525569 0.750173 0.145234 0.085774
54 0.823184 0.170611 0.060036 0.038731
54 0.848221 0.370793 0.060008 0.038623
54 0.758613 0.595792 0.059370 0.038222
54 0.146871 0.371173 0.059644 0.039155
54 0.081369 0.370762 0.060320 0.037980
54 0.171631 0.172723 0.059446 0.037677
54 0.171418 0.594818 0.059500 0.037433
54 0.235923 0.173393 0.059775 0.038320
53 0.176176 0.236144 0.147747 0.088962
53 0.817692 0.658990 0.147675 0.089340
53 0.204821 0.659413 0.204521 0.100302
53 0.497148 0.166983 0.207525 0.098446
53 0.819714 0.235043 0.143844 0.087861
53 0.086834 0.434991 0.148512 0.088616
53 0.467987 0.168019 0.144478 0.088707
53 0.790323 0.232844 0.203919 0.096287
53 0.178297 0.658895 0.150680 0.091764
51 0.228764 0.491336 0.026098 0.033311
53 0.910105 0.434229 0.144413 0.087959
53 0.879711 0.432220 0.205713 0.100804
