54 0.850978 0.507039 0.060475 0.039196
54 0.916339 0.505957 0.059690 0.039015
53 0.500479 0.168611 0.203351 0.100326
54 0.147022 0.506711 0.060552 0.039619
54 0.082126 0.506356 0.060501 0.038505
53 0.910415 0.570395 0.150901 0.088440
51 0.741267 0.589187 0.028859 0.035426
53 0.528135 0.750504 0.147290 0.089887
53 0.087463 0.570463 0.148411 0.088333
53 0.876611 0.263952 0.150931 0.090638
52 0.883939 0.627234 0.140011 0.015140
53 0.146731 0.262059 0.204171 0.098089
53 0.122604 0.263723 0.155374 0.089019
