51 0.211203 0.370217 0.028189 0.037328
54 0.236310 0.172682 0.060547 0.039968
54 0.147017 0.371972 0.060106 0.039346
54 0.171545 0.172570 0.059820 0.038565
54 0.467508 0.103919 0.059064 0.037841
54 0.531539 0.104945 0.060197 0.039638
54 0.082351 0.371592 0.060142 0.037668
53 0.881174 0.434823 0.206510 0.098767
53 0.470775 0.168674 0.145236 0.089063
53 0.205422 0.236449 0.204752 0.099376
53 0.819362 0.660667 0.149725 0.089942
53 0.528118 0.752396 0.146436 0.088342
53 0.819925 0.234957 0.149544 0.090118
53 0.180612 0.660749 0.154374 0.091831
53 0.085826 0.435726 0.146558 0.088819
52 0.112885 0.491835 0.136598 0.015719
53 0.174795 0.237116 0.143103 0.089463
