54 0.824121 0.597707 0.059517 0.037227
54 0.759422 0.599205 0.059982 0.039302
54 0.530636 0.107741 0.060120 0.039761
54 0.465583 0.107417 0.059309 0.038235
54 0.236400 0.176967 0.059847 0.041228
54 0.172006 0.175304 0.058667 0.037688
54 0.236566 0.599199 0.060093 0.039880
53 0.178306 0.662680 0.151822 0.088888
54 0.081442 0.373610 0.060565 0.038303
54 0.848872 0.374361 0.060221 0.038881
54 0.171620 0.598068 0.059849 0.037218
54 0.913204 0.373394 0.060546 0.037563
53 0.176015 0.240158 0.148121 0.088201
54 0.146643 0.374272 0.060011 0.040009
52 0.879274 0.494016 0.147515 0.016376
53 0.790223 0.237931 0.204524 0.099749
53 0.818507 0.663252 0.147079 0.088647
53 0.527121 0.752982 0.141962 0.088259
53 0.087577 0.437922 0.149621 0.088152
53 0.499742 0.169742 0.201528 0.098885
53 0.467933 0.171281 0.142807 0.088454
53 0.822369 0.237679 0.140116 0.090546
53 0.909233 0.437729 0.149023 0.087624
51 0.790467 0.402709 0.028223 0.037836
51 0.210563 0.368703 0.028377 0.032107
