54 0.155018 0.368444 0.057008 0.038464
54 0.761906 0.592267 0.060184 0.039957
54 0.916610 0.367562 0.057546 0.037102
54 0.243937 0.591605 0.058478 0.039193
53 0.532155 0.744045 0.143757 0.089179
54 0.852744 0.369440 0.057295 0.040242
54 0.091213 0.367564 0.058261 0.036696
54 0.762052 0.170988 0.060871 0.039614
54 0.827421 0.590946 0.057747 0.036728
54 0.243623 0.172197 0.059218 0.039655
54 0.179381 0.591710 0.058791 0.036406
54 0.179315 0.171182 0.058920 0.037272
51 0.281406 0.323405 0.027974 0.034507
54 0.827492 0.169339 0.058099 0.037505
53 0.821658 0.233407 0.146746 0.090117
53 0.912865 0.430350 0.145080 0.088595
53 0.182907 0.234357 0.144551 0.088512
53 0.823553 0.653884 0.143877 0.089370
54 0.535657 0.666750 0.059417 0.059674
53 0.098153 0.430663 0.153229 0.088764
53 0.182800 0.654411 0.143086 0.090874
52 0.785261 0.712039 0.120005 0.016034
53 0.212502 0.652674 0.203573 0.098612
54 0.471449 0.668269 0.061627 0.061129
53 0.123607 0.428914 0.203307 0.095528
