54 0.761465 0.589930 0.060084 0.037741
53 0.532186 0.740860 0.143992 0.084834
54 0.913822 0.367093 0.059184 0.037203
54 0.825279 0.588529 0.059849 0.037203
54 0.825468 0.169047 0.059007 0.037583
54 0.761737 0.169811 0.060143 0.039609
54 0.850093 0.367276 0.059977 0.037325
53 0.212719 0.652096 0.202283 0.101810
51 0.799445 0.503075 0.028771 0.035037
54 0.470974 0.102917 0.059132 0.038198
54 0.535011 0.104030 0.059452 0.040676
53 0.475781 0.165689 0.146698 0.089340
53 0.101798 0.431295 0.157853 0.092242
53 0.820247 0.652775 0.145783 0.087896
53 0.821284 0.232884 0.143790 0.088252
53 0.792686 0.231158 0.203427 0.097072
53 0.880610 0.428851 0.203669 0.094578
53 0.913243 0.429276 0.138527 0.090294
51 0.443652 0.589441 0.026097 0.043060
54 0.535077 0.664959 0.059353 0.059067
