53 0.880966 0.434411 0.204623 0.101116
54 0.825014 0.595495 0.060493 0.037982
51 0.799137 0.508313 0.029391 0.035120
54 0.825242 0.170884 0.059927 0.037921
54 0.146959 0.370808 0.059990 0.037906
54 0.760327 0.595926 0.060550 0.038205
54 0.760667 0.172015 0.061765 0.039384
54 0.082466 0.371174 0.060116 0.037774
53 0.528610 0.751742 0.144015 0.085093
53 0.179635 0.236681 0.150995 0.089739
53 0.116033 0.434192 0.203616 0.098127
53 0.473743 0.166969 0.151397 0.089873
53 0.820832 0.234460 0.145971 0.087532
53 0.791649 0.659104 0.205802 0.103112
53 0.182578 0.660623 0.157589 0.092575
53 0.820791 0.660152 0.145257 0.090458
52 0.792808 0.290691 0.142339 0.016126
28 0.362626 0.414799 0.060894 0.120425
