51 0.690284 0.601455 0.028828 0.036272
54 0.471336 0.104088 0.060432 0.037904
54 0.240036 0.601059 0.059936 0.038809
54 0.858408 0.374556 0.060429 0.041073
54 0.922783 0.373246 0.059490 0.038575
53 0.474486 0.169330 0.146590 0.087891
53 0.117829 0.437047 0.208404 0.103356
54 0.536688 0.105338 0.062095 0.040181
53 0.208209 0.237713 0.206365 0.103259
54 0.174419 0.600905 0.061611 0.037779
52 0.498908 0.811691 0.137340 0.015000
53 0.826190 0.235994 0.152112 0.090074
53 0.919429 0.438710 0.145535 0.089326
53 0.207135 0.664070 0.207999 0.102505
53 0.826826 0.665566 0.151043 0.089312
53 0.534821 0.757280 0.142081 0.088312
54 0.536133 0.678982 0.060474 0.060916
53 0.176338 0.665358 0.144345 0.090459
