54 0.916043 0.371507 0.060403 0.038695
54 0.761617 0.171628 0.062793 0.040331
54 0.826950 0.170873 0.059269 0.039523
54 0.236316 0.172672 0.060542 0.040009
54 0.146896 0.371368 0.059592 0.037590
54 0.171543 0.172565 0.059877 0.038555
54 0.851258 0.371837 0.059859 0.039415
54 0.467544 0.103894 0.059017 0.037748
54 0.171673 0.596124 0.060762 0.037971
54 0.531197 0.105245 0.059413 0.040294
54 0.082396 0.371725 0.060250 0.038100
54 0.236048 0.597707 0.059847 0.041005
53 0.471520 0.168451 0.146332 0.087869
53 0.528782 0.752533 0.144827 0.086115
53 0.821258 0.235496 0.145985 0.088929
53 0.176600 0.660169 0.146974 0.089311
53 0.820001 0.660528 0.148903 0.089393
51 0.543799 0.273637 0.029235 0.036348
53 0.205127 0.236252 0.204722 0.099048
53 0.175484 0.237082 0.144512 0.090098
53 0.116123 0.433727 0.206197 0.101216
53 0.883635 0.433878 0.205139 0.099915
53 0.913283 0.435676 0.143448 0.089520
