54 0.833271 0.600957 0.059008 0.038221
54 0.239696 0.601577 0.061099 0.040488
54 0.536391 0.104703 0.061378 0.040197
54 0.832615 0.172131 0.059678 0.038518
54 0.470967 0.104021 0.059820 0.038332
54 0.083400 0.373556 0.061448 0.039001
54 0.767678 0.172553 0.061480 0.039668
54 0.767616 0.601676 0.060207 0.040491
54 0.149229 0.374623 0.060648 0.041252
54 0.174359 0.600877 0.061443 0.038043
51 0.406741 0.646338 0.028908 0.035298
54 0.858482 0.374079 0.060418 0.040287
53 0.827571 0.665426 0.150869 0.089677
54 0.922845 0.373471 0.059752 0.039071
53 0.179261 0.666006 0.150122 0.091237
53 0.827275 0.237239 0.150131 0.089473
53 0.088695 0.438950 0.149667 0.089080
53 0.475045 0.168954 0.147963 0.089344
53 0.532696 0.756339 0.147316 0.089215
53 0.182995 0.237828 0.154122 0.092240
53 0.504091 0.168089 0.206278 0.103071
53 0.920174 0.438808 0.145169 0.090468
52 0.502086 0.227210 0.142146 0.018263
53 0.888511 0.437810 0.209673 0.099691
54 0.535245 0.678568 0.060687 0.061015
