54 0.827113 0.596059 0.058858 0.038026
54 0.826866 0.170900 0.059347 0.039616
54 0.761546 0.171629 0.062654 0.040165
54 0.916036 0.371664 0.060369 0.038988
54 0.851273 0.371979 0.059828 0.039644
54 0.761662 0.596649 0.061892 0.038295
54 0.531587 0.105430 0.059290 0.040896
54 0.467412 0.104001 0.059103 0.038048
54 0.236085 0.173445 0.060278 0.041235
54 0.147117 0.372434 0.061019 0.040689
54 0.171615 0.172519 0.060078 0.038643
54 0.236024 0.597189 0.059937 0.040084
54 0.171647 0.596163 0.060738 0.037855
53 0.821495 0.235547 0.145795 0.088046
53 0.472819 0.168586 0.149309 0.089916
54 0.082427 0.371694 0.060149 0.037946
53 0.178701 0.661017 0.151929 0.088553
53 0.176469 0.236439 0.146776 0.089912
53 0.528041 0.752639 0.145569 0.086229
53 0.822241 0.659931 0.145826 0.088191
51 0.543744 0.273350 0.029126 0.036486
53 0.087936 0.435957 0.149354 0.090106
53 0.883164 0.434318 0.205958 0.100364
53 0.914243 0.435632 0.141417 0.089801
