54 0.819407 0.201199 0.059471 0.040741
54 0.147007 0.507217 0.059931 0.039271
54 0.114005 0.199843 0.060443 0.037256
54 0.082154 0.506748 0.060584 0.038248
54 0.883809 0.199683 0.060774 0.037492
54 0.179412 0.201562 0.060064 0.040106
53 0.910365 0.570190 0.149312 0.087694
53 0.879965 0.264200 0.144798 0.089204
51 0.403284 0.642496 0.029299 0.035400
53 0.473092 0.167796 0.148790 0.087847
53 0.120836 0.263874 0.152897 0.089568
53 0.528280 0.752720 0.147141 0.088286
52 0.500196 0.807102 0.138626 0.016452
53 0.088346 0.570554 0.150536 0.088890
