54 0.916056 0.371573 0.060473 0.038809
54 0.236353 0.172688 0.060498 0.039981
51 0.800205 0.508782 0.029081 0.034863
54 0.851262 0.371894 0.059883 0.039545
54 0.171605 0.172553 0.059731 0.038586
53 0.473786 0.168566 0.152266 0.088380
53 0.205498 0.236714 0.204651 0.099549
53 0.527990 0.752352 0.147061 0.088134
53 0.819988 0.660797 0.148993 0.089140
53 0.819664 0.235134 0.149860 0.090123
53 0.094696 0.434862 0.162547 0.089599
52 0.500131 0.806383 0.139160 0.017539
53 0.181495 0.661315 0.155704 0.091346
53 0.174519 0.237159 0.142649 0.089732
53 0.914418 0.435462 0.141482 0.089132
