53 0.524419 0.740887 0.144829 0.085551
54 0.755010 0.170305 0.059892 0.039769
54 0.818880 0.588392 0.059558 0.037238
54 0.237529 0.589668 0.060034 0.039089
54 0.755165 0.589694 0.059599 0.038745
54 0.149618 0.367456 0.059994 0.038772
54 0.529122 0.103167 0.058151 0.040444
54 0.465249 0.102896 0.057893 0.038049
54 0.237969 0.171234 0.060310 0.039475
54 0.819060 0.168899 0.058923 0.037475
51 0.275242 0.320961 0.029395 0.036584
54 0.173425 0.589053 0.059565 0.036900
54 0.173851 0.170266 0.060261 0.038476
54 0.085764 0.367047 0.060553 0.036779
53 0.470283 0.167378 0.147621 0.088809
53 0.899072 0.429616 0.151544 0.087049
53 0.091803 0.430597 0.150895 0.089559
53 0.813446 0.232049 0.148014 0.089403
53 0.177508 0.234104 0.144039 0.089273
53 0.206476 0.652414 0.201582 0.101028
54 0.528495 0.665021 0.058534 0.060196
53 0.178220 0.652484 0.145632 0.089930
53 0.816487 0.653238 0.139767 0.088724
53 0.786959 0.652560 0.205446 0.098703
28 0.528789 0.665060 0.058306 0.060443
