54 0.833200 0.601000 0.059171 0.038368
54 0.240158 0.174585 0.060274 0.041579
54 0.767597 0.601424 0.060444 0.040109
54 0.175054 0.173451 0.061678 0.038107
53 0.208363 0.665029 0.206455 0.101203
51 0.309827 0.609508 0.029407 0.036274
53 0.916611 0.437917 0.148551 0.089259
53 0.479475 0.170150 0.155981 0.089062
53 0.178538 0.238388 0.149792 0.088948
53 0.798273 0.236555 0.208103 0.101824
53 0.091455 0.437483 0.155131 0.089912
52 0.503307 0.812533 0.144880 0.015709
53 0.830058 0.236247 0.144838 0.093518
53 0.533682 0.756428 0.144073 0.089465
53 0.798680 0.665370 0.208236 0.102275
53 0.828780 0.665219 0.148314 0.091508
