53 0.878988 0.432734 0.205963 0.097072
54 0.823749 0.595391 0.060005 0.037741
53 0.204987 0.658341 0.204155 0.099446
53 0.115189 0.432336 0.204103 0.097526
53 0.526270 0.748942 0.146087 0.090724
54 0.759042 0.596097 0.060994 0.038675
53 0.176600 0.236887 0.148795 0.090462
54 0.236328 0.173243 0.060063 0.039415
54 0.171861 0.172809 0.059296 0.037631
51 0.542209 0.273304 0.028899 0.035826
53 0.819067 0.658260 0.147282 0.088594
53 0.819966 0.234284 0.145042 0.089258
53 0.499466 0.166962 0.204553 0.098806
53 0.470873 0.167336 0.149787 0.091302
