54 0.850177 0.367653 0.060005 0.037708
54 0.913832 0.367011 0.059146 0.037047
54 0.243755 0.589496 0.059492 0.038936
53 0.124644 0.429497 0.201591 0.098505
53 0.531492 0.741671 0.145080 0.085485
54 0.761737 0.170010 0.060336 0.039957
54 0.825460 0.169030 0.059028 0.037538
51 0.546856 0.270553 0.029873 0.035960
53 0.908994 0.430098 0.145966 0.087477
54 0.179610 0.589161 0.059744 0.037630
54 0.470960 0.102882 0.059281 0.038224
53 0.476199 0.166108 0.145954 0.089540
53 0.820980 0.232747 0.144124 0.088874
54 0.534439 0.104004 0.059063 0.040382
53 0.212704 0.652073 0.201833 0.100218
53 0.792995 0.651445 0.201853 0.099759
53 0.187489 0.233315 0.150172 0.090201
53 0.820757 0.651573 0.144541 0.093417
52 0.502739 0.795904 0.140828 0.015053
29 0.501310 0.415638 0.061564 0.132001
53 0.213478 0.232305 0.203228 0.097304
