51 0.754740 0.334580 0.028318 0.033315
54 0.914699 0.371193 0.059165 0.037336
54 0.825988 0.170702 0.059697 0.039296
53 0.527908 0.753361 0.144175 0.087110
54 0.760419 0.171626 0.061761 0.040803
54 0.849837 0.372689 0.060086 0.039922
53 0.114728 0.433006 0.203914 0.098147
53 0.177096 0.235430 0.152956 0.089486
53 0.821775 0.235632 0.144399 0.090876
53 0.203569 0.658303 0.203534 0.097205
52 0.500277 0.807045 0.139849 0.016109
53 0.909720 0.435333 0.151621 0.088953
53 0.468414 0.168217 0.145889 0.087307
53 0.821475 0.660018 0.145333 0.090505
53 0.916199 0.957337 0.160856 0.080900
53 0.794265 0.659648 0.201157 0.098588
53 0.173749 0.660041 0.143872 0.090471
