54 0.833233 0.601094 0.059138 0.038314
54 0.240185 0.600967 0.060907 0.039311
54 0.240121 0.174564 0.060285 0.041597
54 0.536447 0.105300 0.061507 0.041529
54 0.767654 0.601524 0.060485 0.040109
54 0.083392 0.373527 0.061436 0.039052
54 0.175079 0.173485 0.061665 0.038086
54 0.149187 0.374558 0.060717 0.041743
51 0.213301 0.373854 0.029357 0.040499
54 0.471052 0.103896 0.060591 0.038384
53 0.474876 0.169491 0.146807 0.088240
54 0.174456 0.601109 0.061681 0.038455
53 0.798413 0.236892 0.209003 0.101719
53 0.178174 0.238028 0.148602 0.088150
53 0.916280 0.437989 0.148878 0.089465
53 0.533895 0.756429 0.145589 0.089400
53 0.088542 0.439060 0.149429 0.089235
53 0.206950 0.665215 0.208776 0.103531
53 0.829383 0.665147 0.147266 0.088919
53 0.827671 0.236302 0.149978 0.094677
52 0.802918 0.721250 0.148026 0.015876
53 0.176235 0.665494 0.144202 0.091360
