54 0.825074 0.595442 0.060423 0.037580
54 0.914530 0.370654 0.059546 0.037810
54 0.237347 0.595628 0.060196 0.038617
54 0.849961 0.371540 0.060801 0.039447
54 0.147930 0.370707 0.060231 0.037827
51 0.307371 0.602847 0.029336 0.034356
54 0.237389 0.172864 0.060528 0.039592
54 0.172989 0.172705 0.060385 0.037859
54 0.760217 0.596114 0.061259 0.038357
54 0.467011 0.104143 0.058175 0.037272
54 0.082447 0.371142 0.060280 0.038095
54 0.172645 0.595134 0.059951 0.037318
54 0.532108 0.105000 0.059409 0.038916
53 0.528310 0.750615 0.144393 0.087260
53 0.818940 0.659365 0.148056 0.088596
53 0.115850 0.434087 0.203593 0.097911
53 0.471748 0.167558 0.148713 0.088736
53 0.205784 0.659880 0.204809 0.100606
53 0.176958 0.235933 0.146916 0.090459
53 0.908721 0.434462 0.151337 0.088741
53 0.177150 0.659114 0.146739 0.091246
53 0.204179 0.234219 0.202527 0.098025
