54 0.155445 0.368501 0.058007 0.039286
54 0.917315 0.367433 0.057563 0.037824
54 0.244207 0.591762 0.058623 0.040264
51 0.218669 0.368592 0.027582 0.033019
53 0.532948 0.745083 0.144725 0.089537
54 0.090510 0.367511 0.058530 0.037213
54 0.763201 0.592331 0.060998 0.040314
54 0.853403 0.369798 0.056644 0.041620
54 0.180288 0.591667 0.059489 0.037142
54 0.763825 0.170714 0.059474 0.038841
54 0.828300 0.591079 0.056722 0.037029
54 0.828241 0.169729 0.057707 0.037149
53 0.824851 0.654200 0.144365 0.089225
54 0.472110 0.103820 0.059715 0.036565
53 0.822244 0.234069 0.146652 0.090747
53 0.474998 0.166797 0.147247 0.084370
53 0.913911 0.431151 0.144355 0.090019
53 0.182973 0.654631 0.144632 0.089713
54 0.535486 0.104755 0.058600 0.038493
53 0.096096 0.430771 0.149454 0.088136
54 0.535250 0.666935 0.058895 0.059532
53 0.123963 0.430083 0.205867 0.092958
52 0.872106 0.487221 0.111653 0.013821
