53 0.550170 0.741357 0.143564 0.084850
54 0.554525 0.103345 0.059028 0.040475
54 0.262843 0.589526 0.060201 0.038557
53 0.811161 0.652193 0.201915 0.099348
54 0.198652 0.588742 0.059655 0.035556
54 0.490508 0.102787 0.057620 0.037900
53 0.232570 0.232549 0.202555 0.103893
53 0.495429 0.166458 0.146750 0.087513
53 0.926499 0.430022 0.145390 0.086696
51 0.704710 0.590656 0.028264 0.034595
53 0.839352 0.232464 0.145432 0.089249
53 0.120848 0.429045 0.156524 0.087748
53 0.202276 0.652927 0.143886 0.090220
53 0.231467 0.653045 0.204404 0.100053
54 0.553870 0.666090 0.058453 0.060272
