53 0.880885 0.430490 0.201073 0.098803
54 0.243741 0.589504 0.059480 0.038959
53 0.531303 0.741322 0.144985 0.086380
54 0.156026 0.367003 0.058794 0.037929
54 0.825359 0.169085 0.059288 0.037670
54 0.091421 0.367093 0.059118 0.036659
54 0.761764 0.169850 0.060215 0.039486
54 0.179553 0.589173 0.059587 0.037608
54 0.470934 0.102891 0.059369 0.038202
51 0.219009 0.366869 0.027939 0.034284
54 0.534446 0.103999 0.059117 0.040339
53 0.475136 0.166632 0.144644 0.087392
53 0.212700 0.651989 0.201928 0.100332
53 0.819575 0.652232 0.146896 0.087987
53 0.124375 0.429142 0.201809 0.099704
53 0.820906 0.233038 0.144669 0.087420
54 0.534713 0.664049 0.059443 0.060663
52 0.503069 0.795811 0.142375 0.015033
53 0.792480 0.230750 0.203836 0.096919
