54 0.850177 0.367630 0.059913 0.037651
53 0.532277 0.741250 0.143255 0.084047
54 0.761468 0.589928 0.060081 0.039302
54 0.913836 0.367007 0.059139 0.037020
54 0.761740 0.170012 0.060344 0.039993
54 0.825209 0.588420 0.059957 0.036979
54 0.156146 0.366938 0.058896 0.037963
54 0.244169 0.171518 0.060786 0.039492
54 0.825456 0.169029 0.059011 0.037554
51 0.408053 0.632960 0.029162 0.035077
54 0.243594 0.589496 0.059131 0.039132
54 0.470942 0.102875 0.059315 0.038194
54 0.091968 0.366795 0.059107 0.036818
54 0.179579 0.589167 0.059651 0.037628
53 0.908725 0.429991 0.146803 0.087714
53 0.475861 0.165966 0.145271 0.089474
54 0.179696 0.170578 0.059220 0.037111
54 0.534773 0.104078 0.059642 0.040296
53 0.820928 0.232620 0.144282 0.088923
53 0.212770 0.652085 0.201541 0.099968
53 0.125265 0.430456 0.199656 0.099293
53 0.184034 0.233684 0.144407 0.088457
52 0.210797 0.290653 0.135617 0.016413
53 0.819272 0.652785 0.147458 0.088163
51 0.293736 0.548188 0.025722 0.038428
53 0.097503 0.429986 0.149336 0.089002
