54 0.819199 0.200534 0.059860 0.039474
54 0.147159 0.506940 0.060181 0.039538
54 0.113990 0.199847 0.060440 0.037269
51 0.217047 0.361809 0.028283 0.034524
54 0.082154 0.506794 0.060523 0.038257
54 0.883883 0.199660 0.060820 0.037453
54 0.179428 0.201572 0.060069 0.040119
53 0.909900 0.570361 0.149933 0.087495
53 0.528796 0.753346 0.146358 0.087028
53 0.472752 0.167784 0.148077 0.088109
53 0.120394 0.263971 0.152050 0.089915
53 0.878473 0.264748 0.147264 0.090502
52 0.499882 0.806892 0.137498 0.016367
53 0.115983 0.570720 0.206243 0.101636
51 0.440326 0.602617 0.027083 0.033586
53 0.849499 0.263182 0.205261 0.097739
53 0.088122 0.570889 0.149944 0.090401
51 0.236013 0.544969 0.024634 0.032520
