53 0.529675 0.741254 0.143373 0.084409
53 0.122206 0.429725 0.202028 0.098954
54 0.759148 0.589525 0.059379 0.038456
54 0.847717 0.367290 0.059492 0.037404
54 0.911540 0.367088 0.059309 0.037326
53 0.502009 0.167575 0.201075 0.099904
54 0.822994 0.588646 0.059192 0.036724
53 0.790074 0.232656 0.201345 0.099144
51 0.545160 0.270612 0.029131 0.036038
53 0.186945 0.651671 0.152465 0.091764
53 0.185087 0.233889 0.150398 0.088170
53 0.790026 0.652009 0.203063 0.097842
53 0.878933 0.430357 0.202373 0.100012
53 0.819907 0.232706 0.142363 0.090927
