54 0.236480 0.598485 0.059773 0.038801
53 0.789765 0.662553 0.202714 0.101323
53 0.498366 0.170228 0.203903 0.099261
53 0.115432 0.436696 0.204611 0.102093
54 0.171707 0.597930 0.058836 0.036767
54 0.913537 0.373712 0.060046 0.038614
54 0.848792 0.374464 0.060366 0.039565
51 0.401897 0.643504 0.029872 0.036001
53 0.815200 0.237564 0.154646 0.090066
53 0.526790 0.751368 0.144402 0.088906
53 0.204566 0.238683 0.203164 0.099362
53 0.908756 0.437863 0.148777 0.088440
53 0.174382 0.662414 0.143390 0.088613
53 0.179203 0.239459 0.151763 0.091293
53 0.204177 0.662800 0.206683 0.107131
52 0.205309 0.718145 0.142091 0.015849
