53 0.549802 0.741242 0.144335 0.085417
54 0.554528 0.103392 0.059092 0.040613
54 0.843956 0.588423 0.059469 0.037277
54 0.780405 0.589689 0.059298 0.038675
54 0.780316 0.170004 0.059718 0.039250
54 0.869157 0.367594 0.059358 0.037822
54 0.489689 0.102655 0.058927 0.038708
54 0.262606 0.589514 0.059849 0.039022
54 0.198597 0.588996 0.059598 0.036741
53 0.232315 0.233047 0.202543 0.103342
54 0.844183 0.168709 0.058857 0.037082
54 0.932375 0.366701 0.058635 0.036641
53 0.115686 0.430165 0.147831 0.088318
53 0.927692 0.430215 0.144225 0.088131
54 0.175048 0.367233 0.059923 0.038777
54 0.110883 0.367150 0.060245 0.036931
51 0.427434 0.633351 0.029018 0.035781
53 0.231592 0.652299 0.201504 0.101027
53 0.493955 0.167797 0.144875 0.092120
53 0.839934 0.231764 0.144554 0.087515
53 0.811865 0.652232 0.203694 0.097893
53 0.840440 0.652463 0.143371 0.089622
54 0.553604 0.665027 0.058867 0.060679
53 0.204378 0.652610 0.147651 0.090218
51 0.312817 0.551032 0.026071 0.032988
51 0.256081 0.484062 0.025081 0.037355
28 0.553870 0.665147 0.058598 0.061073
53 0.207941 0.234546 0.153483 0.089601
