51 0.217182 0.361875 0.028458 0.035601
54 0.819232 0.201107 0.059698 0.040744
54 0.916194 0.506827 0.060820 0.038191
54 0.147099 0.506972 0.060019 0.039272
54 0.851386 0.507271 0.060051 0.039151
54 0.114009 0.199859 0.060476 0.037274
54 0.883843 0.199674 0.060797 0.037429
54 0.179417 0.201640 0.060062 0.040211
53 0.912947 0.570459 0.146199 0.087765
54 0.082161 0.506924 0.060482 0.038325
53 0.877379 0.264347 0.149798 0.089547
53 0.472926 0.167763 0.148519 0.087976
53 0.120529 0.264008 0.151871 0.089946
53 0.528637 0.752563 0.146404 0.089488
53 0.089010 0.571428 0.153126 0.090796
53 0.115101 0.572317 0.203838 0.099025
52 0.115542 0.627507 0.141052 0.016986
28 0.566971 0.416102 0.061351 0.119978
