54 0.824248 0.173822 0.059715 0.037929
54 0.530687 0.107797 0.060001 0.039895
54 0.465617 0.107442 0.059211 0.038267
54 0.236404 0.176963 0.059908 0.041281
54 0.759530 0.174767 0.061329 0.039021
54 0.172008 0.175332 0.058671 0.037737
51 0.541791 0.276142 0.029387 0.036809
54 0.236558 0.599182 0.060067 0.039861
54 0.171611 0.598067 0.059837 0.037216
54 0.913656 0.373680 0.059829 0.038344
54 0.081460 0.373632 0.060588 0.038347
53 0.178281 0.662998 0.151875 0.089551
53 0.176471 0.240232 0.148775 0.088470
54 0.848550 0.374557 0.059860 0.039363
54 0.146967 0.374569 0.060262 0.039510
53 0.815922 0.662127 0.149947 0.088667
53 0.526598 0.753414 0.144322 0.087956
53 0.087463 0.438000 0.149249 0.088259
52 0.497417 0.807958 0.132804 0.015925
53 0.500051 0.169643 0.200397 0.097610
53 0.819525 0.238016 0.145040 0.087469
53 0.469409 0.170781 0.145539 0.088037
53 0.907797 0.438388 0.150149 0.088369
