54 0.826255 0.596642 0.058643 0.036799
54 0.145725 0.371404 0.059222 0.037520
54 0.235252 0.596854 0.059429 0.039298
51 0.799465 0.509459 0.028938 0.033745
54 0.171225 0.596453 0.058373 0.036537
54 0.914696 0.371193 0.059224 0.037427
54 0.530716 0.104993 0.058756 0.039090
54 0.234948 0.173851 0.059617 0.040691
54 0.171063 0.172853 0.059061 0.037682
54 0.826042 0.170752 0.059589 0.039263
54 0.760446 0.171657 0.061711 0.040841
54 0.466185 0.104123 0.057932 0.037001
54 0.081192 0.371127 0.058678 0.036841
54 0.760591 0.597258 0.060155 0.039642
54 0.849831 0.372713 0.060192 0.040104
53 0.821701 0.235509 0.144524 0.090240
53 0.174784 0.236296 0.146792 0.088820
53 0.822169 0.660595 0.144492 0.089182
53 0.174687 0.660100 0.145457 0.089349
53 0.468682 0.168326 0.145806 0.086617
53 0.911355 0.435730 0.147425 0.088831
53 0.527252 0.753030 0.145054 0.087814
53 0.203156 0.659484 0.204112 0.098376
52 0.170960 0.717014 0.074582 0.013062
53 0.084685 0.435234 0.144689 0.089044
53 0.115170 0.434290 0.205335 0.094874
