54 0.850789 0.507111 0.060770 0.039361
54 0.916319 0.505958 0.059807 0.038982
51 0.217049 0.361531 0.028658 0.035401
54 0.818844 0.201041 0.059894 0.040718
53 0.500533 0.168396 0.203124 0.099683
54 0.113964 0.199751 0.060501 0.037273
54 0.883448 0.199700 0.061208 0.037629
53 0.877273 0.264679 0.149438 0.089891
54 0.179216 0.200892 0.060071 0.039061
53 0.909675 0.570555 0.152582 0.089324
53 0.528198 0.750577 0.147226 0.090127
53 0.147827 0.263359 0.204168 0.100394
53 0.115914 0.568666 0.205619 0.093611
52 0.885346 0.627157 0.137224 0.014653
