54 0.833348 0.601006 0.058850 0.038377
54 0.536435 0.105283 0.061559 0.041478
54 0.083394 0.373550 0.061444 0.039039
54 0.767496 0.601630 0.060683 0.040494
51 0.690433 0.600439 0.028626 0.034721
54 0.471049 0.103915 0.060592 0.038406
53 0.475130 0.169759 0.147223 0.088587
54 0.922707 0.373368 0.059769 0.038703
54 0.149162 0.374605 0.060565 0.041587
53 0.828317 0.665550 0.148666 0.088489
54 0.858404 0.374225 0.060691 0.040655
53 0.088346 0.438892 0.148849 0.089279
53 0.798465 0.236490 0.208495 0.101694
51 0.232073 0.495449 0.025571 0.033136
53 0.922012 0.439480 0.142781 0.088557
52 0.889711 0.495930 0.143807 0.014951
53 0.533633 0.756581 0.146223 0.089150
53 0.183064 0.238046 0.154168 0.092270
53 0.828372 0.236344 0.148435 0.094122
