54 0.826346 0.596720 0.058661 0.036886
54 0.145778 0.371404 0.059055 0.037375
54 0.826010 0.170696 0.059716 0.039294
51 0.402245 0.642885 0.029473 0.035782
54 0.760435 0.171613 0.061822 0.040725
54 0.081221 0.371155 0.058495 0.036745
54 0.760440 0.597238 0.059944 0.039505
52 0.115431 0.492311 0.142557 0.015931
53 0.203740 0.658535 0.204576 0.097234
53 0.821759 0.235482 0.144662 0.090441
53 0.176880 0.236009 0.152202 0.089532
53 0.910640 0.434990 0.149465 0.088135
53 0.821827 0.660932 0.144389 0.088527
53 0.498416 0.166840 0.204417 0.095458
53 0.528440 0.752108 0.146353 0.087901
53 0.083889 0.435261 0.144229 0.088936
53 0.114321 0.434941 0.203664 0.098642
53 0.174282 0.660421 0.144547 0.090723
53 0.467718 0.168415 0.144897 0.086759
