54 0.823020 0.595069 0.060066 0.037848
54 0.848160 0.371368 0.060374 0.039582
54 0.912932 0.370276 0.060609 0.037629
54 0.758760 0.171674 0.060996 0.039613
51 0.682820 0.595980 0.028942 0.034760
54 0.236245 0.172883 0.060022 0.039133
54 0.823144 0.170592 0.060065 0.038583
53 0.525638 0.750430 0.145049 0.084959
54 0.530510 0.104715 0.059089 0.038579
54 0.146875 0.370985 0.059336 0.038802
54 0.758482 0.595791 0.060327 0.037296
54 0.466013 0.104063 0.058301 0.036974
54 0.171533 0.172722 0.059442 0.037603
54 0.235862 0.595749 0.059416 0.038230
54 0.171618 0.594581 0.060838 0.037095
54 0.081367 0.370333 0.060177 0.036913
53 0.471477 0.168317 0.149626 0.089626
53 0.818054 0.657932 0.146459 0.089378
53 0.176111 0.659139 0.147533 0.088756
53 0.818523 0.234954 0.146493 0.087643
53 0.204541 0.235168 0.203681 0.099195
53 0.087423 0.434233 0.149616 0.089459
53 0.907679 0.434178 0.148575 0.087769
52 0.088360 0.491073 0.087965 0.016099
53 0.174986 0.236101 0.144292 0.089646
