54 0.240257 0.601081 0.060868 0.039305
54 0.239970 0.174645 0.060100 0.041187
54 0.767765 0.172487 0.061500 0.039488
54 0.175080 0.173541 0.061813 0.038100
54 0.832564 0.172082 0.059694 0.038654
54 0.083396 0.373631 0.061457 0.039260
54 0.149202 0.373672 0.060736 0.039859
54 0.174474 0.601032 0.061630 0.038279
53 0.177794 0.238267 0.148069 0.088088
51 0.309775 0.609501 0.029696 0.036336
53 0.916826 0.437799 0.148343 0.089169
53 0.828109 0.665430 0.148983 0.090526
53 0.116913 0.438254 0.205372 0.100295
53 0.504907 0.168407 0.205201 0.103535
53 0.826678 0.235915 0.151514 0.090969
53 0.534762 0.757161 0.142557 0.088862
53 0.207123 0.665648 0.208931 0.101694
52 0.503264 0.812603 0.143683 0.015796
53 0.183340 0.666011 0.158747 0.093198
53 0.479220 0.168727 0.155187 0.090769
54 0.535718 0.678420 0.060891 0.059504
