54 0.833349 0.601001 0.058843 0.038344
54 0.239783 0.601579 0.061276 0.040433
54 0.240106 0.174567 0.060324 0.041614
54 0.536453 0.105345 0.061495 0.041575
54 0.767580 0.601681 0.060640 0.040557
51 0.213321 0.373917 0.029312 0.040518
54 0.083391 0.373540 0.061449 0.039050
54 0.149198 0.374592 0.060679 0.041798
54 0.175054 0.173502 0.061674 0.038110
54 0.471100 0.103922 0.060562 0.038389
54 0.922721 0.373417 0.059806 0.038735
53 0.474802 0.169647 0.146702 0.087939
53 0.828367 0.665487 0.148662 0.088326
54 0.858366 0.374311 0.060707 0.040672
54 0.174418 0.601108 0.061559 0.038428
53 0.179420 0.665779 0.150553 0.091087
53 0.178501 0.237984 0.149912 0.088189
52 0.889808 0.495495 0.145179 0.014701
53 0.923172 0.439344 0.140158 0.088217
53 0.533574 0.756615 0.146469 0.089489
53 0.088456 0.439009 0.149305 0.089131
53 0.826042 0.236529 0.153532 0.094367
53 0.797959 0.236271 0.209900 0.100617
