51 0.749661 0.329332 0.029500 0.036333
54 0.756334 0.589596 0.058879 0.038866
53 0.526961 0.741482 0.142976 0.085780
54 0.819803 0.588366 0.059236 0.037062
54 0.238585 0.590047 0.059836 0.039582
54 0.756361 0.170079 0.059739 0.039813
54 0.908062 0.366983 0.059209 0.036110
54 0.466289 0.102858 0.058274 0.038074
54 0.530310 0.103371 0.058210 0.040465
53 0.090720 0.430396 0.146338 0.088705
54 0.844654 0.367667 0.059550 0.037690
54 0.238892 0.171243 0.060317 0.039424
54 0.174609 0.588825 0.060282 0.035818
54 0.819981 0.169128 0.058074 0.037877
54 0.175144 0.170639 0.060704 0.037955
53 0.469099 0.166618 0.142125 0.087533
54 0.086750 0.367174 0.060089 0.036989
54 0.150712 0.367681 0.058605 0.039617
53 0.814609 0.232650 0.145921 0.088179
53 0.901828 0.430074 0.148893 0.088310
53 0.179795 0.652614 0.147236 0.090697
53 0.179467 0.233356 0.145909 0.087411
53 0.815371 0.652191 0.144651 0.088418
53 0.785582 0.650996 0.204990 0.095828
52 0.496784 0.795763 0.133048 0.014056
54 0.529446 0.665381 0.058871 0.058868
