54 0.242854 0.587888 0.059938 0.039170
53 0.530113 0.739170 0.141558 0.085695
54 0.845463 0.366951 0.059214 0.037454
54 0.242782 0.171982 0.059887 0.039205
54 0.821628 0.586288 0.059940 0.037463
54 0.756825 0.587703 0.059531 0.038887
54 0.908834 0.366444 0.059687 0.036324
54 0.468681 0.104326 0.058184 0.036510
54 0.092822 0.366092 0.058244 0.036432
53 0.905207 0.428535 0.142221 0.085636
54 0.179907 0.170788 0.058351 0.038236
54 0.156018 0.366391 0.058771 0.038215
54 0.179067 0.586346 0.059445 0.037289
54 0.532922 0.105366 0.059051 0.038477
53 0.096885 0.428090 0.144258 0.086805
53 0.473335 0.167429 0.144062 0.086387
53 0.183939 0.234353 0.144069 0.087799
53 0.788384 0.231430 0.201141 0.101345
53 0.186492 0.650719 0.148555 0.088488
51 0.218261 0.366431 0.027338 0.034132
53 0.817422 0.650461 0.141785 0.088481
53 0.817217 0.232088 0.141117 0.092233
52 0.875908 0.483736 0.133746 0.015913
53 0.791429 0.649520 0.194324 0.093296
