51 0.281779 0.321073 0.028740 0.036172
53 0.531808 0.741358 0.143951 0.083960
54 0.850328 0.367834 0.059741 0.038090
54 0.913920 0.367018 0.058963 0.037015
53 0.909880 0.430659 0.145176 0.088182
54 0.244027 0.170991 0.060394 0.038073
53 0.125669 0.427916 0.202276 0.102170
54 0.179721 0.170739 0.059282 0.037317
53 0.477733 0.165922 0.150126 0.091284
53 0.819193 0.232890 0.148212 0.089002
53 0.819483 0.652314 0.146477 0.088050
53 0.211549 0.233050 0.202746 0.099212
52 0.883575 0.485664 0.137635 0.014217
53 0.212073 0.650580 0.200988 0.104295
53 0.183652 0.233632 0.144217 0.087565
