51 0.806753 0.512026 0.028426 0.035469
54 0.833159 0.600958 0.059266 0.038204
54 0.767542 0.601692 0.060136 0.040468
54 0.240068 0.174648 0.060020 0.041335
54 0.832566 0.172114 0.059637 0.038569
54 0.767749 0.172545 0.061512 0.039413
54 0.175090 0.173533 0.061711 0.038104
54 0.536343 0.104874 0.061201 0.040677
53 0.117648 0.438335 0.207289 0.101339
54 0.470967 0.104116 0.059981 0.038745
54 0.858398 0.374307 0.060698 0.041252
53 0.208331 0.664352 0.205557 0.102228
52 0.203233 0.297382 0.136690 0.016681
54 0.922832 0.373346 0.060169 0.039823
53 0.828492 0.665350 0.148444 0.089221
53 0.177370 0.236961 0.147171 0.090070
53 0.532849 0.756502 0.146008 0.088435
53 0.475734 0.169345 0.147131 0.090489
53 0.919783 0.438618 0.145183 0.089364
53 0.827321 0.236145 0.150860 0.086673
