54 0.850150 0.367630 0.060041 0.037659
54 0.761488 0.589855 0.060066 0.039310
54 0.913869 0.366991 0.059043 0.037007
53 0.124636 0.429516 0.201889 0.098958
53 0.532239 0.741340 0.143580 0.083777
54 0.244181 0.171515 0.060866 0.039426
54 0.761673 0.169927 0.060174 0.039893
54 0.825190 0.588412 0.059909 0.036965
54 0.825445 0.168881 0.058851 0.037288
54 0.243587 0.589538 0.059106 0.039180
51 0.799398 0.503373 0.028384 0.034503
54 0.179625 0.589177 0.059655 0.037660
54 0.470931 0.102855 0.059422 0.038187
54 0.179764 0.170659 0.059275 0.037259
53 0.909210 0.429895 0.145839 0.087479
54 0.534886 0.103764 0.059718 0.039925
53 0.475918 0.166375 0.145569 0.089730
53 0.183445 0.233951 0.144324 0.087807
53 0.212814 0.651989 0.201474 0.100368
53 0.820973 0.231734 0.144888 0.088719
53 0.819281 0.652491 0.147428 0.088482
52 0.792153 0.289587 0.140893 0.017502
51 0.443692 0.594981 0.024672 0.032297
