51 0.401905 0.633413 0.029081 0.035881
53 0.785857 0.652296 0.200642 0.099673
54 0.237564 0.589561 0.060044 0.038835
54 0.529163 0.103209 0.058065 0.040585
54 0.465237 0.102856 0.057939 0.038015
54 0.173484 0.589039 0.059754 0.036007
53 0.207042 0.233093 0.201981 0.103828
53 0.524598 0.741238 0.146160 0.084576
53 0.470796 0.166934 0.148798 0.088774
53 0.894946 0.429481 0.160298 0.088775
53 0.811110 0.232228 0.150928 0.089417
53 0.206247 0.652539 0.201798 0.101093
53 0.094428 0.429591 0.155368 0.088967
53 0.178165 0.652574 0.145412 0.089016
53 0.118530 0.428145 0.203821 0.097110
53 0.184241 0.234431 0.157399 0.089913
