54 0.819234 0.201108 0.059710 0.040779
54 0.916185 0.506845 0.060816 0.038154
54 0.147124 0.506991 0.060239 0.039542
54 0.851362 0.507269 0.060076 0.039169
54 0.467677 0.103867 0.059025 0.037617
54 0.883850 0.199644 0.060837 0.037431
53 0.912916 0.570481 0.146237 0.087798
54 0.082138 0.506861 0.060568 0.038282
54 0.532061 0.105282 0.059298 0.040376
51 0.741307 0.590142 0.028690 0.035778
53 0.877405 0.264575 0.149805 0.089685
53 0.472623 0.167787 0.150742 0.090345
53 0.126382 0.263323 0.163987 0.091193
53 0.528711 0.750821 0.146242 0.089514
53 0.115493 0.570779 0.205225 0.101212
53 0.088939 0.571077 0.151786 0.090653
