51 0.752982 0.335874 0.030066 0.036515
54 0.236612 0.598379 0.059991 0.038693
54 0.824182 0.173802 0.059825 0.037820
54 0.236546 0.176409 0.059823 0.040045
53 0.499173 0.170893 0.202641 0.098690
54 0.171924 0.175242 0.058486 0.037517
54 0.146794 0.374025 0.060075 0.039005
54 0.759559 0.174944 0.060553 0.039514
54 0.081481 0.373554 0.060726 0.038302
54 0.171676 0.598034 0.059007 0.036934
54 0.913528 0.373729 0.060080 0.038617
53 0.177119 0.240073 0.149800 0.088524
53 0.115165 0.436817 0.203651 0.099536
53 0.818809 0.237946 0.146617 0.087610
54 0.848620 0.374668 0.059860 0.039898
53 0.204039 0.662779 0.205864 0.102922
53 0.527868 0.752029 0.142804 0.087659
53 0.908693 0.437856 0.148739 0.088180
52 0.182188 0.718885 0.096635 0.015085
53 0.172646 0.661988 0.139661 0.087837
