51 0.761637 0.334371 0.028536 0.037340
54 0.832626 0.172110 0.059476 0.038606
54 0.767335 0.172612 0.060415 0.039747
53 0.208520 0.664280 0.204929 0.103462
53 0.798836 0.667252 0.207026 0.102430
54 0.858442 0.374329 0.060809 0.041067
54 0.922800 0.373375 0.060124 0.039817
53 0.479961 0.169855 0.157957 0.090622
53 0.533012 0.755531 0.146721 0.089951
53 0.919739 0.438492 0.145127 0.089397
53 0.827278 0.237302 0.149858 0.090425
53 0.092409 0.438072 0.155992 0.090479
53 0.184786 0.237726 0.157487 0.092943
