54 0.913473 0.370677 0.060252 0.037470
54 0.531084 0.104738 0.058865 0.038216
54 0.147095 0.370867 0.059682 0.038404
53 0.525523 0.751005 0.146842 0.085550
54 0.465948 0.104201 0.058614 0.036547
54 0.759633 0.171614 0.060438 0.039753
54 0.823940 0.170679 0.059950 0.038660
54 0.236369 0.595993 0.060258 0.039129
54 0.081507 0.370845 0.060554 0.037614
54 0.171632 0.595208 0.060803 0.037258
54 0.848735 0.371140 0.060148 0.038641
53 0.820901 0.234462 0.143242 0.088511
51 0.542142 0.272915 0.029138 0.035774
53 0.176663 0.659833 0.148192 0.089960
53 0.817625 0.658504 0.148360 0.089882
53 0.470397 0.167739 0.148709 0.089216
53 0.114899 0.433738 0.205268 0.098930
52 0.501190 0.803616 0.138954 0.013735
53 0.909365 0.434303 0.146636 0.089379
53 0.498642 0.167174 0.205388 0.098665
