53 0.526053 0.741448 0.142124 0.086111
54 0.237529 0.589631 0.060067 0.039012
53 0.786169 0.652050 0.202174 0.099797
54 0.529136 0.103186 0.058136 0.040543
54 0.465252 0.102885 0.057886 0.038081
54 0.173404 0.588964 0.059563 0.035932
53 0.470835 0.167334 0.147995 0.088065
51 0.679560 0.590680 0.028464 0.034561
53 0.207226 0.233135 0.201609 0.104170
53 0.896251 0.429573 0.157431 0.088237
53 0.811265 0.232121 0.150478 0.089320
53 0.206479 0.652422 0.201294 0.100778
53 0.094396 0.429760 0.155372 0.089394
54 0.528413 0.665097 0.058657 0.060583
52 0.496253 0.795630 0.134065 0.014276
53 0.178651 0.652366 0.146426 0.089560
28 0.362273 0.410287 0.060695 0.118710
53 0.183722 0.234553 0.156262 0.090155
