51 0.797775 0.510498 0.028426 0.035776
54 0.824046 0.597803 0.059156 0.037212
53 0.116012 0.436628 0.204759 0.101320
53 0.205467 0.661316 0.203422 0.104082
54 0.759553 0.598824 0.060125 0.038394
53 0.879156 0.436726 0.205230 0.098916
53 0.526475 0.752955 0.143412 0.087439
53 0.815547 0.237552 0.154191 0.089871
53 0.204575 0.238866 0.203064 0.099371
53 0.909771 0.437034 0.144528 0.090779
53 0.821171 0.661408 0.142192 0.087865
53 0.178583 0.239577 0.150542 0.091121
52 0.789037 0.718151 0.133524 0.015298
