54 0.827814 0.596421 0.059285 0.038266
54 0.761996 0.171660 0.062980 0.040400
54 0.827506 0.170960 0.059449 0.039739
54 0.916316 0.371807 0.060735 0.038987
54 0.762131 0.597283 0.062205 0.038648
54 0.236485 0.172781 0.060693 0.039957
54 0.851380 0.372171 0.060007 0.039687
54 0.147100 0.371497 0.060311 0.038627
54 0.171623 0.172755 0.059884 0.038471
54 0.467815 0.103842 0.058788 0.037680
54 0.236281 0.598055 0.060068 0.040730
54 0.082424 0.372006 0.060277 0.037944
53 0.822018 0.235618 0.145307 0.089307
54 0.171766 0.596539 0.060679 0.038034
54 0.532057 0.105177 0.059372 0.040440
53 0.179048 0.661929 0.152123 0.089013
53 0.472759 0.168907 0.148057 0.088221
51 0.544271 0.273711 0.028847 0.036393
53 0.115522 0.435522 0.204322 0.099614
53 0.204961 0.236239 0.205074 0.099064
53 0.528741 0.752576 0.146019 0.088639
52 0.500448 0.806753 0.138842 0.016835
53 0.793292 0.660193 0.205477 0.101739
53 0.883413 0.435029 0.206440 0.100164
53 0.822245 0.660947 0.145653 0.089250
53 0.176040 0.237135 0.145698 0.090208
53 0.914575 0.436174 0.141590 0.089880
