53 0.880837 0.430375 0.200977 0.099466
54 0.243969 0.589927 0.059323 0.039727
53 0.531153 0.740768 0.145577 0.084549
53 0.125392 0.429566 0.200484 0.098445
53 0.212745 0.233244 0.201437 0.100389
54 0.179164 0.588598 0.059405 0.036668
51 0.685734 0.590864 0.028196 0.035822
53 0.819028 0.232721 0.148707 0.089042
53 0.477713 0.165872 0.149962 0.091071
53 0.818636 0.652761 0.148330 0.087844
53 0.184580 0.652166 0.146538 0.089449
52 0.212758 0.707251 0.143872 0.015806
54 0.534599 0.664708 0.059304 0.059666
