54 0.822973 0.594997 0.059911 0.037787
51 0.305761 0.602285 0.028629 0.033431
54 0.913029 0.370333 0.060346 0.037696
54 0.236196 0.595361 0.059903 0.038780
54 0.758837 0.171429 0.060995 0.039453
53 0.526047 0.750097 0.144264 0.087794
54 0.823181 0.170609 0.060010 0.038739
54 0.758627 0.595790 0.059338 0.038218
54 0.848211 0.370789 0.060004 0.038623
54 0.146875 0.371199 0.059668 0.039221
54 0.081367 0.370753 0.060325 0.037973
54 0.171638 0.172745 0.059445 0.037672
54 0.171447 0.594823 0.059510 0.037423
53 0.176034 0.236078 0.147510 0.088646
54 0.235953 0.173415 0.059785 0.038287
53 0.817733 0.658863 0.147618 0.089079
53 0.498054 0.168330 0.204772 0.099945
53 0.204835 0.659216 0.204598 0.100273
53 0.819520 0.235110 0.144231 0.087906
53 0.086810 0.434896 0.148255 0.088535
53 0.790674 0.232815 0.203206 0.096214
53 0.178553 0.658639 0.151225 0.091451
53 0.473403 0.167431 0.155495 0.091223
53 0.879770 0.432335 0.205549 0.100945
53 0.910297 0.434262 0.143940 0.088387
