54 0.247176 0.589848 0.059482 0.039446
54 0.916887 0.366877 0.058498 0.036665
54 0.854008 0.367385 0.057659 0.037291
53 0.534848 0.740872 0.144187 0.086779
51 0.284861 0.320866 0.028562 0.036510
54 0.764247 0.589810 0.060322 0.039574
54 0.828027 0.588212 0.059467 0.036428
54 0.474216 0.102713 0.060604 0.038290
54 0.828642 0.169271 0.058028 0.037914
54 0.764558 0.169874 0.060778 0.039075
54 0.182638 0.588919 0.059701 0.037437
54 0.182632 0.170603 0.059735 0.037243
54 0.246967 0.170735 0.059503 0.039774
54 0.537969 0.103691 0.059201 0.039852
53 0.098733 0.430249 0.143635 0.089447
54 0.094618 0.367090 0.059899 0.036512
53 0.477057 0.166843 0.142316 0.088115
53 0.822302 0.232058 0.148124 0.090202
53 0.822700 0.652655 0.147517 0.087841
54 0.159586 0.367904 0.059524 0.039529
52 0.884687 0.485495 0.139029 0.014504
53 0.188184 0.234458 0.147079 0.090101
53 0.216637 0.651098 0.202416 0.102056
54 0.537636 0.664746 0.061120 0.059588
53 0.216702 0.232307 0.204976 0.096817
53 0.917986 0.429281 0.132004 0.087551
53 0.882599 0.430658 0.207041 0.098780
28 0.537932 0.664734 0.060778 0.059552
53 0.189021 0.652772 0.148799 0.090735
28 0.474350 0.665242 0.060292 0.061646
