54 0.833325 0.600935 0.058949 0.038184
51 0.406890 0.646712 0.028691 0.036092
54 0.767456 0.601641 0.060325 0.040620
54 0.922722 0.373378 0.059762 0.038715
53 0.117141 0.437951 0.206573 0.101650
53 0.208243 0.664548 0.205649 0.101501
54 0.858379 0.374309 0.060638 0.040678
53 0.828328 0.665315 0.148868 0.089304
53 0.479353 0.170315 0.155575 0.089135
53 0.532645 0.755563 0.147318 0.089885
53 0.192888 0.238350 0.174319 0.091977
52 0.890206 0.495716 0.144030 0.014423
53 0.922535 0.439325 0.141776 0.088307
53 0.825768 0.236279 0.153688 0.092300
53 0.798083 0.236308 0.209016 0.102176
28 0.502703 0.417918 0.061768 0.120322
