54 0.827111 0.596202 0.059046 0.038078
51 0.274351 0.325648 0.031191 0.037036
53 0.205978 0.237847 0.203642 0.101072
54 0.761617 0.597030 0.061765 0.039416
53 0.116388 0.432643 0.206272 0.102225
53 0.881089 0.434817 0.206827 0.099889
53 0.820515 0.659791 0.149271 0.089222
54 0.467527 0.103889 0.059074 0.037766
53 0.471538 0.168533 0.146095 0.087650
53 0.528858 0.752411 0.144241 0.084654
54 0.531196 0.105261 0.059439 0.040273
53 0.819558 0.235068 0.150320 0.090119
53 0.182329 0.661408 0.157606 0.091723
52 0.788604 0.716087 0.131924 0.014995
