54 0.819344 0.201217 0.059527 0.040824
54 0.147183 0.507008 0.060094 0.039392
54 0.916167 0.506839 0.060753 0.038268
54 0.851431 0.507282 0.059929 0.039252
54 0.114022 0.200024 0.060595 0.037528
54 0.467730 0.103850 0.058870 0.037588
54 0.883820 0.199687 0.060803 0.037522
54 0.082225 0.506817 0.060600 0.038303
54 0.179405 0.201539 0.060181 0.040023
51 0.403275 0.642599 0.029377 0.035471
54 0.531903 0.105160 0.059050 0.039985
53 0.879844 0.264394 0.145180 0.089157
53 0.913081 0.570385 0.146019 0.087725
53 0.528749 0.752727 0.145472 0.088144
53 0.120799 0.264159 0.152580 0.089380
53 0.472339 0.167919 0.149478 0.089202
53 0.115544 0.571130 0.205662 0.099767
53 0.087493 0.570600 0.149122 0.089786
52 0.497090 0.225372 0.135792 0.014744
