53 0.880884 0.430529 0.201266 0.099568
54 0.155987 0.367178 0.058155 0.038724
53 0.531772 0.741398 0.144096 0.083754
54 0.243754 0.589326 0.059480 0.038521
54 0.825385 0.169087 0.059234 0.037682
54 0.761776 0.169844 0.060233 0.039520
54 0.092093 0.366796 0.058765 0.036869
53 0.095392 0.429180 0.146204 0.088408
54 0.179415 0.589033 0.059437 0.037281
54 0.470943 0.102898 0.059349 0.038252
54 0.534429 0.104049 0.059019 0.040354
53 0.474159 0.167539 0.142861 0.089400
53 0.819572 0.652770 0.146226 0.088409
53 0.821099 0.232967 0.144315 0.087394
53 0.792720 0.230668 0.203369 0.096690
53 0.212462 0.652252 0.202986 0.099157
54 0.471030 0.666189 0.061110 0.061658
