51 0.202106 0.488229 0.029866 0.036623
54 0.146855 0.506420 0.060066 0.039703
54 0.818664 0.201171 0.059857 0.040365
54 0.113925 0.199739 0.060439 0.037357
54 0.531869 0.105216 0.059373 0.040234
54 0.467435 0.103837 0.059244 0.037578
54 0.883381 0.199538 0.060910 0.037320
54 0.082112 0.506327 0.060489 0.038464
54 0.179257 0.201486 0.060370 0.040309
53 0.909561 0.570340 0.150567 0.088566
53 0.472721 0.168635 0.148090 0.087977
53 0.528680 0.752064 0.145200 0.088670
53 0.088512 0.570171 0.150454 0.087994
53 0.120636 0.263930 0.152300 0.090050
53 0.878698 0.263970 0.146997 0.089930
52 0.829455 0.321545 0.095793 0.015003
