54 0.833242 0.601072 0.059150 0.038530
54 0.239794 0.601596 0.061202 0.040493
54 0.240094 0.174618 0.060298 0.041699
54 0.083386 0.373528 0.061446 0.039128
54 0.767654 0.601518 0.060651 0.040394
54 0.767684 0.172690 0.061723 0.040007
54 0.832622 0.172238 0.059514 0.038655
54 0.175048 0.173494 0.061724 0.038079
54 0.471088 0.103992 0.060535 0.038471
54 0.536366 0.105029 0.061366 0.040709
54 0.149280 0.374693 0.060563 0.041400
54 0.174353 0.601017 0.061415 0.038148
54 0.858444 0.374318 0.060809 0.041077
51 0.406706 0.646329 0.028985 0.035510
53 0.178399 0.237825 0.149683 0.087612
54 0.922692 0.373405 0.059732 0.039100
53 0.827820 0.237268 0.149011 0.089736
53 0.179180 0.666074 0.149920 0.091331
53 0.475435 0.168818 0.149040 0.089544
53 0.088629 0.439038 0.149505 0.089093
53 0.919558 0.438667 0.145272 0.088950
53 0.533534 0.756388 0.146694 0.089371
53 0.799144 0.665695 0.206310 0.099895
53 0.827144 0.665871 0.151539 0.093059
52 0.504119 0.226806 0.143839 0.017817
54 0.535290 0.678627 0.060796 0.060518
