54 0.822970 0.595013 0.060016 0.037955
53 0.204914 0.236744 0.202758 0.100787
51 0.797077 0.507827 0.029186 0.035391
54 0.146971 0.370882 0.059549 0.038728
54 0.758411 0.595397 0.059952 0.038087
53 0.526479 0.750046 0.143649 0.083937
54 0.081318 0.370246 0.060332 0.036885
53 0.817886 0.658180 0.146600 0.089332
53 0.905760 0.433673 0.150183 0.089009
53 0.472891 0.166940 0.152292 0.089361
53 0.086184 0.434530 0.147485 0.088955
53 0.817069 0.234432 0.150089 0.089421
53 0.180673 0.659705 0.154982 0.092419
52 0.114652 0.490902 0.140244 0.017285
