51 0.203493 0.488309 0.029872 0.036434
54 0.148120 0.506567 0.060616 0.039683
54 0.114826 0.199617 0.060416 0.037199
53 0.910165 0.570343 0.150036 0.087832
54 0.180553 0.201227 0.060880 0.039612
54 0.468117 0.103787 0.058935 0.037674
54 0.532792 0.104961 0.059711 0.039897
53 0.850778 0.263430 0.206969 0.101483
54 0.083076 0.506419 0.060506 0.038436
53 0.471823 0.168842 0.144357 0.088454
53 0.120528 0.263809 0.148990 0.089123
53 0.529755 0.752271 0.146134 0.087457
53 0.116763 0.572016 0.205748 0.100257
53 0.091733 0.571505 0.156615 0.091238
52 0.112880 0.626364 0.141807 0.015745
