53 0.532221 0.741084 0.143267 0.083735
53 0.124318 0.429669 0.201489 0.098919
53 0.212641 0.652202 0.202388 0.101335
51 0.408013 0.633021 0.029135 0.035031
54 0.470940 0.102856 0.059298 0.038209
53 0.818777 0.232457 0.149381 0.088841
54 0.534467 0.103975 0.059034 0.040265
53 0.906794 0.430294 0.149051 0.086623
53 0.475962 0.166030 0.146504 0.089575
53 0.187618 0.233154 0.150684 0.089677
53 0.793280 0.651689 0.201125 0.099722
53 0.820457 0.651957 0.144986 0.092482
53 0.213517 0.232195 0.203373 0.096696
