51 0.202104 0.488227 0.029868 0.036637
54 0.146850 0.506414 0.060073 0.039709
54 0.915780 0.506169 0.060611 0.038209
54 0.818666 0.201283 0.059857 0.040534
54 0.850904 0.506797 0.060673 0.039398
54 0.113928 0.199746 0.060439 0.037344
54 0.467461 0.103810 0.058933 0.037572
54 0.082113 0.506337 0.060493 0.038471
54 0.883359 0.199580 0.060867 0.037339
54 0.531622 0.105110 0.059399 0.040094
54 0.179261 0.201478 0.060376 0.040300
53 0.472588 0.168344 0.147690 0.088819
53 0.912071 0.570327 0.147277 0.088675
53 0.528638 0.752197 0.145569 0.088842
53 0.087847 0.570508 0.149107 0.088583
53 0.120703 0.263679 0.152681 0.089559
53 0.879175 0.264397 0.147504 0.090399
52 0.850662 0.321611 0.143848 0.015951
