51 0.761594 0.334749 0.029527 0.036300
54 0.833261 0.601131 0.059079 0.038508
54 0.240195 0.174550 0.060158 0.041656
54 0.536418 0.105279 0.061440 0.041588
54 0.175065 0.173451 0.061637 0.038128
54 0.767605 0.601706 0.060716 0.040421
54 0.832603 0.172133 0.059567 0.038622
54 0.767765 0.172504 0.061517 0.039493
54 0.471041 0.103910 0.060563 0.038465
53 0.476442 0.169637 0.149823 0.088521
53 0.178558 0.238259 0.149729 0.088738
53 0.916964 0.437851 0.148187 0.089579
53 0.207353 0.664488 0.203119 0.099667
53 0.829455 0.664923 0.147276 0.088616
53 0.827660 0.237076 0.149032 0.089948
53 0.532890 0.755486 0.147284 0.090091
53 0.091279 0.437446 0.154730 0.089749
52 0.802641 0.721324 0.146646 0.016163
