54 0.148095 0.506627 0.060903 0.039844
54 0.916629 0.506356 0.060834 0.038412
54 0.819648 0.200403 0.059677 0.039457
54 0.852089 0.506997 0.059385 0.039260
54 0.884207 0.199479 0.060659 0.037592
51 0.741907 0.589623 0.028480 0.036203
54 0.468175 0.103810 0.058696 0.037616
54 0.083080 0.506325 0.060710 0.038458
53 0.913609 0.570574 0.146069 0.088407
54 0.532362 0.105137 0.059642 0.039993
53 0.473248 0.167751 0.150121 0.090612
53 0.125929 0.264776 0.160683 0.093273
53 0.529587 0.752546 0.146565 0.087573
53 0.116346 0.570977 0.205342 0.100069
53 0.879531 0.264118 0.146352 0.089778
53 0.854755 0.262969 0.195815 0.096182
53 0.090118 0.570943 0.152369 0.090937
