53 0.881306 0.430233 0.201312 0.099764
54 0.761482 0.589955 0.059943 0.039435
51 0.755129 0.329509 0.028410 0.036073
53 0.532002 0.740814 0.143521 0.084244
53 0.124396 0.429400 0.201864 0.098947
53 0.504168 0.167393 0.201098 0.099994
54 0.825189 0.588346 0.059862 0.036818
54 0.825437 0.169054 0.059092 0.037621
54 0.244158 0.171474 0.060674 0.039234
54 0.243648 0.589413 0.059169 0.038930
54 0.179596 0.589018 0.059650 0.037315
54 0.761679 0.169800 0.060109 0.039529
54 0.180037 0.169935 0.058396 0.038036
53 0.212382 0.654018 0.202176 0.101802
53 0.819459 0.651930 0.147850 0.087695
53 0.182872 0.233694 0.143372 0.087585
53 0.820864 0.232937 0.144711 0.087429
53 0.792442 0.231201 0.203933 0.097391
