54 0.756930 0.588097 0.059059 0.039819
54 0.468670 0.104298 0.057599 0.036115
53 0.530586 0.739107 0.140470 0.085449
54 0.532705 0.105165 0.057977 0.037646
54 0.757471 0.170388 0.059269 0.038829
54 0.821650 0.169273 0.059159 0.037971
54 0.909150 0.366533 0.059060 0.037303
54 0.242502 0.587490 0.059116 0.038665
51 0.406342 0.631163 0.029227 0.035025
54 0.821596 0.586219 0.060003 0.037235
54 0.845467 0.366862 0.059120 0.037349
54 0.155776 0.366352 0.059326 0.037707
54 0.179960 0.170807 0.058000 0.038407
54 0.092208 0.366394 0.058630 0.035906
54 0.242734 0.171832 0.059055 0.038482
54 0.178958 0.586428 0.058935 0.037276
53 0.125913 0.429284 0.198306 0.098401
53 0.816599 0.233287 0.142683 0.087359
53 0.472944 0.167051 0.142929 0.088169
53 0.817718 0.650712 0.141342 0.087650
53 0.903236 0.428053 0.145656 0.088117
53 0.185587 0.235364 0.147463 0.091671
53 0.209839 0.233616 0.198462 0.097926
53 0.213292 0.649786 0.202828 0.103961
53 0.185151 0.650958 0.145506 0.090703
53 0.097461 0.428802 0.145613 0.086883
