53 0.205931 0.237358 0.203234 0.100536
54 0.147023 0.372313 0.060067 0.039563
53 0.881618 0.435107 0.206604 0.098276
51 0.403152 0.642944 0.029623 0.035464
54 0.082376 0.371941 0.060323 0.037683
53 0.820003 0.661228 0.149401 0.090223
53 0.820174 0.235078 0.149791 0.090130
53 0.528916 0.752671 0.144928 0.087588
52 0.094695 0.492252 0.099846 0.014539
53 0.086176 0.436082 0.146942 0.089178
53 0.180941 0.661528 0.154178 0.091840
53 0.472357 0.167828 0.148565 0.091266
53 0.500064 0.166956 0.204843 0.100418
53 0.585861 0.165941 0.034390 0.086307
